
Original matrix A = 
[[cMatrix]]
| 4 | 2 | 6 | 9 | 7 | 5 | 4 | 3 | 7 | 7 | 8 | 7 | 3 | 1 | 2 | 
| 8 | 5 | 2 | 2 | 6 | 8 | 1 | 0 | 7 | 0 | 0 | 9 | 3 | 5 | 3 | 
| 5 | 1 | 5 | 3 | 9 | 5 | 3 | 3 | 5 | 7 | 9 | 0 | 2 | 2 | 5 | 

Transformed matrix B = 
[[cMatrix]]
| 0.66583 | 0.65156 | 3.5719 | 7.01391 | 2.48322 | 1.59376 | 2.54932 | 1.79643 | 3.62465 | 4.19166 | 4.46135 | 4.92016 | 1.60044 | -0.60548 | -0.31484 | 
| 1.72979 | 2.61825 | -2.74738 | -1.69447 | -2.81401 | 1.61632 | -1.83549 | -2.43039 | 0.68101 | -5.67091 | -7.1777 | 5.58105 | 0.39138 | 2.03507 | -1.58513 | 
| 10.0779 | 4.76657 | 6.68532 | 6.47564 | 12.3254 | 10.433 | 4.01646 | 2.97759 | 10.4594 | 6.94771 | 8.5777 | 8.63967 | 4.39152 | 5.04895 | 5.9488 | 
===========================QR SECTION==========================
Vector x at 0 iter: 

Vector contents:
| 4989.61 |
| -6242.87 |
| 2769.56 |
Alpha 8458.14 at 0 iter: 

Vector u at 0 iter: 

Vector contents:
| 13447.8 |
| -6242.87 |
| 2769.56 |
Vector v at 0 iter: 

Vector contents:
| 0.891605 |
| -0.413911 |
| 0.183625 |
Q_tmp at 0 iter: 

[[cMatrix]]
| -0.589919 | 0.73809 | -0.327443 | 
| 0.73809 | 0.657355 | 0.152009 | 
| -0.327443 | 0.152009 | 0.932563 | 
Q_heap(0)

[[cMatrix]]
| -0.589919 | 0.73809 | -0.327443 | 
| 0.73809 | 0.657355 | 0.152009 | 
| -0.327443 | 0.152009 | 0.932563 | 
===========================QR SECTION==========================
Vector x at 1 iter: 

Vector contents:
| 11682.3 |
| 6830.55 |
Alpha 13532.6 at 1 iter: 

Vector u at 1 iter: 

Vector contents:
| 25214.9 |
| 6830.55 |
Vector v at 1 iter: 

Vector contents:
| 0.965212 |
| 0.26147 |
Q_tmp at 1 iter: 

[[cMatrix]]
| -0.863267 | -0.504747 | 
| -0.504747 | 0.863267 | 
Q_heap(1)

[[cMatrix]]
| 1 | 0 | 0 | 
| 0 | -0.863267 | -0.504747 | 
| 0 | -0.504747 | 0.863267 | 
===========================QR SECTION==========================
Vector x at 0 iter: 

Vector contents:
| 22347.7 |
| -6936.95 |
| -2215.52 |
Alpha 23504.2 at 0 iter: 

Vector u at 0 iter: 

Vector contents:
| 45851.9 |
| -6936.95 |
| -2215.52 |
Vector v at 0 iter: 

Vector contents:
| 0.987622 |
| -0.149418 |
| -0.0477211 |
Q_tmp at 0 iter: 

[[cMatrix]]
| -0.950794 | 0.295137 | 0.0942607 | 
| 0.295137 | 0.955349 | -0.0142608 | 
| 0.0942607 | -0.0142608 | 0.995445 | 
Q_heap(0)

[[cMatrix]]
| -0.950794 | 0.295137 | 0.0942607 | 
| 0.295137 | 0.955349 | -0.0142608 | 
| 0.0942607 | -0.0142608 | 0.995445 | 
===========================QR SECTION==========================
Vector x at 1 iter: 

Vector contents:
| 11698 |
| -4912.41 |
Alpha 12687.6 at 1 iter: 

Vector u at 1 iter: 

Vector contents:
| 24385.5 |
| -4912.41 |
Vector v at 1 iter: 

Vector contents:
| 0.980307 |
| -0.197481 |
Q_tmp at 1 iter: 

[[cMatrix]]
| -0.922003 | 0.387184 | 
| 0.387184 | 0.922003 | 
Q_heap(1)

[[cMatrix]]
| 1 | 0 | 0 | 
| 0 | -0.922003 | 0.387184 | 
| 0 | 0.387184 | 0.922003 | 
===========================QR SECTION==========================
Vector x at 0 iter: 

Vector contents:
| 25558 |
| -3169.94 |
| 244.797 |
Alpha 25755 at 0 iter: 

Vector u at 0 iter: 

Vector contents:
| 51312.9 |
| -3169.94 |
| 244.797 |
Vector v at 0 iter: 

Vector contents:
| 0.998086 |
| -0.0616584 |
| 0.00476153 |
Q_tmp at 0 iter: 

[[cMatrix]]
| -0.992351 | 0.123081 | -0.00950483 | 
| 0.123081 | 0.992396 | 0.000587177 | 
| -0.00950483 | 0.000587177 | 0.999955 | 
Q_heap(0)

[[cMatrix]]
| -0.992351 | 0.123081 | -0.00950483 | 
| 0.123081 | 0.992396 | 0.000587177 | 
| -0.00950483 | 0.000587177 | 0.999955 | 
===========================QR SECTION==========================
Vector x at 1 iter: 

Vector contents:
| 13181.9 |
| 1073.2 |
Alpha 13225.5 at 1 iter: 

Vector u at 1 iter: 

Vector contents:
| 26407.3 |
| 1073.2 |
Vector v at 1 iter: 

Vector contents:
| 0.999175 |
| 0.0406067 |
Q_tmp at 1 iter: 

[[cMatrix]]
| -0.996702 | -0.0811465 | 
| -0.0811465 | 0.996702 | 
Q_heap(1)

[[cMatrix]]
| 1 | 0 | 0 | 
| 0 | -0.996702 | -0.0811465 | 
| 0 | -0.0811465 | 0.996702 | 
===========================QR SECTION==========================
Vector x at 0 iter: 

Vector contents:
| 26152.4 |
| -1615.95 |
| -21.6108 |
Alpha 26202.3 at 0 iter: 

Vector u at 0 iter: 

Vector contents:
| 52354.7 |
| -1615.95 |
| -21.6108 |
Vector v at 0 iter: 

Vector contents:
| 0.999524 |
| -0.0308507 |
| -0.00041258 |
Q_tmp at 0 iter: 

[[cMatrix]]
| -0.998096 | 0.0616719 | 0.000824767 | 
| 0.0616719 | 0.998096 | -2.54567e-05 | 
| 0.000824767 | -2.54567e-05 | 1 | 
Q_heap(0)

[[cMatrix]]
| -0.998096 | 0.0616719 | 0.000824767 | 
| 0.0616719 | 0.998096 | -2.54567e-05 | 
| 0.000824767 | -2.54567e-05 | 1 | 
===========================QR SECTION==========================
Vector x at 1 iter: 

Vector contents:
| 13059.5 |
| -187.49 |
Alpha 13060.8 at 1 iter: 

Vector u at 1 iter: 

Vector contents:
| 26120.2 |
| -187.49 |
Vector v at 1 iter: 

Vector contents:
| 0.999974 |
| -0.00717779 |
Q_tmp at 1 iter: 

[[cMatrix]]
| -0.999897 | 0.0143552 | 
| 0.0143552 | 0.999897 | 
Q_heap(1)

[[cMatrix]]
| 1 | 0 | 0 | 
| 0 | -0.999897 | 0.0143552 | 
| 0 | 0.0143552 | 0.999897 | 
===========================QR SECTION==========================
Vector x at 0 iter: 

Vector contents:
| 26302 |
| -805.304 |
| 1.86647 |
Alpha 26314.3 at 0 iter: 

Vector u at 0 iter: 

Vector contents:
| 52616.4 |
| -805.304 |
| 1.86647 |
Vector v at 0 iter: 

Vector contents:
| 0.999883 |
| -0.0153034 |
| 3.5469e-05 |
Q_tmp at 0 iter: 

[[cMatrix]]
| -0.999532 | 0.0306032 | -7.09296e-05 | 
| 0.0306032 | 0.999532 | 1.08559e-06 | 
| -7.09296e-05 | 1.08559e-06 | 1 | 
Q_heap(0)

[[cMatrix]]
| -0.999532 | 0.0306032 | -7.09296e-05 | 
| 0.0306032 | 0.999532 | 1.08559e-06 | 
| -7.09296e-05 | 1.08559e-06 | 1 | 
===========================QR SECTION==========================
Vector x at 1 iter: 

Vector contents:
| 13007 |
| 32.615 |
Alpha 13007 at 1 iter: 

Vector u at 1 iter: 

Vector contents:
| 26014 |
| 32.615 |
Vector v at 1 iter: 

Vector contents:
| 0.999999 |
| 0.00125375 |
Q_tmp at 1 iter: 

[[cMatrix]]
| -0.999997 | -0.00250749 | 
| -0.00250749 | 0.999997 | 
Q_heap(1)

[[cMatrix]]
| 1 | 0 | 0 | 
| 0 | -0.999997 | -0.00250749 | 
| 0 | -0.00250749 | 0.999997 | 
===========================QR SECTION==========================
Vector x at 0 iter: 

Vector contents:
| 26338.9 |
| -398.055 |
| -0.160492 |
Alpha 26341.9 at 0 iter: 

Vector u at 0 iter: 

Vector contents:
| 52680.7 |
| -398.055 |
| -0.160492 |
Vector v at 0 iter: 

Vector contents:
| 0.999971 |
| -0.00755577 |
| -3.04642e-06 |
Q_tmp at 0 iter: 

[[cMatrix]]
| -0.999886 | 0.0151111 | 6.09267e-06 | 
| 0.0151111 | 0.999886 | -4.60361e-08 | 
| 6.09267e-06 | -4.60361e-08 | 1 | 
Q_heap(0)

[[cMatrix]]
| -0.999886 | 0.0151111 | 6.09267e-06 | 
| 0.0151111 | 0.999886 | -4.60361e-08 | 
| 6.09267e-06 | -4.60361e-08 | 1 | 
===========================QR SECTION==========================
Vector x at 1 iter: 

Vector contents:
| 12993.5 |
| -5.67918 |
Alpha 12993.5 at 1 iter: 

Vector u at 1 iter: 

Vector contents:
| 25987 |
| -5.67918 |
Vector v at 1 iter: 

Vector contents:
| 1 |
| -0.000218539 |
Q_tmp at 1 iter: 

[[cMatrix]]
| -1 | 0.000437078 | 
| 0.000437078 | 1 | 
Q_heap(1)

[[cMatrix]]
| 1 | 0 | 0 | 
| 0 | -1 | 0.000437078 | 
| 0 | 0.000437078 | 1 | 
===========================QR SECTION==========================
Vector x at 0 iter: 

Vector contents:
| 26347.8 |
| -196.346 |
| 0.0137858 |
Alpha 26348.6 at 0 iter: 

Vector u at 0 iter: 

Vector contents:
| 52696.4 |
| -196.346 |
| 0.0137858 |
Vector v at 0 iter: 

Vector contents:
| 0.999993 |
| -0.00372596 |
| 2.61607e-07 |
Q_tmp at 0 iter: 

[[cMatrix]]
| -0.999972 | 0.00745187 | -5.2321e-07 | 
| 0.00745187 | 0.999972 | 1.94947e-09 | 
| -5.2321e-07 | 1.94947e-09 | 1 | 
Q_heap(0)

[[cMatrix]]
| -0.999972 | 0.00745187 | -5.2321e-07 | 
| 0.00745187 | 0.999972 | 1.94947e-09 | 
| -5.2321e-07 | 1.94947e-09 | 1 | 
===========================QR SECTION==========================
Vector x at 1 iter: 

Vector contents:
| 12990.2 |
| 0.989204 |
Alpha 12990.2 at 1 iter: 

Vector u at 1 iter: 

Vector contents:
| 25980.4 |
| 0.989204 |
Vector v at 1 iter: 

Vector contents:
| 1 |
| 3.8075e-05 |
Q_tmp at 1 iter: 

[[cMatrix]]
| -1 | -7.61501e-05 | 
| -7.61501e-05 | 1 | 
Q_heap(1)

[[cMatrix]]
| 1 | 0 | 0 | 
| 0 | -1 | -7.61501e-05 | 
| 0 | -7.61501e-05 | 1 | 
===========================QR SECTION==========================
Vector x at 0 iter: 

Vector contents:
| 26350 |
| -96.8012 |
| -0.00118386 |
Alpha 26350.2 at 0 iter: 

Vector u at 0 iter: 

Vector contents:
| 52700.2 |
| -96.8012 |
| -0.00118386 |
Vector v at 0 iter: 

Vector contents:
| 0.999998 |
| -0.00183682 |
| -2.2464e-08 |
Q_tmp at 0 iter: 

[[cMatrix]]
| -0.999993 | 0.00367364 | 4.4928e-08 | 
| 0.00367364 | 0.999993 | -8.25249e-11 | 
| 4.4928e-08 | -8.25249e-11 | 1 | 
Q_heap(0)

[[cMatrix]]
| -0.999993 | 0.00367364 | 4.4928e-08 | 
| 0.00367364 | 0.999993 | -8.25249e-11 | 
| 4.4928e-08 | -8.25249e-11 | 1 | 
===========================QR SECTION==========================
Vector x at 1 iter: 

Vector contents:
| 12989.4 |
| -0.172314 |
Alpha 12989.4 at 1 iter: 

Vector u at 1 iter: 

Vector contents:
| 25978.8 |
| -0.172314 |
Vector v at 1 iter: 

Vector contents:
| 1 |
| -6.63286e-06 |
Q_tmp at 1 iter: 

[[cMatrix]]
| -1 | 1.32657e-05 | 
| 1.32657e-05 | 1 | 
Q_heap(1)

[[cMatrix]]
| 1 | 0 | 0 | 
| 0 | -1 | 1.32657e-05 | 
| 0 | 1.32657e-05 | 1 | 
===========================QR SECTION==========================
Vector x at 0 iter: 

Vector contents:
| 26350.6 |
| -47.7184 |
| 0.000101658 |
Alpha 26350.6 at 0 iter: 

Vector u at 0 iter: 

Vector contents:
| 52701.2 |
| -47.7184 |
| 0.000101658 |
Vector v at 0 iter: 

Vector contents:
| 1 |
| -0.000905452 |
| 1.92895e-09 |
Q_tmp at 0 iter: 

[[cMatrix]]
| -0.999998 | 0.0018109 | -3.8579e-09 | 
| 0.0018109 | 0.999998 | 3.49315e-12 | 
| -3.8579e-09 | 3.49315e-12 | 1 | 
Q_heap(0)

[[cMatrix]]
| -0.999998 | 0.0018109 | -3.8579e-09 | 
| 0.0018109 | 0.999998 | 3.49315e-12 | 
| -3.8579e-09 | 3.49315e-12 | 1 | 
===========================QR SECTION==========================
Vector x at 1 iter: 

Vector contents:
| 12989.2 |
| 0.0300166 |
Alpha 12989.2 at 1 iter: 

Vector u at 1 iter: 

Vector contents:
| 25978.4 |
| 0.0300166 |
Vector v at 1 iter: 

Vector contents:
| 1 |
| 1.15545e-06 |
Q_tmp at 1 iter: 

[[cMatrix]]
| -1 | -2.31089e-06 | 
| -2.31089e-06 | 1 | 
Q_heap(1)

[[cMatrix]]
| 1 | 0 | 0 | 
| 0 | -1 | -2.31089e-06 | 
| 0 | -2.31089e-06 | 1 | 
===========================QR SECTION==========================
Vector x at 0 iter: 

Vector contents:
| 26350.7 |
| -23.5222 |
| -8.72923e-06 |
Alpha 26350.7 at 0 iter: 

Vector u at 0 iter: 

Vector contents:
| 52701.4 |
| -23.5222 |
| -8.72923e-06 |
Vector v at 0 iter: 

Vector contents:
| 1 |
| -0.000446329 |
| -1.65636e-10 |
Q_tmp at 0 iter: 

[[cMatrix]]
| -1 | 0.000892659 | 3.31271e-10 | 
| 0.000892659 | 1 | -1.47856e-13 | 
| 3.31271e-10 | -1.47856e-13 | 1 | 
Q_heap(0)

[[cMatrix]]
| -1 | 0.000892659 | 3.31271e-10 | 
| 0.000892659 | 1 | -1.47856e-13 | 
| 3.31271e-10 | -1.47856e-13 | 1 | 
===========================QR SECTION==========================
Vector x at 1 iter: 

Vector contents:
| 12989.2 |
| -0.00522885 |
Alpha 12989.2 at 1 iter: 

Vector u at 1 iter: 

Vector contents:
| 25978.3 |
| -0.00522885 |
Vector v at 1 iter: 

Vector contents:
| 1 |
| -2.01278e-07 |
Q_tmp at 1 iter: 

[[cMatrix]]
| -1 | 4.02555e-07 | 
| 4.02555e-07 | 1 | 
Q_heap(1)

[[cMatrix]]
| 1 | 0 | 0 | 
| 0 | -1 | 4.02555e-07 | 
| 0 | 4.02555e-07 | 1 | 
===========================QR SECTION==========================
Vector x at 0 iter: 

Vector contents:
| 26350.7 |
| -11.5949 |
| 7.49564e-07 |
Alpha 26350.7 at 0 iter: 

Vector u at 0 iter: 

Vector contents:
| 52701.4 |
| -11.5949 |
| 7.49564e-07 |
Vector v at 0 iter: 

Vector contents:
| 1 |
| -0.000220011 |
| 1.42228e-11 |
Q_tmp at 0 iter: 

[[cMatrix]]
| -1 | 0.000440021 | -2.84457e-11 | 
| 0.000440021 | 1 | 6.25835e-15 | 
| -2.84457e-11 | 6.25835e-15 | 1 | 
Q_heap(0)

[[cMatrix]]
| -1 | 0.000440021 | -2.84457e-11 | 
| 0.000440021 | 1 | 6.25835e-15 | 
| -2.84457e-11 | 6.25835e-15 | 1 | 
===========================QR SECTION==========================
Vector x at 1 iter: 

Vector contents:
| 12989.1 |
| 0.000910858 |
Alpha 12989.1 at 1 iter: 

Vector u at 1 iter: 

Vector contents:
| 25978.3 |
| 0.000910858 |
Vector v at 1 iter: 

Vector contents:
| 1 |
| 3.50623e-08 |
Q_tmp at 1 iter: 

[[cMatrix]]
| -1 | -7.01246e-08 | 
| -7.01246e-08 | 1 | 
Q_heap(1)

[[cMatrix]]
| 1 | 0 | 0 | 
| 0 | -1 | -7.01246e-08 | 
| 0 | -7.01246e-08 | 1 | 
===========================QR SECTION==========================
Vector x at 0 iter: 

Vector contents:
| 26350.7 |
| -5.7155 |
| -6.43637e-08 |
Alpha 26350.7 at 0 iter: 

Vector u at 0 iter: 

Vector contents:
| 52701.5 |
| -5.7155 |
| -6.43637e-08 |
Vector v at 0 iter: 

Vector contents:
| 1 |
| -0.000108451 |
| -1.22129e-12 |
Q_tmp at 0 iter: 

[[cMatrix]]
| -1 | 0.000216901 | 2.44258e-12 | 
| 0.000216901 | 1 | -2.64899e-16 | 
| 2.44258e-12 | -2.64899e-16 | 1 | 
Q_heap(0)

[[cMatrix]]
| -1 | 0.000216901 | 2.44258e-12 | 
| 0.000216901 | 1 | -2.64899e-16 | 
| 2.44258e-12 | -2.64899e-16 | 1 | 
===========================QR SECTION==========================
Vector x at 1 iter: 

Vector contents:
| 12989.1 |
| -0.00015867 |
Alpha 12989.1 at 1 iter: 

Vector u at 1 iter: 

Vector contents:
| 25978.3 |
| -0.00015867 |
Vector v at 1 iter: 

Vector contents:
| 1 |
| -6.1078e-09 |
Q_tmp at 1 iter: 

[[cMatrix]]
| -1 | 1.22156e-08 | 
| 1.22156e-08 | 1 | 
Q_heap(1)

[[cMatrix]]
| 1 | 0 | 0 | 
| 0 | -1 | 1.22156e-08 | 
| 0 | 1.22156e-08 | 1 | 
===========================QR SECTION==========================
Vector x at 0 iter: 

Vector contents:
| 26350.7 |
| -2.81736 |
| 5.5268e-09 |
Alpha 26350.7 at 0 iter: 

Vector u at 0 iter: 

Vector contents:
| 52701.5 |
| -2.81736 |
| 5.5268e-09 |
Vector v at 0 iter: 

Vector contents:
| 1 |
| -5.34588e-05 |
| 1.0487e-13 |
Q_tmp at 0 iter: 

[[cMatrix]]
| -1 | 0.000106918 | -2.0974e-13 | 
| 0.000106918 | 1 | 1.12124e-17 | 
| -2.0974e-13 | 1.12124e-17 | 1 | 
Q_heap(0)

[[cMatrix]]
| -1 | 0.000106918 | -2.0974e-13 | 
| 0.000106918 | 1 | 1.12124e-17 | 
| -2.0974e-13 | 1.12124e-17 | 1 | 
===========================QR SECTION==========================
Vector x at 1 iter: 

Vector contents:
| 12989.1 |
| 2.76401e-05 |
Alpha 12989.1 at 1 iter: 

Vector u at 1 iter: 

Vector contents:
| 25978.3 |
| 2.76401e-05 |
Vector v at 1 iter: 

Vector contents:
| 1 |
| 1.06397e-09 |
Q_tmp at 1 iter: 

[[cMatrix]]
| -1 | -2.12794e-09 | 
| -2.12794e-09 | 1 | 
Q_heap(1)

[[cMatrix]]
| 1 | 0 | 0 | 
| 0 | -1 | -2.12794e-09 | 
| 0 | -2.12794e-09 | 1 | 
===========================QR SECTION==========================
Vector x at 0 iter: 

Vector contents:
| 26350.7 |
| -1.38877 |
| -4.74576e-10 |
Alpha 26350.7 at 0 iter: 

Vector u at 0 iter: 

Vector contents:
| 52701.5 |
| -1.38877 |
| -4.74576e-10 |
Vector v at 0 iter: 

Vector contents:
| 1 |
| -2.63516e-05 |
| -9.00499e-15 |
Q_tmp at 0 iter: 

[[cMatrix]]
| -1 | 5.27032e-05 | 1.801e-14 | 
| 5.27032e-05 | 1 | -4.74592e-19 | 
| 1.801e-14 | -4.74592e-19 | 1 | 
Q_heap(0)

[[cMatrix]]
| -1 | 5.27032e-05 | 1.801e-14 | 
| 5.27032e-05 | 1 | -4.74592e-19 | 
| 1.801e-14 | -4.74592e-19 | 1 | 
===========================QR SECTION==========================
Vector x at 1 iter: 

Vector contents:
| 12989.1 |
| -4.81487e-06 |
Alpha 12989.1 at 1 iter: 

Vector u at 1 iter: 

Vector contents:
| 25978.3 |
| -4.81487e-06 |
Vector v at 1 iter: 

Vector contents:
| 1 |
| -1.85342e-10 |
Q_tmp at 1 iter: 

[[cMatrix]]
| -1 | 3.70684e-10 | 
| 3.70684e-10 | 1 | 
Q_heap(1)

[[cMatrix]]
| 1 | 0 | 0 | 
| 0 | -1 | 3.70684e-10 | 
| 0 | 3.70684e-10 | 1 | 
===========================EIGEN SECTION==========================
Eigenvalue matrix after 13 iterations of the QR algorithm
[[cMatrix]]
| 26350.7 | -1.38877 | -4.74576e-10 | 
| -1.38877 | 12989.1 | -4.81487e-06 | 
| -4.74576e-10 | -4.81487e-06 | 2262.69 | 
Eigenvector matrix Q_0:
[[cMatrix]]
| -0.589919 | -0.471893 | -0.65522 | 
| 0.73809 | -0.644199 | -0.200574 | 
| -0.327443 | -0.601933 | 0.728325 | 
Eigenvector matrix after multiplying by Q_1:
[[cMatrix]]
| 0.359857 | 0.296112 | -0.884772 | 
| -0.910805 | 0.317138 | -0.264306 | 
| 0.20233 | 0.900967 | 0.383825 | 
Eigenvector matrix Q_1
[[cMatrix]]
| -0.950794 | -0.23562 | 0.201181 | 
| 0.295137 | -0.886356 | 0.356747 | 
| 0.0942607 | 0.398569 | 0.912282 | 
Number of iterations: 13
Eigenvector matrix after multiplying by Q_2:
[[cMatrix]]
| -0.312249 | -0.264463 | -0.912447 | 
| 0.945384 | -0.181072 | -0.271038 | 
| -0.0935393 | -0.947244 | 0.306559 | 
Eigenvector matrix Q_2
[[cMatrix]]
| -0.992351 | -0.121904 | -0.0194611 | 
| 0.123081 | -0.989171 | -0.0799443 | 
| -0.00950483 | -0.0817281 | 0.996609 | 
Number of iterations: 13
Eigenvector matrix after multiplying by Q_3:
[[cMatrix]]
| 0.294592 | 0.270062 | -0.916669 | 
| -0.954975 | 0.118525 | -0.271983 | 
| 0.0351957 | 0.95552 | 0.292819 | 
Eigenvector matrix Q_3
[[cMatrix]]
| -0.998096 | -0.0616537 | 0.00170999 | 
| 0.0616719 | -0.997994 | 0.0143024 | 
| 0.000824767 | 0.0143807 | 0.999896 | 
Number of iterations: 13
Eigenvector matrix after multiplying by Q_4:
[[cMatrix]]
| -0.286124 | -0.276651 | -0.917386 | 
| 0.958174 | -0.0885617 | -0.272138 | 
| -0.005958 | -0.956881 | 0.290419 | 
Eigenvector matrix Q_4
[[cMatrix]]
| -0.999532 | -0.0306029 | -0.000147667 | 
| 0.0306032 | -0.999528 | -0.00250523 | 
| -7.09296e-05 | -0.00250858 | 0.999997 | 
Number of iterations: 13
Eigenvector matrix after multiplying by Q_5:
[[cMatrix]]
| 0.281905 | 0.280542 | -0.917511 | 
| -0.959405 | 0.0739535 | -0.272165 | 
| -0.00850044 | 0.956989 | 0.290001 | 
Eigenvector matrix Q_5
[[cMatrix]]
| -0.999886 | -0.0151111 | 1.26974e-05 | 
| 0.0151111 | -0.999886 | 0.000436982 | 
| 6.09267e-06 | 0.000437124 | 1 | 
Number of iterations: 13
Eigenvector matrix after multiplying by Q_6:
[[cMatrix]]
| -0.279806 | -0.282565 | -0.917532 | 
| 0.959929 | -0.0667814 | -0.272169 | 
| 0.0156314 | -0.956921 | 0.289928 | 
Eigenvector matrix Q_6
[[cMatrix]]
| -0.999972 | -0.00745187 | -1.09067e-06 | 
| 0.00745187 | -0.999972 | -7.6146e-05 | 
| -5.2321e-07 | -7.6152e-05 | 1 | 
Number of iterations: 13
Eigenvector matrix after multiplying by Q_7:
[[cMatrix]]
| 0.278766 | 0.283579 | -0.917536 | 
| -0.960168 | 0.0632509 | -0.27217 | 
| -0.0191467 | 0.956861 | 0.289915 | 
Eigenvector matrix Q_7
[[cMatrix]]
| -0.999993 | -0.00367364 | 9.36615e-08 | 
| 0.00367364 | -0.999993 | 1.32656e-05 | 
| 4.4928e-08 | 1.32658e-05 | 1 | 
Number of iterations: 13
Eigenvector matrix after multiplying by Q_8:
[[cMatrix]]
| -0.278252 | -0.284081 | -0.917537 | 
| 0.960281 | -0.0615114 | -0.27217 | 
| 0.0208794 | -0.956825 | 0.289913 | 
Eigenvector matrix Q_8
[[cMatrix]]
| -0.999998 | -0.0018109 | -8.0427e-09 | 
| 0.0018109 | -0.999998 | -2.31088e-06 | 
| -3.8579e-09 | -2.3109e-06 | 1 | 
Number of iterations: 13
Eigenvector matrix after multiplying by Q_9:
[[cMatrix]]
| 0.277999 | 0.284329 | -0.917537 | 
| -0.960336 | 0.060654 | -0.27217 | 
| -0.0217335 | 0.956806 | 0.289913 | 
Eigenvector matrix Q_9
[[cMatrix]]
| -1 | -0.000892659 | 6.90616e-10 | 
| 0.000892659 | -1 | 4.02555e-07 | 
| 3.31271e-10 | 4.02555e-07 | 1 | 
Number of iterations: 13
Eigenvector matrix after multiplying by Q_10:
[[cMatrix]]
| -0.277874 | -0.284451 | -0.917537 | 
| 0.960362 | -0.0602315 | -0.27217 | 
| 0.0221545 | -0.956797 | 0.289913 | 
Eigenvector matrix Q_10
[[cMatrix]]
| -1 | -0.000440021 | -5.9302e-11 | 
| 0.000440021 | -1 | -7.01245e-08 | 
| -2.84457e-11 | -7.01246e-08 | 1 | 
Number of iterations: 13
Eigenvector matrix after multiplying by Q_11:
[[cMatrix]]
| 0.277812 | 0.284511 | -0.917537 | 
| -0.960375 | 0.0600231 | -0.27217 | 
| -0.0223621 | 0.956792 | 0.289913 | 
Eigenvector matrix Q_11
[[cMatrix]]
| -1 | -0.000216901 | 5.09216e-12 | 
| 0.000216901 | -1 | 1.22156e-08 | 
| 2.44258e-12 | 1.22156e-08 | 1 | 
Number of iterations: 13
Eigenvector matrix after multiplying by Q_12:
[[cMatrix]]
| -0.277781 | -0.284541 | -0.917537 | 
| 0.960382 | -0.0599205 | -0.27217 | 
| 0.0224644 | -0.956789 | 0.289913 | 
Eigenvector matrix Q_12
[[cMatrix]]
| -1 | -0.000106918 | -4.37254e-13 | 
| 0.000106918 | -1 | -2.12794e-09 | 
| -2.0974e-13 | -2.12794e-09 | 1 | 
Number of iterations: 13
Eigenvector matrix after multiplying by Q_13:
[[cMatrix]]
| 0.277766 | 0.284556 | -0.917537 | 
| -0.960385 | 0.0598699 | -0.27217 | 
| -0.0225148 | 0.956788 | 0.289913 | 
Eigenvector matrix Q_13
[[cMatrix]]
| -1 | -5.27032e-05 | 3.75462e-14 | 
| 5.27032e-05 | -1 | 3.70684e-10 | 
| 1.801e-14 | 3.70684e-10 | 1 | 
Number of iterations: 13
===========================SVD SECTION==========================
A*A' = 
[[cMatrix]]
| 4989.61 | -6242.87 | 2769.56 | 
| -6242.87 | 24518.6 | 1135.92 | 
| 2769.56 | 1135.92 | 12094.4 | 

Eigenvectors of A*A' (U) = 

[[cMatrix]]
| 0.277766 | 0.284556 | -0.917537 | 
| -0.960385 | 0.0598699 | -0.27217 | 
| -0.0225148 | 0.956788 | 0.289913 | 

Singular values of A'*A (S) = 

[[cMatrix]]
| 162.329 | 0 | 0 | 
| 0 | 113.97 | 0 | 
| 0 | 0 | 47.5677 | 

Eigenvectors of A'*A (V) = 

[[cMatrix]]
| 0.358718 | 0.596978 | -0.717581 | 
| -0.744333 | 0.646864 | 0.166044 | 
| 0.563284 | 0.474535 | 0.676393 | 


Q_U = 
[[cMatrix]]
| -1 | -5.27032e-05 | 3.75462e-14 | 
| 5.27032e-05 | -1 | 3.70684e-10 | 
| 1.801e-14 | 3.70684e-10 | 1 | 
Q_U iter = 13
Q_V = 
[[cMatrix]]
| 0 | 0 | 0 | 0 | 
| 0 | 0 | 0 | 0 | 
| 0 | 0 | 0 | 0 | 
| 0 | 0 | 0 | 0 | 
Q_V iter = 2685004



Original matrix A = U*S*V' = 
[[cMatrix]]
| 66.8538 | -19.8304 | 11.2665 | 
| -42.56 | 118.304 | -93.3341 | 
| 53.8907 | 75.5475 | 59.0148 | 
===========================KABSCH SECTION==========================

Centroid of A = 
Vector contents:
| 5 |
| 3.93333 |
| 4.26667 |

Centroid of B = 
Vector contents:
| 2.54692 |
| -0.753507 |
| 7.18477 |

A - centroidA =
[[cMatrix]]
| -1 | -3 | 1 | 4 | 2 | -4.33681e-19 | -1 | -2 | 2 | 2 | 3 | 2 | -2 | -4 | -3 | 
| 4.06667 | 1.06667 | -1.93333 | -1.93333 | 2.06667 | 4.06667 | -2.93333 | -3.93333 | 3.06667 | -3.93333 | -3.93333 | 5.06667 | -0.933333 | 1.06667 | -0.933333 | 
| 0.733333 | -3.26667 | 0.733333 | -1.26667 | 4.73333 | 0.733333 | -1.26667 | -1.26667 | 0.733333 | 2.73333 | 4.73333 | -4.26667 | -2.26667 | -2.26667 | 0.733333 | 

B - centroidB =
[[cMatrix]]
| -1.88109 | -1.89536 | 1.02498 | 4.46699 | -0.0637047 | -0.953165 | 0.00239533 | -0.750495 | 1.07773 | 1.64474 | 1.91443 | 2.37324 | -0.946485 | -3.1524 | -2.86176 | 
| 2.4833 | 3.37176 | -1.99387 | -0.940963 | -2.0605 | 2.36983 | -1.08198 | -1.67688 | 1.43452 | -4.9174 | -6.42419 | 6.33456 | 1.14489 | 2.78858 | -0.831623 | 
| 2.89315 | -2.4182 | -0.499453 | -0.709133 | 5.14061 | 3.24823 | -3.16831 | -4.20718 | 3.27459 | -0.237063 | 1.39293 | 1.4549 | -2.79325 | -2.13582 | -1.23597 | 

H = 
[[cMatrix]]
| 66.8538 | -19.8304 | 11.2665 | 
| -42.56 | 118.304 | -93.3341 | 
| 53.8907 | 75.5475 | 59.0148 | 

Det of R = 1

Rotation matrix = 
[[cMatrix]]
| 0.92792 | -0.113462 | 0.35507 | 
| -0.175034 | 0.708382 | 0.683809 | 
| -0.329122 | -0.696653 | 0.637442 | 

R * B = 
[[cMatrix]]
| 3.99994 | 1.99999 | 5.99992 | 8.99991 | 6.99988 | 4.99993 | 3.99995 | 2.99995 | 6.99992 | 6.99988 | 7.99986 | 6.99996 | 2.99997 | 0.999988 | 1.99994 | 
| 8.00018 | 5.0001 | 2.00008 | 2.0001 | 6.00016 | 8.00019 | 1.00005 | 2.24792e-05 | 7.00018 | 5.42017e-05 | 6.8315e-05 | 9.0002 | 3.00007 | 5.0001 | 3.00007 | 
| 4.99989 | 0.999958 | 4.99989 | 2.99987 | 8.99983 | 4.99988 | 2.99992 | 2.99994 | 4.99986 | 6.99986 | 8.99983 | -9.93611e-05 | 1.99994 | 1.99995 | 4.99992 | 

Translation matrix = 
Vector contents:
| 6.74629e-05 |
| -0.00010818 |
| 0.000103736 |

Result of the algorithm: 

R * B + t = A
[[cMatrix]]
| 4 | 2.00006 | 5.99998 | 8.99998 | 6.99995 | 5 | 4.00002 | 3.00002 | 6.99999 | 6.99995 | 7.99992 | 7.00003 | 3.00004 | 1.00006 | 2.00001 | 
| 8.00007 | 4.99999 | 1.99998 | 1.99999 | 6.00005 | 8.00008 | 0.999938 | -8.57007e-05 | 7.00007 | -5.39781e-05 | -3.98648e-05 | 9.00009 | 2.99997 | 4.99999 | 2.99996 | 
| 4.99999 | 1.00006 | 4.99999 | 2.99998 | 8.99993 | 4.99998 | 3.00003 | 3.00004 | 4.99996 | 6.99996 | 8.99993 | 4.37446e-06 | 2.00005 | 2.00006 | 5.00003 | 

Original matrix A = 
[[cMatrix]]
| 4 | 2 | 6 | 9 | 7 | 5 | 4 | 3 | 7 | 7 | 8 | 7 | 3 | 1 | 2 | 
| 8 | 5 | 2 | 2 | 6 | 8 | 1 | 0 | 7 | 0 | 0 | 9 | 3 | 5 | 3 | 
| 5 | 1 | 5 | 3 | 9 | 5 | 3 | 3 | 5 | 7 | 9 | 0 | 2 | 2 | 5 | 

Transformed matrix B = 
[[cMatrix]]
| 0.66583 | 0.65156 | 3.5719 | 7.01391 | 2.48322 | 1.59376 | 2.54932 | 1.79643 | 3.62465 | 4.19166 | 4.46135 | 4.92016 | 1.60044 | -0.60548 | -0.31484 | 
| 1.72979 | 2.61825 | -2.74738 | -1.69447 | -2.81401 | 1.61632 | -1.83549 | -2.43039 | 0.68101 | -5.67091 | -7.1777 | 5.58105 | 0.39138 | 2.03507 | -1.58513 | 
| 10.0779 | 4.76657 | 6.68532 | 6.47564 | 12.3254 | 10.433 | 4.01646 | 2.97759 | 10.4594 | 6.94771 | 8.5777 | 8.63967 | 4.39152 | 5.04895 | 5.9488 | 
