
Original matrix A = 
[[cMatrix]]
| 2 | 8 | 8 | 9 | 3 | 4 | 8 | 0 | 1 | 1 | 5 | 
| 7 | 8 | 5 | 4 | 4 | 9 | 8 | 6 | 4 | 7 | 5 | 
| 6 | 3 | 1 | 8 | 8 | 4 | 8 | 4 | 5 | 8 | 7 | 

Transformed matrix B = 
[[cMatrix]]
| 6.0374 | 7.02751 | 4.31275 | 2.3679 | 2.74964 | 8.14447 | 6.39079 | 5.42952 | 3.25892 | 5.84633 | 3.73955 | 
| -2.79902 | -8.69072 | -8.37467 | -9.66379 | -3.68694 | -4.82882 | -8.95051 | -0.63211 | -1.53878 | -1.90679 | -5.69798 | 
| 6.68695 | 3.47641 | 1.12478 | 7.87427 | 8.23687 | 4.83219 | 8.4289 | 4.70327 | 5.38624 | 8.72838 | 7.24905 | 
===========================QR SECTION==========================
Vector x at 0 iter: 

Vector contents:
| 1326.56 |
| 10.7366 |
| -921.848 |
Alpha 1615.45 at 0 iter: 

Vector u at 0 iter: 

Vector contents:
| 2942 |
| 10.7366 |
| -921.848 |
Vector v at 0 iter: 

Vector contents:
| 0.954246 |
| 0.00348244 |
| -0.299004 |
Q_tmp at 0 iter: 

[[cMatrix]]
| -0.821169 | -0.00664621 | 0.570646 | 
| -0.00664621 | 0.999976 | 0.00208253 | 
| 0.570646 | 0.00208253 | 0.821194 | 
Q_heap(0)

[[cMatrix]]
| -0.821169 | -0.00664621 | 0.570646 | 
| -0.00664621 | 0.999976 | 0.00208253 | 
| 0.570646 | 0.00208253 | 0.821194 | 
===========================QR SECTION==========================
Vector x at 1 iter: 

Vector contents:
| 12193.1 |
| 1613.48 |
Alpha 12299.4 at 1 iter: 

Vector u at 1 iter: 

Vector contents:
| 24492.4 |
| 1613.48 |
Vector v at 1 iter: 

Vector contents:
| 0.997837 |
| 0.0657341 |
Q_tmp at 1 iter: 

[[cMatrix]]
| -0.991358 | -0.131184 | 
| -0.131184 | 0.991358 | 
Q_heap(1)

[[cMatrix]]
| 1 | 0 | 0 | 
| 0 | -0.991358 | -0.131184 | 
| 0 | -0.131184 | 0.991358 | 
===========================QR SECTION==========================
Vector x at 0 iter: 

Vector contents:
| 2894.27 |
| -1193.63 |
| 1199.72 |
Alpha 3352.74 at 0 iter: 

Vector u at 0 iter: 

Vector contents:
| 6247.01 |
| -1193.63 |
| 1199.72 |
Vector v at 0 iter: 

Vector contents:
| 0.965208 |
| -0.184425 |
| 0.185366 |
Q_tmp at 0 iter: 

[[cMatrix]]
| -0.863254 | 0.356017 | -0.357833 | 
| 0.356017 | 0.931975 | 0.0683722 | 
| -0.357833 | 0.0683722 | 0.931279 | 
Q_heap(0)

[[cMatrix]]
| -0.863254 | 0.356017 | -0.357833 | 
| 0.356017 | 0.931975 | 0.0683722 | 
| -0.357833 | 0.0683722 | 0.931279 | 
===========================QR SECTION==========================
Vector x at 1 iter: 

Vector contents:
| 11154.4 |
| 1062.81 |
Alpha 11205 at 1 iter: 

Vector u at 1 iter: 

Vector contents:
| 22359.4 |
| 1062.81 |
Vector v at 1 iter: 

Vector contents:
| 0.998872 |
| 0.0474795 |
Q_tmp at 1 iter: 

[[cMatrix]]
| -0.995491 | -0.0948519 | 
| -0.0948519 | 0.995491 | 
Q_heap(1)

[[cMatrix]]
| 1 | 0 | 0 | 
| 0 | -0.995491 | -0.0948519 | 
| 0 | -0.0948519 | 0.995491 | 
===========================QR SECTION==========================
Vector x at 0 iter: 

Vector contents:
| 5486.54 |
| -3832.99 |
| -397.887 |
Alpha 6704.64 at 0 iter: 

Vector u at 0 iter: 

Vector contents:
| 12191.2 |
| -3832.99 |
| -397.887 |
Vector v at 0 iter: 

Vector contents:
| 0.953499 |
| -0.299787 |
| -0.0311196 |
Q_tmp at 0 iter: 

[[cMatrix]]
| -0.818319 | 0.571692 | 0.059345 | 
| 0.571692 | 0.820256 | -0.0186585 | 
| 0.059345 | -0.0186585 | 0.998063 | 
Q_heap(0)

[[cMatrix]]
| -0.818319 | 0.571692 | 0.059345 | 
| 0.571692 | 0.820256 | -0.0186585 | 
| 0.059345 | -0.0186585 | 0.998063 | 
===========================QR SECTION==========================
Vector x at 1 iter: 

Vector contents:
| 6454.65 |
| -597.632 |
Alpha 6482.26 at 1 iter: 

Vector u at 1 iter: 

Vector contents:
| 12936.9 |
| -597.632 |
Vector v at 1 iter: 

Vector contents:
| 0.998935 |
| -0.0461467 |
Q_tmp at 1 iter: 

[[cMatrix]]
| -0.995741 | 0.0921951 | 
| 0.0921951 | 0.995741 | 
Q_heap(1)

[[cMatrix]]
| 1 | 0 | 0 | 
| 0 | -0.995741 | 0.0921951 | 
| 0 | 0.0921951 | 0.995741 | 
===========================QR SECTION==========================
Vector x at 0 iter: 

Vector contents:
| 10734.5 |
| -3677.38 |
| 57.0389 |
Alpha 11347.1 at 0 iter: 

Vector u at 0 iter: 

Vector contents:
| 22081.6 |
| -3677.38 |
| 57.0389 |
Vector v at 0 iter: 

Vector contents:
| 0.986412 |
| -0.164273 |
| 0.00254799 |
Q_tmp at 0 iter: 

[[cMatrix]]
| -0.946016 | 0.324081 | -0.00502674 | 
| 0.324081 | 0.946029 | 0.000837131 | 
| -0.00502674 | 0.000837131 | 0.999987 | 
Q_heap(0)

[[cMatrix]]
| -0.946016 | 0.324081 | -0.00502674 | 
| 0.324081 | 0.946029 | 0.000837131 | 
| -0.00502674 | 0.000837131 | 0.999987 | 
===========================QR SECTION==========================
Vector x at 1 iter: 

Vector contents:
| 3877.79 |
| 129.268 |
Alpha 3879.95 at 1 iter: 

Vector u at 1 iter: 

Vector contents:
| 7757.74 |
| 129.268 |
Vector v at 1 iter: 

Vector contents:
| 0.999861 |
| 0.0166608 |
Q_tmp at 1 iter: 

[[cMatrix]]
| -0.999445 | -0.0333169 | 
| -0.0333169 | 0.999445 | 
Q_heap(1)

[[cMatrix]]
| 1 | 0 | 0 | 
| 0 | -0.999445 | -0.0333169 | 
| 0 | -0.0333169 | 0.999445 | 
===========================QR SECTION==========================
Vector x at 0 iter: 

Vector contents:
| 12424.7 |
| -1256.65 |
| -4.76942 |
Alpha 12488.1 at 0 iter: 

Vector u at 0 iter: 

Vector contents:
| 24912.9 |
| -1256.65 |
| -4.76942 |
Vector v at 0 iter: 

Vector contents:
| 0.99873 |
| -0.050378 |
| -0.000191201 |
Q_tmp at 0 iter: 

[[cMatrix]]
| -0.994924 | 0.100628 | 0.000381916 | 
| 0.100628 | 0.994924 | -1.92646e-05 | 
| 0.000381916 | -1.92646e-05 | 1 | 
Q_heap(0)

[[cMatrix]]
| -0.994924 | 0.100628 | 0.000381916 | 
| 0.100628 | 0.994924 | -1.92646e-05 | 
| 0.000381916 | -1.92646e-05 | 1 | 
===========================QR SECTION==========================
Vector x at 1 iter: 

Vector contents:
| 3528.69 |
| -32.9555 |
Alpha 3528.84 at 1 iter: 

Vector u at 1 iter: 

Vector contents:
| 7057.53 |
| -32.9555 |
Vector v at 1 iter: 

Vector contents:
| 0.999989 |
| -0.00466951 |
Q_tmp at 1 iter: 

[[cMatrix]]
| -0.999956 | 0.00933891 | 
| 0.00933891 | 0.999956 | 
Q_heap(1)

[[cMatrix]]
| 1 | 0 | 0 | 
| 0 | -0.999956 | 0.00933891 | 
| 0 | 0.00933891 | 0.999956 | 
===========================QR SECTION==========================
Vector x at 0 iter: 

Vector contents:
| 12587.7 |
| -355.084 |
| 0.362017 |
Alpha 12592.8 at 0 iter: 

Vector u at 0 iter: 

Vector contents:
| 25180.5 |
| -355.084 |
| 0.362017 |
Vector v at 0 iter: 

Vector contents:
| 0.999901 |
| -0.0141001 |
| 1.43754e-05 |
Q_tmp at 0 iter: 

[[cMatrix]]
| -0.999602 | 0.0281975 | -2.8748e-05 | 
| 0.0281975 | 0.999602 | 4.05391e-07 | 
| -2.8748e-05 | 4.05391e-07 | 1 | 
Q_heap(0)

[[cMatrix]]
| -0.999602 | 0.0281975 | -2.8748e-05 | 
| 0.0281975 | 0.999602 | 4.05391e-07 | 
| -2.8748e-05 | 4.05391e-07 | 1 | 
===========================QR SECTION==========================
Vector x at 1 iter: 

Vector contents:
| 3499.76 |
| 8.8822 |
Alpha 3499.77 at 1 iter: 

Vector u at 1 iter: 

Vector contents:
| 6999.52 |
| 8.8822 |
Vector v at 1 iter: 

Vector contents:
| 0.999999 |
| 0.00126897 |
Q_tmp at 1 iter: 

[[cMatrix]]
| -0.999997 | -0.00253794 | 
| -0.00253794 | 0.999997 | 
Q_heap(1)

[[cMatrix]]
| 1 | 0 | 0 | 
| 0 | -0.999997 | -0.00253794 | 
| 0 | -0.00253794 | 0.999997 | 
===========================QR SECTION==========================
Vector x at 0 iter: 

Vector contents:
| 12600.5 |
| -98.6843 |
| -0.0272482 |
Alpha 12600.9 at 0 iter: 

Vector u at 0 iter: 

Vector contents:
| 25201.5 |
| -98.6843 |
| -0.0272482 |
Vector v at 0 iter: 

Vector contents:
| 0.999992 |
| -0.00391578 |
| -1.0812e-06 |
Q_tmp at 0 iter: 

[[cMatrix]]
| -0.999969 | 0.00783151 | 2.16239e-06 | 
| 0.00783151 | 0.999969 | -8.46753e-09 | 
| 2.16239e-06 | -8.46753e-09 | 1 | 
Q_heap(0)

[[cMatrix]]
| -0.999969 | 0.00783151 | 2.16239e-06 | 
| 0.00783151 | 0.999969 | -8.46753e-09 | 
| 2.16239e-06 | -8.46753e-09 | 1 | 
===========================QR SECTION==========================
Vector x at 1 iter: 

Vector contents:
| 3497.51 |
| -2.40616 |
Alpha 3497.51 at 1 iter: 

Vector u at 1 iter: 

Vector contents:
| 6995.03 |
| -2.40616 |
Vector v at 1 iter: 

Vector contents:
| 1 |
| -0.000343981 |
Q_tmp at 1 iter: 

[[cMatrix]]
| -1 | 0.000687963 | 
| 0.000687963 | 1 | 
Q_heap(1)

[[cMatrix]]
| 1 | 0 | 0 | 
| 0 | -1 | 0.000687963 | 
| 0 | 0.000687963 | 1 | 
===========================QR SECTION==========================
Vector x at 0 iter: 

Vector contents:
| 12601.5 |
| -27.3908 |
| 0.00204957 |
Alpha 12601.6 at 0 iter: 

Vector u at 0 iter: 

Vector contents:
| 25203.1 |
| -27.3908 |
| 0.00204957 |
Vector v at 0 iter: 

Vector contents:
| 0.999999 |
| -0.0010868 |
| 8.13219e-08 |
Q_tmp at 0 iter: 

[[cMatrix]]
| -0.999998 | 0.0021736 | -1.62644e-07 | 
| 0.0021736 | 0.999998 | 1.76762e-10 | 
| -1.62644e-07 | 1.76762e-10 | 1 | 
Q_heap(0)

[[cMatrix]]
| -0.999998 | 0.0021736 | -1.62644e-07 | 
| 0.0021736 | 0.999998 | 1.76762e-10 | 
| -1.62644e-07 | 1.76762e-10 | 1 | 
===========================QR SECTION==========================
Vector x at 1 iter: 

Vector contents:
| 3497.34 |
| 0.65208 |
Alpha 3497.34 at 1 iter: 

Vector u at 1 iter: 

Vector contents:
| 6994.68 |
| 0.65208 |
Vector v at 1 iter: 

Vector contents:
| 1 |
| 9.32252e-05 |
Q_tmp at 1 iter: 

[[cMatrix]]
| -1 | -0.00018645 | 
| -0.00018645 | 1 | 
Q_heap(1)

[[cMatrix]]
| 1 | 0 | 0 | 
| 0 | -1 | -0.00018645 | 
| 0 | -0.00018645 | 1 | 
===========================QR SECTION==========================
Vector x at 0 iter: 

Vector contents:
| 12601.6 |
| -7.60183 |
| -0.000154157 |
Alpha 12601.6 at 0 iter: 

Vector u at 0 iter: 

Vector contents:
| 25203.2 |
| -7.60183 |
| -0.000154157 |
Vector v at 0 iter: 

Vector contents:
| 1 |
| -0.000301621 |
| -6.11657e-09 |
Q_tmp at 0 iter: 

[[cMatrix]]
| -1 | 0.000603242 | 1.22331e-08 | 
| 0.000603242 | 1 | -3.68978e-12 | 
| 1.22331e-08 | -3.68978e-12 | 1 | 
Q_heap(0)

[[cMatrix]]
| -1 | 0.000603242 | 1.22331e-08 | 
| 0.000603242 | 1 | -3.68978e-12 | 
| 1.22331e-08 | -3.68978e-12 | 1 | 
===========================QR SECTION==========================
Vector x at 1 iter: 

Vector contents:
| 3497.33 |
| -0.176722 |
Alpha 3497.33 at 1 iter: 

Vector u at 1 iter: 

Vector contents:
| 6994.65 |
| -0.176722 |
Vector v at 1 iter: 

Vector contents:
| 1 |
| -2.52653e-05 |
Q_tmp at 1 iter: 

[[cMatrix]]
| -1 | 5.05306e-05 | 
| 5.05306e-05 | 1 | 
Q_heap(1)

[[cMatrix]]
| 1 | 0 | 0 | 
| 0 | -1 | 5.05306e-05 | 
| 0 | 5.05306e-05 | 1 | 
===========================QR SECTION==========================
Vector x at 0 iter: 

Vector contents:
| 12601.6 |
| -2.10974 |
| 1.15949e-05 |
Alpha 12601.6 at 0 iter: 

Vector u at 0 iter: 

Vector contents:
| 25203.2 |
| -2.10974 |
| 1.15949e-05 |
Vector v at 0 iter: 

Vector contents:
| 1 |
| -8.37089e-05 |
| 4.60054e-10 |
Q_tmp at 0 iter: 

[[cMatrix]]
| -1 | 0.000167418 | -9.20109e-10 | 
| 0.000167418 | 1 | 7.70213e-14 | 
| -9.20109e-10 | 7.70213e-14 | 1 | 
Q_heap(0)

[[cMatrix]]
| -1 | 0.000167418 | -9.20109e-10 | 
| 0.000167418 | 1 | 7.70213e-14 | 
| -9.20109e-10 | 7.70213e-14 | 1 | 
===========================QR SECTION==========================
Vector x at 1 iter: 

Vector contents:
| 3497.33 |
| 0.0478941 |
Alpha 3497.33 at 1 iter: 

Vector u at 1 iter: 

Vector contents:
| 6994.65 |
| 0.0478941 |
Vector v at 1 iter: 

Vector contents:
| 1 |
| 6.84725e-06 |
Q_tmp at 1 iter: 

[[cMatrix]]
| -1 | -1.36945e-05 | 
| -1.36945e-05 | 1 | 
Q_heap(1)

[[cMatrix]]
| 1 | 0 | 0 | 
| 0 | -1 | -1.36945e-05 | 
| 0 | -1.36945e-05 | 1 | 
===========================QR SECTION==========================
Vector x at 0 iter: 

Vector contents:
| 12601.6 |
| -0.585515 |
| -8.721e-07 |
Alpha 12601.6 at 0 iter: 

Vector u at 0 iter: 

Vector contents:
| 25203.2 |
| -0.585515 |
| -8.721e-07 |
Vector v at 0 iter: 

Vector contents:
| 1 |
| -2.32317e-05 |
| -3.46027e-11 |
Q_tmp at 0 iter: 

[[cMatrix]]
| -1 | 4.64634e-05 | 6.92054e-11 | 
| 4.64634e-05 | 1 | -1.60776e-15 | 
| 6.92054e-11 | -1.60776e-15 | 1 | 
Q_heap(0)

[[cMatrix]]
| -1 | 4.64634e-05 | 6.92054e-11 | 
| 4.64634e-05 | 1 | -1.60776e-15 | 
| 6.92054e-11 | -1.60776e-15 | 1 | 
===========================QR SECTION==========================
Vector x at 1 iter: 

Vector contents:
| 3497.33 |
| -0.01298 |
Alpha 3497.33 at 1 iter: 

Vector u at 1 iter: 

Vector contents:
| 6994.65 |
| -0.01298 |
Vector v at 1 iter: 

Vector contents:
| 1 |
| -1.8557e-06 |
Q_tmp at 1 iter: 

[[cMatrix]]
| -1 | 3.71139e-06 | 
| 3.71139e-06 | 1 | 
Q_heap(1)

[[cMatrix]]
| 1 | 0 | 0 | 
| 0 | -1 | 3.71139e-06 | 
| 0 | 3.71139e-06 | 1 | 
===========================QR SECTION==========================
Vector x at 0 iter: 

Vector contents:
| 12601.6 |
| -0.162498 |
| 6.55944e-08 |
Alpha 12601.6 at 0 iter: 

Vector u at 0 iter: 

Vector contents:
| 25203.2 |
| -0.162498 |
| 6.55944e-08 |
Vector v at 0 iter: 

Vector contents:
| 1 |
| -6.4475e-06 |
| 2.60262e-12 |
Q_tmp at 0 iter: 

[[cMatrix]]
| -1 | 1.2895e-05 | -5.20524e-12 | 
| 1.2895e-05 | 1 | 3.35608e-17 | 
| -5.20524e-12 | 3.35608e-17 | 1 | 
Q_heap(0)

[[cMatrix]]
| -1 | 1.2895e-05 | -5.20524e-12 | 
| 1.2895e-05 | 1 | 3.35608e-17 | 
| -5.20524e-12 | 3.35608e-17 | 1 | 
===========================QR SECTION==========================
Vector x at 1 iter: 

Vector contents:
| 3497.33 |
| 0.00351774 |
Alpha 3497.33 at 1 iter: 

Vector u at 1 iter: 

Vector contents:
| 6994.65 |
| 0.00351774 |
Vector v at 1 iter: 

Vector contents:
| 1 |
| 5.02919e-07 |
Q_tmp at 1 iter: 

[[cMatrix]]
| -1 | -1.00584e-06 | 
| -1.00584e-06 | 1 | 
Q_heap(1)

[[cMatrix]]
| 1 | 0 | 0 | 
| 0 | -1 | -1.00584e-06 | 
| 0 | -1.00584e-06 | 1 | 
===========================EIGEN SECTION==========================
Eigenvalue matrix after 11 iterations of the QR algorithm
[[cMatrix]]
| 12601.6 | -0.162498 | 6.55944e-08 | 
| -0.162498 | 3497.33 | 0.00351774 | 
| 6.55944e-08 | 0.00351774 | 947.823 | 
Eigenvector matrix Q_0:
[[cMatrix]]
| -0.821169 | -0.0682707 | 0.566586 | 
| -0.00664621 | -0.991607 | -0.129116 | 
| 0.570646 | -0.109792 | 0.813824 | 
Eigenvector matrix after multiplying by Q_1:
[[cMatrix]]
| 0.481829 | 0.238331 | 0.843232 | 
| -0.30109 | 0.948741 | -0.0961068 | 
| -0.822913 | -0.207581 | 0.528889 | 
Eigenvector matrix Q_1
[[cMatrix]]
| -0.863254 | -0.320471 | -0.389989 | 
| 0.356017 | -0.934258 | -0.0203356 | 
| -0.357833 | -0.156397 | 0.920595 | 
Number of iterations: 11
Eigenvector matrix after multiplying by Q_2:
[[cMatrix]]
| -0.207996 | -0.37346 | 0.904027 | 
| 0.783072 | -0.617406 | -0.0748879 | 
| 0.58612 | 0.692342 | 0.420864 | 
Eigenvector matrix Q_2
[[cMatrix]]
| -0.818319 | -0.563786 | 0.111799 | 
| 0.571692 | -0.818483 | 0.0570446 | 
| 0.059345 | 0.110596 | 0.992092 | 
Number of iterations: 11
Eigenvector matrix after multiplying by Q_3:
[[cMatrix]]
| 0.0711921 | 0.389578 | 0.918238 | 
| -0.940512 | 0.332828 | -0.0682892 | 
| -0.332219 | -0.858751 | 0.390098 | 
Eigenvector matrix Q_3
[[cMatrix]]
| -0.946016 | -0.323734 | -0.0158213 | 
| 0.324081 | -0.945532 | -0.0306821 | 
| -0.00502674 | -0.0341531 | 0.999404 | 
Number of iterations: 11
Eigenvector matrix after multiplying by Q_4:
[[cMatrix]]
| -0.0312776 | -0.386154 | 0.921904 | 
| 0.969203 | -0.237129 | -0.0664432 | 
| 0.244268 | 0.891434 | 0.381679 | 
Eigenvector matrix Q_4
[[cMatrix]]
| -0.994924 | -0.10062 | 0.00132166 | 
| 0.100628 | -0.994881 | 0.00927225 | 
| 0.000381916 | 0.00935818 | 0.999956 | 
Number of iterations: 11
Eigenvector matrix after multiplying by Q_5:
[[cMatrix]]
| 0.02035 | 0.384541 | 0.922883 | 
| -0.975502 | 0.209874 | -0.0659387 | 
| -0.219045 | -0.898933 | 0.379392 | 
Eigenvector matrix Q_5
[[cMatrix]]
| -0.999602 | -0.0281973 | -0.000100311 | 
| 0.0281975 | -0.999599 | -0.00253653 | 
| -2.8748e-05 | -0.00253835 | 0.999997 | 
Number of iterations: 11
Eigenvector matrix after multiplying by Q_6:
[[cMatrix]]
| -0.0173359 | -0.384054 | 0.923148 | 
| 0.977116 | -0.202273 | -0.0658017 | 
| 0.211999 | 0.900882 | 0.378772 | 
Eigenvector matrix Q_6
[[cMatrix]]
| -0.999969 | -0.0078315 | 7.55018e-06 | 
| 0.00783151 | -0.999969 | 0.000687933 | 
| 2.16239e-06 | 0.000687971 | 1 | 
Number of iterations: 11
Eigenvector matrix after multiplying by Q_7:
[[cMatrix]]
| 0.0165009 | 0.383919 | 0.923219 | 
| -0.977553 | 0.200161 | -0.0657645 | 
| -0.210041 | -0.901411 | 0.378604 | 
Eigenvector matrix Q_7
[[cMatrix]]
| -0.999998 | -0.0021736 | -5.67913e-07 | 
| 0.0021736 | -0.999998 | -0.00018645 | 
| -1.62644e-07 | -0.00018645 | 1 | 
Number of iterations: 11
Eigenvector matrix after multiplying by Q_8:
[[cMatrix]]
| -0.0162693 | -0.383882 | 0.923239 | 
| 0.977674 | -0.199575 | -0.0657544 | 
| 0.209497 | 0.901557 | 0.378558 | 
Eigenvector matrix Q_8
[[cMatrix]]
| -1 | -0.000603242 | 4.27154e-08 | 
| 0.000603242 | -1 | 5.05306e-05 | 
| 1.22331e-08 | 5.05306e-05 | 1 | 
Number of iterations: 11
Eigenvector matrix after multiplying by Q_9:
[[cMatrix]]
| 0.016205 | 0.383872 | 0.923244 | 
| -0.977707 | 0.199412 | -0.0657517 | 
| -0.209346 | -0.901597 | 0.378546 | 
Eigenvector matrix Q_9
[[cMatrix]]
| -1 | -0.000167418 | -3.21281e-09 | 
| 0.000167418 | -1 | -1.36945e-05 | 
| -9.20109e-10 | -1.36945e-05 | 1 | 
Number of iterations: 11
Eigenvector matrix after multiplying by Q_10:
[[cMatrix]]
| -0.0161872 | -0.383869 | 0.923246 | 
| 0.977717 | -0.199367 | -0.065751 | 
| 0.209304 | 0.901608 | 0.378543 | 
Eigenvector matrix Q_10
[[cMatrix]]
| -1 | -4.64634e-05 | 2.4165e-10 | 
| 4.64634e-05 | -1 | 3.71139e-06 | 
| 6.92054e-11 | 3.71139e-06 | 1 | 
Number of iterations: 11
Eigenvector matrix after multiplying by Q_11:
[[cMatrix]]
| 0.0161822 | 0.383869 | 0.923246 | 
| -0.977719 | 0.199354 | -0.0657508 | 
| -0.209293 | -0.901611 | 0.378542 | 
Eigenvector matrix Q_11
[[cMatrix]]
| -1 | -1.2895e-05 | -1.81755e-11 | 
| 1.2895e-05 | -1 | -1.00584e-06 | 
| -5.20524e-12 | -1.00584e-06 | 1 | 
Number of iterations: 11
===========================SVD SECTION==========================
A*A' = 
[[cMatrix]]
| 1326.56 | 10.7366 | -921.848 | 
| 10.7366 | 12189.4 | 1926.42 | 
| -921.848 | 1926.42 | 3530.78 | 

Eigenvectors of A*A' (U) = 

[[cMatrix]]
| 0.0161822 | 0.383869 | 0.923246 | 
| -0.977719 | 0.199354 | -0.0657508 | 
| -0.209293 | -0.901611 | 0.378542 | 

Singular values of A'*A (S) = 

[[cMatrix]]
| 112.257 | 0 | 0 | 
| 0 | 59.1382 | 0 | 
| 0 | 0 | 30.7867 | 

Eigenvectors of A'*A (V) = 

[[cMatrix]]
| 0.985567 | -0.168526 | -0.0161186 | 
| 0.0592977 | 0.254469 | 0.965261 | 
| -0.158563 | -0.952284 | 0.26079 | 


Q_U = 
[[cMatrix]]
| -1 | -1.2895e-05 | -1.81755e-11 | 
| 1.2895e-05 | -1 | -1.00584e-06 | 
| -5.20524e-12 | -1.00584e-06 | 1 | 
Q_U iter = 11
Q_V = 
[[cMatrix]]
| 0 | 0 | 0 | 0 | 
| 0 | 0 | 0 | 0 | 
| 0 | 0 | 0 | 0 | 
| 0 | 0 | 0 | 0 | 
Q_V iter = 2685004



Original matrix A = U*S*V' = 
[[cMatrix]]
| -2.49356 | 33.3208 | -14.4935 | 
| -110.126 | -5.46214 | 5.64843 | 
| -14.3575 | -3.71219 | 57.5401 | 
===========================KABSCH SECTION==========================

Centroid of A = 
Vector contents:
| 4.45455 |
| 6.09091 |
| 5.63636 |

Centroid of B = 
Vector contents:
| 5.02771 |
| -5.16092 |
| 6.06612 |

A - centroidA =
[[cMatrix]]
| -2.45455 | 3.54545 | 3.54545 | 4.54545 | -1.45455 | -0.454545 | 3.54545 | -4.45455 | -3.45455 | -3.45455 | 0.545455 | 
| 0.909091 | 1.90909 | -1.09091 | -2.09091 | -2.09091 | 2.90909 | 1.90909 | -0.0909091 | -2.09091 | 0.909091 | -1.09091 | 
| 0.363636 | -2.63636 | -4.63636 | 2.36364 | 2.36364 | -1.63636 | 2.36364 | -1.63636 | -0.636364 | 2.36364 | 1.36364 | 

B - centroidB =
[[cMatrix]]
| 1.00969 | 1.9998 | -0.714957 | -2.65981 | -2.27807 | 3.11676 | 1.36308 | 0.401813 | -1.76879 | 0.818623 | -1.28816 | 
| 2.3619 | -3.5298 | -3.21375 | -4.50287 | 1.47398 | 0.332101 | -3.78959 | 4.52881 | 3.62214 | 3.25413 | -0.537059 | 
| 0.620831 | -2.58971 | -4.94134 | 1.80815 | 2.17075 | -1.23393 | 2.36278 | -1.36285 | -0.679879 | 2.66226 | 1.18293 | 

H = 
[[cMatrix]]
| -2.49356 | 33.3208 | -14.4935 | 
| -110.126 | -5.46214 | 5.64843 | 
| -14.3575 | -3.71219 | 57.5401 | 

Det of R = 1

Rotation matrix = 
[[cMatrix]]
| -0.0636246 | -0.996144 | -0.0604286 | 
| 0.989816 | -0.0707136 | 0.123548 | 
| -0.127344 | -0.0519586 | 0.990496 | 

R * B = 
[[cMatrix]]
| 2.00002 | 8.00001 | 8.00001 | 9.00004 | 3.00004 | 4.00001 | 8.00004 | 9.79219e-06 | 1.00002 | 1.00002 | 5.00003 | 
| 7 | 8 | 4.99999 | 4 | 4 | 9 | 8 | 6 | 4 | 7 | 5 | 
| 6 | 3.00002 | 1.00002 | 8.00001 | 8 | 4.00001 | 8.00002 | 4 | 5 | 8 | 7 | 

Translation matrix = 
Vector contents:
| -2.15947e-05 |
| -1.91302e-07 |
| -7.23726e-06 |

Result of the algorithm: 

R * B + t = A
[[cMatrix]]
| 2 | 7.99999 | 7.99999 | 9.00002 | 3.00001 | 3.99999 | 8.00002 | -1.18025e-05 | 0.999995 | 1 | 5.00001 | 
| 7 | 8 | 4.99999 | 4 | 4 | 9 | 8 | 6 | 4 | 7 | 5 | 
| 5.99999 | 3.00001 | 1.00002 | 8 | 8 | 4.00001 | 8.00001 | 3.99999 | 4.99999 | 8 | 7 | 

Original matrix A = 
[[cMatrix]]
| 2 | 8 | 8 | 9 | 3 | 4 | 8 | 0 | 1 | 1 | 5 | 
| 7 | 8 | 5 | 4 | 4 | 9 | 8 | 6 | 4 | 7 | 5 | 
| 6 | 3 | 1 | 8 | 8 | 4 | 8 | 4 | 5 | 8 | 7 | 

Transformed matrix B = 
[[cMatrix]]
| 6.0374 | 7.02751 | 4.31275 | 2.3679 | 2.74964 | 8.14447 | 6.39079 | 5.42952 | 3.25892 | 5.84633 | 3.73955 | 
| -2.79902 | -8.69072 | -8.37467 | -9.66379 | -3.68694 | -4.82882 | -8.95051 | -0.63211 | -1.53878 | -1.90679 | -5.69798 | 
| 6.68695 | 3.47641 | 1.12478 | 7.87427 | 8.23687 | 4.83219 | 8.4289 | 4.70327 | 5.38624 | 8.72838 | 7.24905 | 
