
Original matrix A = 
[[cMatrix]]
| 6 | 2 | 1 | 7 | 7 | 
| 3 | 1 | 6 | 2 | 0 | 
| 6 | 2 | 9 | 4 | 1 | 

Transformed matrix B = 
[[cMatrix]]
| -2.71727 | -0.90576 | -1.69323 | -3.15585 | -2.74081 | 
| 8.39159 | 2.7972 | 9.7167 | 6.79281 | 3.68707 | 
| -1.78821 | -0.59607 | 4.55178 | -3.59142 | -5.37526 | 
===========================QR SECTION==========================
Vector x at 0 iter: 

Vector contents:
| 92.649 |
| 107.156 |
| 435.784 |
Alpha 458.229 at 0 iter: 

Vector u at 0 iter: 

Vector contents:
| 550.878 |
| 107.156 |
| 435.784 |
Vector v at 0 iter: 

Vector contents:
| 0.775303 |
| 0.150811 |
| 0.61332 |
Q_tmp at 0 iter: 

[[cMatrix]]
| -0.202189 | -0.233848 | -0.951018 | 
| -0.233848 | 0.954512 | -0.184991 | 
| -0.951018 | -0.184991 | 0.247677 | 
Q_heap(0)

[[cMatrix]]
| -0.202189 | -0.233848 | -0.951018 | 
| -0.233848 | 0.954512 | -0.184991 | 
| -0.951018 | -0.184991 | 0.247677 | 
===========================QR SECTION==========================
Vector x at 1 iter: 

Vector contents:
| 1385.47 |
| 127.592 |
Alpha 1391.33 at 1 iter: 

Vector u at 1 iter: 

Vector contents:
| 2776.8 |
| 127.592 |
Vector v at 1 iter: 

Vector contents:
| 0.998946 |
| 0.0459007 |
Q_tmp at 1 iter: 

[[cMatrix]]
| -0.995786 | -0.0917047 | 
| -0.0917047 | 0.995786 | 
Q_heap(1)

[[cMatrix]]
| 1 | 0 | 0 | 
| 0 | -0.995786 | -0.0917047 | 
| 0 | -0.0917047 | 0.995786 | 
===========================QR SECTION==========================
Vector x at 0 iter: 

Vector contents:
| 4940.94 |
| 1689.41 |
| -0.0421001 |
Alpha 5221.78 at 0 iter: 

Vector u at 0 iter: 

Vector contents:
| 10162.7 |
| 1689.41 |
| -0.0421001 |
Vector v at 0 iter: 

Vector contents:
| 0.986463 |
| 0.163985 |
| -4.08652e-06 |
Q_tmp at 0 iter: 

[[cMatrix]]
| -0.946218 | -0.323531 | 8.0624e-06 | 
| -0.323531 | 0.946218 | 1.34026e-06 | 
| 8.0624e-06 | 1.34026e-06 | 1 | 
Q_heap(0)

[[cMatrix]]
| -0.946218 | -0.323531 | 8.0624e-06 | 
| -0.323531 | 0.946218 | 1.34026e-06 | 
| 8.0624e-06 | 1.34026e-06 | 1 | 
===========================QR SECTION==========================
Vector x at 1 iter: 

Vector contents:
| 463.234 |
| 0.0222003 |
Alpha 463.234 at 1 iter: 

Vector u at 1 iter: 

Vector contents:
| 926.469 |
| 0.0222003 |
Vector v at 1 iter: 

Vector contents:
| 1 |
| 2.39623e-05 |
Q_tmp at 1 iter: 

[[cMatrix]]
| -1 | -4.79245e-05 | 
| -4.79245e-05 | 1 | 
Q_heap(1)

[[cMatrix]]
| 1 | 0 | 0 | 
| 0 | -1 | -4.79245e-05 | 
| 0 | -4.79245e-05 | 1 | 
===========================QR SECTION==========================
Vector x at 0 iter: 

Vector contents:
| 5569.83 |
| 149.871 |
| 9.40704e-08 |
Alpha 5571.84 at 0 iter: 

Vector u at 0 iter: 

Vector contents:
| 11141.7 |
| 149.871 |
| 9.40704e-08 |
Vector v at 0 iter: 

Vector contents:
| 0.99991 |
| 0.0134501 |
| 8.44235e-12 |
Q_tmp at 0 iter: 

[[cMatrix]]
| -0.999638 | -0.0268978 | -1.68832e-11 | 
| -0.0268978 | 0.999638 | -2.27101e-13 | 
| -1.68832e-11 | -2.27101e-13 | 1 | 
Q_heap(0)

[[cMatrix]]
| -0.999638 | -0.0268978 | -1.68832e-11 | 
| -0.0268978 | 0.999638 | -2.27101e-13 | 
| -1.68832e-11 | -2.27101e-13 | 1 | 
===========================QR SECTION==========================
Vector x at 1 iter: 

Vector contents:
| 434.131 |
| -5.77441e-07 |
Alpha 434.131 at 1 iter: 

Vector u at 1 iter: 

Vector contents:
| 868.261 |
| -5.77441e-07 |
Vector v at 1 iter: 

Vector contents:
| 1 |
| -6.65054e-10 |
Q_tmp at 1 iter: 

[[cMatrix]]
| -1 | 1.33011e-09 | 
| 1.33011e-09 | 1 | 
Q_heap(1)

[[cMatrix]]
| 1 | 0 | 0 | 
| 0 | -1 | 1.33011e-09 | 
| 0 | 1.33011e-09 | 1 | 
===========================QR SECTION==========================
Vector x at 0 iter: 

Vector contents:
| 5574.17 |
| 11.6772 |
| -1.96989e-13 |
Alpha 5574.19 at 0 iter: 

Vector u at 0 iter: 

Vector contents:
| 11148.4 |
| 11.6772 |
| -1.96989e-13 |
Vector v at 0 iter: 

Vector contents:
| 0.999999 |
| 0.00104743 |
| -1.76698e-17 |
Q_tmp at 0 iter: 

[[cMatrix]]
| -0.999998 | -0.00209487 | 3.53395e-17 | 
| -0.00209487 | 0.999998 | 3.70158e-20 | 
| 3.53395e-17 | 3.70158e-20 | 1 | 
Q_heap(0)

[[cMatrix]]
| -0.999998 | -0.00209487 | 3.53395e-17 | 
| -0.00209487 | 0.999998 | 3.70158e-20 | 
| 3.53395e-17 | 3.70158e-20 | 1 | 
===========================QR SECTION==========================
Vector x at 1 iter: 

Vector contents:
| 433.948 |
| 1.55225e-11 |
Alpha 433.948 at 1 iter: 

Vector u at 1 iter: 

Vector contents:
| 867.896 |
| 1.55225e-11 |
Vector v at 1 iter: 

Vector contents:
| 1 |
| 1.78852e-14 |
Q_tmp at 1 iter: 

[[cMatrix]]
| -1 | -3.57704e-14 | 
| -3.57704e-14 | 1 | 
Q_heap(1)

[[cMatrix]]
| 1 | 0 | 0 | 
| 0 | -1 | -3.57704e-14 | 
| 0 | -3.57704e-14 | 1 | 
===========================QR SECTION==========================
Vector x at 0 iter: 

Vector contents:
| 5574.2 |
| 0.909064 |
| 4.12334e-19 |
Alpha 5574.2 at 0 iter: 

Vector u at 0 iter: 

Vector contents:
| 11148.4 |
| 0.909064 |
| 4.12334e-19 |
Vector v at 0 iter: 

Vector contents:
| 1 |
| 8.1542e-05 |
| 3.69859e-23 |
Q_tmp at 0 iter: 

[[cMatrix]]
| -1 | -0.000163084 | -7.39718e-23 | 
| -0.000163084 | 1 | -6.03181e-27 | 
| -7.39718e-23 | -6.03181e-27 | 1 | 
Q_heap(0)

[[cMatrix]]
| -1 | -0.000163084 | -7.39718e-23 | 
| -0.000163084 | 1 | -6.03181e-27 | 
| -7.39718e-23 | -6.03181e-27 | 1 | 
===========================QR SECTION==========================
Vector x at 1 iter: 

Vector contents:
| 433.947 |
| -4.17361e-16 |
Alpha 433.947 at 1 iter: 

Vector u at 1 iter: 

Vector contents:
| 867.894 |
| -4.17361e-16 |
Vector v at 1 iter: 

Vector contents:
| 1 |
| -4.8089e-19 |
Q_tmp at 1 iter: 

[[cMatrix]]
| -1 | 9.6178e-19 | 
| 9.6178e-19 | 1 | 
Q_heap(1)

[[cMatrix]]
| 1 | 0 | 0 | 
| 0 | -1 | 9.6178e-19 | 
| 0 | 9.6178e-19 | 1 | 
===========================QR SECTION==========================
Vector x at 0 iter: 

Vector contents:
| 5574.2 |
| 0.0707699 |
| -8.63087e-25 |
Alpha 5574.2 at 0 iter: 

Vector u at 0 iter: 

Vector contents:
| 11148.4 |
| 0.0707699 |
| -8.63087e-25 |
Vector v at 0 iter: 

Vector contents:
| 1 |
| 6.34798e-06 |
| -7.7418e-29 |
Q_tmp at 0 iter: 

[[cMatrix]]
| -1 | -1.2696e-05 | 1.54836e-28 | 
| -1.2696e-05 | 1 | 9.82896e-34 | 
| 1.54836e-28 | 9.82896e-34 | 1 | 
Q_heap(0)

[[cMatrix]]
| -1 | -1.2696e-05 | 1.54836e-28 | 
| -1.2696e-05 | 1 | 9.82896e-34 | 
| 1.54836e-28 | 9.82896e-34 | 1 | 
===========================QR SECTION==========================
Vector x at 1 iter: 

Vector contents:
| 433.947 |
| 1.12218e-20 |
Alpha 433.947 at 1 iter: 

Vector u at 1 iter: 

Vector contents:
| 867.894 |
| 1.12218e-20 |
Vector v at 1 iter: 

Vector contents:
| 1 |
| 1.293e-23 |
Q_tmp at 1 iter: 

[[cMatrix]]
| -1 | -2.58599e-23 | 
| -2.58599e-23 | 1 | 
Q_heap(1)

[[cMatrix]]
| 1 | 0 | 0 | 
| 0 | -1 | -2.58599e-23 | 
| 0 | -2.58599e-23 | 1 | 
===========================QR SECTION==========================
Vector x at 0 iter: 

Vector contents:
| 5574.2 |
| 0.00550938 |
| 1.80659e-30 |
Alpha 5574.2 at 0 iter: 

Vector u at 0 iter: 

Vector contents:
| 11148.4 |
| 0.00550938 |
| 1.80659e-30 |
Vector v at 0 iter: 

Vector contents:
| 1 |
| 4.94185e-07 |
| 1.62049e-34 |
Q_tmp at 0 iter: 

[[cMatrix]]
| -1 | -9.88371e-07 | -3.24099e-34 | 
| -9.88371e-07 | 1 | -1.60165e-40 | 
| -3.24099e-34 | -1.60165e-40 | 1 | 
Q_heap(0)

[[cMatrix]]
| -1 | -9.88371e-07 | -3.24099e-34 | 
| -9.88371e-07 | 1 | -1.60165e-40 | 
| -3.24099e-34 | -1.60165e-40 | 1 | 
===========================QR SECTION==========================
Vector x at 1 iter: 

Vector contents:
| 433.947 |
| -3.01728e-25 |
Alpha 433.947 at 1 iter: 

Vector u at 1 iter: 

Vector contents:
| 867.894 |
| -3.01728e-25 |
Vector v at 1 iter: 

Vector contents:
| 1 |
| -3.47655e-28 |
Q_tmp at 1 iter: 

[[cMatrix]]
| -1 | 6.9531e-28 | 
| 6.9531e-28 | 1 | 
Q_heap(1)

[[cMatrix]]
| 1 | 0 | 0 | 
| 0 | -1 | 6.9531e-28 | 
| 0 | 6.9531e-28 | 1 | 
===========================EIGEN SECTION==========================
Eigenvalue matrix after 6 iterations of the QR algorithm
[[cMatrix]]
| 5574.2 | 0.00550938 | -1.83018e-17 | 
| 0.00550938 | 433.947 | 2.02535e-17 | 
| 1.80659e-30 | -3.01728e-25 | 0.0116678 | 
Eigenvector matrix Q_0:
[[cMatrix]]
| -0.202189 | 0.320076 | -0.925565 | 
| -0.233848 | -0.933526 | -0.271744 | 
| -0.951018 | 0.161498 | 0.263598 | 
Eigenvector matrix after multiplying by Q_1:
[[cMatrix]]
| 0.0877533 | -0.36823 | -0.925584 | 
| 0.523294 | 0.807675 | -0.271709 | 
| 0.847622 | -0.460509 | 0.263569 | 
Eigenvector matrix Q_1
[[cMatrix]]
| -0.946218 | 0.323531 | 2.35675e-05 | 
| -0.323531 | -0.946218 | -4.40068e-05 | 
| 8.0624e-06 | -4.92648e-05 | 1 | 
Number of iterations: 6
Eigenvector matrix after multiplying by Q_2:
[[cMatrix]]
| -0.077817 | 0.370457 | -0.925584 | 
| -0.544829 | -0.793307 | -0.271709 | 
| -0.834929 | 0.483141 | 0.263569 | 
Eigenvector matrix Q_2
[[cMatrix]]
| -0.999638 | 0.0268978 | -5.26602e-11 | 
| -0.0268978 | -0.999638 | 1.3294e-09 | 
| -1.68832e-11 | 1.33034e-09 | 1 | 
Number of iterations: 6
Eigenvector matrix after multiplying by Q_3:
[[cMatrix]]
| 0.0770408 | -0.370619 | -0.925584 | 
| 0.54649 | 0.792164 | -0.271709 | 
| 0.833915 | -0.484889 | 0.263569 | 
Eigenvector matrix Q_3
[[cMatrix]]
| -0.999998 | 0.00209487 | 1.10274e-16 | 
| -0.00209487 | -0.999998 | -3.57703e-14 | 
| 3.53395e-17 | -3.57704e-14 | 1 | 
Number of iterations: 6
Eigenvector matrix after multiplying by Q_4:
[[cMatrix]]
| -0.0769803 | 0.370632 | -0.925584 | 
| -0.546619 | -0.792075 | -0.271709 | 
| -0.833836 | 0.485025 | 0.263569 | 
Eigenvector matrix Q_4
[[cMatrix]]
| -1 | 0.000163084 | -2.30823e-22 | 
| -0.000163084 | -1 | 9.6178e-19 | 
| -7.39718e-23 | 9.6178e-19 | 1 | 
Number of iterations: 6
Eigenvector matrix after multiplying by Q_5:
[[cMatrix]]
| 0.0769756 | -0.370633 | -0.925584 | 
| 0.546629 | 0.792068 | -0.271709 | 
| 0.83383 | -0.485036 | 0.263569 | 
Eigenvector matrix Q_5
[[cMatrix]]
| -1 | 1.2696e-05 | 4.83153e-28 | 
| -1.2696e-05 | -1 | -2.58599e-23 | 
| 1.54836e-28 | -2.58599e-23 | 1 | 
Number of iterations: 6
Eigenvector matrix after multiplying by Q_6:
[[cMatrix]]
| -0.0769753 | 0.370633 | -0.925584 | 
| -0.54663 | -0.792067 | -0.271709 | 
| -0.833829 | 0.485037 | 0.263569 | 
Eigenvector matrix Q_6
[[cMatrix]]
| -1 | 9.88371e-07 | -1.01132e-33 | 
| -9.88371e-07 | -1 | 6.9531e-28 | 
| -3.24099e-34 | 6.9531e-28 | 1 | 
Number of iterations: 6
===========================SVD SECTION==========================
A*A' = 
[[cMatrix]]
| 92.649 | 107.156 | 435.784 | 
| 107.156 | 1937.84 | 2373.98 | 
| 435.784 | 2373.98 | 3977.67 | 

Eigenvectors of A*A' (U) = 

[[cMatrix]]
| -0.0769753 | 0.370633 | -0.925584 | 
| -0.54663 | -0.792067 | -0.271709 | 
| -0.833829 | 0.485037 | 0.263569 | 

Singular values of A'*A (S) = 

[[cMatrix]]
| 74.6606 | 0 | 0 | 
| 0 | 20.8314 | 0 | 
| 0 | 0 | 0.108018 | 

Eigenvectors of A'*A (V) = 

[[cMatrix]]
| 0.482992 | -0.870408 | 0.0954346 | 
| -0.52151 | -0.198399 | 0.829859 | 
| -0.703382 | -0.450585 | -0.549752 | 


Q_U = 
[[cMatrix]]
| -1 | 9.88371e-07 | -1.01132e-33 | 
| -9.88371e-07 | -1 | 6.9531e-28 | 
| -3.24099e-34 | 6.9531e-28 | 1 | 
Q_U iter = 6
Q_V = 
[[cMatrix]]
| 0 | 0 | 0 | 0 | 
| 0 | 0 | 0 | 0 | 
| 0 | 0 | 0 | 0 | 
| 0 | 0 | 0 | 0 | 
Q_V iter = 2685004



Original matrix A = U*S*V' = 
[[cMatrix]]
| -9.50556 | 1.38236 | 0.618428 | 
| -5.3529 | 24.5329 | 36.1569 | 
| -38.8602 | 30.4852 | 39.2201 | 
===========================KABSCH SECTION==========================

Centroid of A = 
Vector contents:
| 4.6 |
| 2.4 |
| 4.4 |

Centroid of B = 
Vector contents:
| -2.24258 |
| 6.27707 |
| -1.35984 |

A - centroidA =
[[cMatrix]]
| 1.4 | -2.6 | -3.6 | 2.4 | 2.4 | 
| 0.6 | -1.4 | 3.6 | -0.4 | -2.4 | 
| 1.6 | -2.4 | 4.6 | -0.4 | -3.4 | 

B - centroidB =
[[cMatrix]]
| -0.474686 | 1.33682 | 0.549354 | -0.913266 | -0.498226 | 
| 2.11452 | -3.47987 | 3.43963 | 0.515736 | -2.59 | 
| -0.428374 | 0.763766 | 5.91162 | -2.23158 | -4.01542 | 

H = 
[[cMatrix]]
| -9.50556 | 1.38236 | 0.618428 | 
| -5.3529 | 24.5329 | 36.1569 | 
| -38.8602 | 30.4852 | 39.2201 | 

Det of R = 1

Rotation matrix = 
[[cMatrix]]
| -0.448113 | 0.399474 | -0.799759 | 
| -0.801494 | 0.216738 | 0.557344 | 
| 0.395983 | 0.890756 | 0.223052 | 

R * B = 
[[cMatrix]]
| 6 | 2 | 0.999995 | 7 | 7 | 
| 3.00001 | 1.00001 | 6 | 2 | 2.18707e-06 | 
| 6 | 2 | 9 | 4 | 1 | 

Translation matrix = 
Vector contents:
| 1.21059e-06 |
| -2.9139e-06 |
| 3.7613e-08 |

Result of the algorithm: 

R * B + t = A
[[cMatrix]]
| 6 | 2 | 0.999997 | 7 | 7 | 
| 3 | 1 | 6 | 2 | -7.26833e-07 | 
| 6 | 2 | 9 | 4 | 1 | 

Original matrix A = 
[[cMatrix]]
| 6 | 2 | 1 | 7 | 7 | 
| 3 | 1 | 6 | 2 | 0 | 
| 6 | 2 | 9 | 4 | 1 | 

Transformed matrix B = 
[[cMatrix]]
| -2.71727 | -0.90576 | -1.69323 | -3.15585 | -2.74081 | 
| 8.39159 | 2.7972 | 9.7167 | 6.79281 | 3.68707 | 
| -1.78821 | -0.59607 | 4.55178 | -3.59142 | -5.37526 | 
