
Original matrix A = 
[[cMatrix]]
| 2 | 2 | 0 | 5 | 
| 6 | 9 | 3 | 0 | 
| 8 | 9 | 0 | 8 | 

Transformed matrix B = 
[[cMatrix]]
| -4.75859 | -5.06176 | 0.55103 | -4.40132 | 
| -8.0092 | -9.70026 | -1.17356 | -7.94516 | 
| 4.14832 | 6.8032 | 2.70539 | -2.55006 | 
===========================QR SECTION==========================
Vector x at 0 iter: 

Vector contents:
| 1353.3 |
| 1937.67 |
| -465.047 |
Alpha 2408.79 at 0 iter: 

Vector u at 0 iter: 

Vector contents:
| 3762.08 |
| 1937.67 |
| -465.047 |
Vector v at 0 iter: 

Vector contents:
| 0.88369 |
| 0.455148 |
| -0.109237 |
Q_tmp at 0 iter: 

[[cMatrix]]
| -0.561816 | -0.804419 | 0.193063 | 
| -0.804419 | 0.585681 | 0.0994376 | 
| 0.193063 | 0.0994376 | 0.976135 | 
Q_heap(0)

[[cMatrix]]
| -0.561816 | -0.804419 | 0.193063 | 
| -0.804419 | 0.585681 | 0.0994376 | 
| 0.193063 | 0.0994376 | 0.976135 | 
===========================QR SECTION==========================
Vector x at 1 iter: 

Vector contents:
| -7.7889 |
| -116.98 |
Alpha 117.239 at 1 iter: 

Vector u at 1 iter: 

Vector contents:
| -125.028 |
| -116.98 |
Vector v at 1 iter: 

Vector contents:
| -0.730218 |
| -0.683215 |
Q_tmp at 1 iter: 

[[cMatrix]]
| -0.0664358 | -0.997791 | 
| -0.997791 | 0.0664358 | 
Q_heap(1)

[[cMatrix]]
| 1 | 0 | 0 | 
| 0 | -0.0664358 | -0.997791 | 
| 0 | -0.997791 | 0.0664358 | 
===========================QR SECTION==========================
Vector x at 0 iter: 

Vector contents:
| 4406.77 |
| -483.084 |
| -0.289056 |
Alpha 4433.17 at 0 iter: 

Vector u at 0 iter: 

Vector contents:
| 8839.94 |
| -483.084 |
| -0.289056 |
Vector v at 0 iter: 

Vector contents:
| 0.99851 |
| -0.0545665 |
| -3.26501e-05 |
Q_tmp at 0 iter: 

[[cMatrix]]
| -0.994045 | 0.10897 | 6.52029e-05 | 
| 0.10897 | 0.994045 | -3.5632e-06 | 
| 6.52029e-05 | -3.5632e-06 | 1 | 
Q_heap(0)

[[cMatrix]]
| -0.994045 | 0.10897 | 6.52029e-05 | 
| 0.10897 | 0.994045 | -3.5632e-06 | 
| 6.52029e-05 | -3.5632e-06 | 1 | 
===========================QR SECTION==========================
Vector x at 1 iter: 

Vector contents:
| 1894.13 |
| 1.42967 |
Alpha 1894.13 at 1 iter: 

Vector u at 1 iter: 

Vector contents:
| 3788.25 |
| 1.42967 |
Vector v at 1 iter: 

Vector contents:
| 1 |
| 0.000377394 |
Q_tmp at 1 iter: 

[[cMatrix]]
| -1 | -0.000754789 | 
| -0.000754789 | 1 | 
Q_heap(1)

[[cMatrix]]
| 1 | 0 | 0 | 
| 0 | -1 | -0.000754789 | 
| 0 | -0.000754789 | 1 | 
===========================QR SECTION==========================
Vector x at 0 iter: 

Vector contents:
| 4482.36 |
| -206.404 |
| 3.28321e-06 |
Alpha 4487.11 at 0 iter: 

Vector u at 0 iter: 

Vector contents:
| 8969.46 |
| -206.404 |
| 3.28321e-06 |
Vector v at 0 iter: 

Vector contents:
| 0.999735 |
| -0.0230057 |
| 3.65947e-10 |
Q_tmp at 0 iter: 

[[cMatrix]]
| -0.998941 | 0.0459993 | -7.317e-10 | 
| 0.0459993 | 0.998941 | 1.68377e-11 | 
| -7.317e-10 | 1.68377e-11 | 1 | 
Q_heap(0)

[[cMatrix]]
| -0.998941 | 0.0459993 | -7.317e-10 | 
| 0.0459993 | 0.998941 | 1.68377e-11 | 
| -7.317e-10 | 1.68377e-11 | 1 | 
===========================QR SECTION==========================
Vector x at 1 iter: 

Vector contents:
| 1871.36 |
| -3.76443e-05 |
Alpha 1871.36 at 1 iter: 

Vector u at 1 iter: 

Vector contents:
| 3742.72 |
| -3.76443e-05 |
Vector v at 1 iter: 

Vector contents:
| 1 |
| -1.0058e-08 |
Q_tmp at 1 iter: 

[[cMatrix]]
| -1 | 2.0116e-08 | 
| 2.0116e-08 | 1 | 
Q_heap(1)

[[cMatrix]]
| 1 | 0 | 0 | 
| 0 | -1 | 2.0116e-08 | 
| 0 | 2.0116e-08 | 1 | 
===========================QR SECTION==========================
Vector x at 0 iter: 

Vector contents:
| 4495.82 |
| -86.0813 |
| -3.68438e-11 |
Alpha 4496.65 at 0 iter: 

Vector u at 0 iter: 

Vector contents:
| 8992.47 |
| -86.0813 |
| -3.68438e-11 |
Vector v at 0 iter: 

Vector contents:
| 0.999954 |
| -0.00957215 |
| -4.097e-15 |
Q_tmp at 0 iter: 

[[cMatrix]]
| -0.999817 | 0.0191434 | 8.19362e-15 | 
| 0.0191434 | 0.999817 | -7.84342e-17 | 
| 8.19362e-15 | -7.84342e-17 | 1 | 
Q_heap(0)

[[cMatrix]]
| -0.999817 | 0.0191434 | 8.19362e-15 | 
| 0.0191434 | 0.999817 | -7.84342e-17 | 
| 8.19362e-15 | -7.84342e-17 | 1 | 
===========================QR SECTION==========================
Vector x at 1 iter: 

Vector contents:
| 1867.39 |
| 1.01122e-09 |
Alpha 1867.39 at 1 iter: 

Vector u at 1 iter: 

Vector contents:
| 3734.78 |
| 1.01122e-09 |
Vector v at 1 iter: 

Vector contents:
| 1 |
| 2.70757e-13 |
Q_tmp at 1 iter: 

[[cMatrix]]
| -1 | -5.41514e-13 | 
| -5.41514e-13 | 1 | 
Q_heap(1)

[[cMatrix]]
| 1 | 0 | 0 | 
| 0 | -1 | -5.41514e-13 | 
| 0 | -5.41514e-13 | 1 | 
===========================QR SECTION==========================
Vector x at 0 iter: 

Vector contents:
| 4498.16 |
| -35.7482 |
| 4.1258e-16 |
Alpha 4498.3 at 0 iter: 

Vector u at 0 iter: 

Vector contents:
| 8996.46 |
| -35.7482 |
| 4.1258e-16 |
Vector v at 0 iter: 

Vector contents:
| 0.999992 |
| -0.00397356 |
| 4.58599e-20 |
Q_tmp at 0 iter: 

[[cMatrix]]
| -0.999968 | 0.00794705 | -9.1719e-20 | 
| 0.00794705 | 0.999968 | 3.64454e-22 | 
| -9.1719e-20 | 3.64454e-22 | 1 | 
Q_heap(0)

[[cMatrix]]
| -0.999968 | 0.00794705 | -9.1719e-20 | 
| 0.00794705 | 0.999968 | 3.64454e-22 | 
| -9.1719e-20 | 3.64454e-22 | 1 | 
===========================QR SECTION==========================
Vector x at 1 iter: 

Vector contents:
| 1866.7 |
| -2.72594e-14 |
Alpha 1866.7 at 1 iter: 

Vector u at 1 iter: 

Vector contents:
| 3733.41 |
| -2.72594e-14 |
Vector v at 1 iter: 

Vector contents:
| 1 |
| -7.30147e-18 |
Q_tmp at 1 iter: 

[[cMatrix]]
| -1 | 1.46029e-17 | 
| 1.46029e-17 | 1 | 
Q_heap(1)

[[cMatrix]]
| 1 | 0 | 0 | 
| 0 | -1 | 1.46029e-17 | 
| 0 | 1.46029e-17 | 1 | 
===========================QR SECTION==========================
Vector x at 0 iter: 

Vector contents:
| 4498.56 |
| -14.8348 |
| -4.6184e-21 |
Alpha 4498.58 at 0 iter: 

Vector u at 0 iter: 

Vector contents:
| 8997.14 |
| -14.8348 |
| -4.6184e-21 |
Vector v at 0 iter: 

Vector contents:
| 0.999999 |
| -0.00164883 |
| -5.13318e-25 |
Q_tmp at 0 iter: 

[[cMatrix]]
| -0.999995 | 0.00329766 | 1.02663e-24 | 
| 0.00329766 | 0.999995 | -1.69275e-27 | 
| 1.02663e-24 | -1.69275e-27 | 1 | 
Q_heap(0)

[[cMatrix]]
| -0.999995 | 0.00329766 | 1.02663e-24 | 
| 0.00329766 | 0.999995 | -1.69275e-27 | 
| 1.02663e-24 | -1.69275e-27 | 1 | 
===========================QR SECTION==========================
Vector x at 1 iter: 

Vector contents:
| 1866.59 |
| 7.35277e-19 |
Alpha 1866.59 at 1 iter: 

Vector u at 1 iter: 

Vector contents:
| 3733.17 |
| 7.35277e-19 |
Vector v at 1 iter: 

Vector contents:
| 1 |
| 1.96958e-22 |
Q_tmp at 1 iter: 

[[cMatrix]]
| -1 | -3.93915e-22 | 
| -3.93915e-22 | 1 | 
Q_heap(1)

[[cMatrix]]
| 1 | 0 | 0 | 
| 0 | -1 | -3.93915e-22 | 
| 0 | -3.93915e-22 | 1 | 
===========================QR SECTION==========================
Vector x at 0 iter: 

Vector contents:
| 4498.63 |
| -6.15536 |
| 5.16949e-26 |
Alpha 4498.63 at 0 iter: 

Vector u at 0 iter: 

Vector contents:
| 8997.26 |
| -6.15536 |
| 5.16949e-26 |
Vector v at 0 iter: 

Vector contents:
| 1 |
| -0.000684137 |
| 5.74562e-30 |
Q_tmp at 0 iter: 

[[cMatrix]]
| -0.999999 | 0.00136827 | -1.14912e-29 | 
| 0.00136827 | 0.999999 | 7.86159e-33 | 
| -1.14912e-29 | 7.86159e-33 | 1 | 
Q_heap(0)

[[cMatrix]]
| -0.999999 | 0.00136827 | -1.14912e-29 | 
| 0.00136827 | 0.999999 | 7.86159e-33 | 
| -1.14912e-29 | 7.86159e-33 | 1 | 
===========================QR SECTION==========================
Vector x at 1 iter: 

Vector contents:
| 1866.57 |
| -1.9835e-23 |
Alpha 1866.57 at 1 iter: 

Vector u at 1 iter: 

Vector contents:
| 3733.13 |
| -1.9835e-23 |
Vector v at 1 iter: 

Vector contents:
| 1 |
| -5.31322e-27 |
Q_tmp at 1 iter: 

[[cMatrix]]
| -1 | 1.06264e-26 | 
| 1.06264e-26 | 1 | 
Q_heap(1)

[[cMatrix]]
| 1 | 0 | 0 | 
| 0 | -1 | 1.06264e-26 | 
| 0 | 1.06264e-26 | 1 | 
===========================QR SECTION==========================
Vector x at 0 iter: 

Vector contents:
| 4498.64 |
| -2.55397 |
| -5.78627e-31 |
Alpha 4498.64 at 0 iter: 

Vector u at 0 iter: 

Vector contents:
| 8997.28 |
| -2.55397 |
| -5.78627e-31 |
Vector v at 0 iter: 

Vector contents:
| 1 |
| -0.00028386 |
| -6.43114e-35 |
Q_tmp at 0 iter: 

[[cMatrix]]
| -1 | 0.000567721 | 1.28623e-34 | 
| 0.000567721 | 1 | -3.65109e-38 | 
| 1.28623e-34 | -3.65109e-38 | 1 | 
Q_heap(0)

[[cMatrix]]
| -1 | 0.000567721 | 1.28623e-34 | 
| 0.000567721 | 1 | -3.65109e-38 | 
| 1.28623e-34 | -3.65109e-38 | 1 | 
===========================QR SECTION==========================
Vector x at 1 iter: 

Vector contents:
| 1866.56 |
| 5.35081e-28 |
Alpha 1866.56 at 1 iter: 

Vector u at 1 iter: 

Vector contents:
| 3733.12 |
| 5.35081e-28 |
Vector v at 1 iter: 

Vector contents:
| 1 |
| 1.43333e-31 |
Q_tmp at 1 iter: 

[[cMatrix]]
| -1 | -2.86667e-31 | 
| -2.86667e-31 | 1 | 
Q_heap(1)

[[cMatrix]]
| 1 | 0 | 0 | 
| 0 | -1 | -2.86667e-31 | 
| 0 | -2.86667e-31 | 1 | 
===========================QR SECTION==========================
Vector x at 0 iter: 

Vector contents:
| 4498.64 |
| -1.05969 |
| 6.47664e-36 |
Alpha 4498.64 at 0 iter: 

Vector u at 0 iter: 

Vector contents:
| 8997.29 |
| -1.05969 |
| 6.47664e-36 |
Vector v at 0 iter: 

Vector contents:
| 1 |
| -0.000117778 |
| 7.19844e-40 |
Q_tmp at 0 iter: 

[[cMatrix]]
| -1 | 0.000235557 | -1.43969e-39 | 
| 0.000235557 | 1 | 1.69564e-43 | 
| -1.43969e-39 | 1.69564e-43 | 1 | 
Q_heap(0)

[[cMatrix]]
| -1 | 0.000235557 | -1.43969e-39 | 
| 0.000235557 | 1 | 1.69564e-43 | 
| -1.43969e-39 | 1.69564e-43 | 1 | 
===========================QR SECTION==========================
Vector x at 1 iter: 

Vector contents:
| 1866.56 |
| -1.44347e-32 |
Alpha 1866.56 at 1 iter: 

Vector u at 1 iter: 

Vector contents:
| 3733.12 |
| -1.44347e-32 |
Vector v at 1 iter: 

Vector contents:
| 1 |
| -3.86667e-36 |
Q_tmp at 1 iter: 

[[cMatrix]]
| -1 | 7.73333e-36 | 
| 7.73333e-36 | 1 | 
Q_heap(1)

[[cMatrix]]
| 1 | 0 | 0 | 
| 0 | -1 | 7.73333e-36 | 
| 0 | 7.73333e-36 | 1 | 
===========================QR SECTION==========================
Vector x at 0 iter: 

Vector contents:
| 4498.64 |
| -0.439681 |
| -7.24937e-41 |
Alpha 4498.64 at 0 iter: 

Vector u at 0 iter: 

Vector contents:
| 8997.29 |
| -0.439681 |
| -7.24937e-41 |
Vector v at 0 iter: 

Vector contents:
| 1 |
| -4.88682e-05 |
| -8.05728e-45 |
Q_tmp at 0 iter: 

[[cMatrix]]
| -1 | 9.77364e-05 | 1.61146e-44 | 
| 9.77364e-05 | 1 | -7.8749e-49 | 
| 1.61146e-44 | -7.8749e-49 | 1 | 
Q_heap(0)

[[cMatrix]]
| -1 | 9.77364e-05 | 1.61146e-44 | 
| 9.77364e-05 | 1 | -7.8749e-49 | 
| 1.61146e-44 | -7.8749e-49 | 1 | 
===========================QR SECTION==========================
Vector x at 1 iter: 

Vector contents:
| 1866.56 |
| 3.89402e-37 |
Alpha 1866.56 at 1 iter: 

Vector u at 1 iter: 

Vector contents:
| 3733.12 |
| 3.89402e-37 |
Vector v at 1 iter: 

Vector contents:
| 1 |
| 1.0431e-40 |
Q_tmp at 1 iter: 

[[cMatrix]]
| -1 | -2.0862e-40 | 
| -2.0862e-40 | 1 | 
Q_heap(1)

[[cMatrix]]
| 1 | 0 | 0 | 
| 0 | -1 | -2.0862e-40 | 
| 0 | -2.0862e-40 | 1 | 
===========================QR SECTION==========================
Vector x at 0 iter: 

Vector contents:
| 4498.64 |
| -0.182431 |
| 8.11429e-46 |
Alpha 4498.64 at 0 iter: 

Vector u at 0 iter: 

Vector contents:
| 8997.29 |
| -0.182431 |
| 8.11429e-46 |
Vector v at 0 iter: 

Vector contents:
| 1 |
| -2.02762e-05 |
| 9.0186e-50 |
Q_tmp at 0 iter: 

[[cMatrix]]
| -1 | 4.05524e-05 | -1.80372e-49 | 
| 4.05524e-05 | 1 | 3.65726e-54 | 
| -1.80372e-49 | 3.65726e-54 | 1 | 
Q_heap(0)

[[cMatrix]]
| -1 | 4.05524e-05 | -1.80372e-49 | 
| 4.05524e-05 | 1 | 3.65726e-54 | 
| -1.80372e-49 | 3.65726e-54 | 1 | 
===========================QR SECTION==========================
Vector x at 1 iter: 

Vector contents:
| 1866.56 |
| -1.05048e-41 |
Alpha 1866.56 at 1 iter: 

Vector u at 1 iter: 

Vector contents:
| 3733.12 |
| -1.05048e-41 |
Vector v at 1 iter: 

Vector contents:
| 1 |
| -2.81395e-45 |
Q_tmp at 1 iter: 

[[cMatrix]]
| -1 | 5.6279e-45 | 
| 5.6279e-45 | 1 | 
Q_heap(1)

[[cMatrix]]
| 1 | 0 | 0 | 
| 0 | -1 | 5.6279e-45 | 
| 0 | 5.6279e-45 | 1 | 
===========================EIGEN SECTION==========================
Eigenvalue matrix after 10 iterations of the QR algorithm
[[cMatrix]]
| 4498.64 | -0.182431 | -8.80729e-17 | 
| -0.182431 | 1866.56 | -4.08334e-17 | 
| 8.11429e-46 | -1.05048e-41 | 0.0503538 | 
Eigenvector matrix Q_0:
[[cMatrix]]
| -0.561816 | -0.139194 | 0.815468 | 
| -0.804419 | -0.138128 | -0.577781 | 
| 0.193063 | -0.980584 | -0.0343676 | 
Eigenvector matrix after multiplying by Q_1:
[[cMatrix]]
| 0.543355 | 0.198974 | 0.815582 | 
| 0.784539 | 0.225397 | -0.577663 | 
| -0.29877 | 0.953732 | -0.0336317 | 
Eigenvector matrix Q_1
[[cMatrix]]
| -0.994045 | -0.10897 | -1.70467e-05 | 
| 0.10897 | -0.994045 | -0.000753857 | 
| 6.52029e-05 | -0.000751226 | 1 | 
Number of iterations: 10
Eigenvector matrix after multiplying by Q_2:
[[cMatrix]]
| -0.533628 | -0.223757 | 0.815582 | 
| -0.77334 | -0.261247 | -0.577663 | 
| 0.342325 | -0.93898 | -0.0336317 | 
Eigenvector matrix Q_2
[[cMatrix]]
| -0.998941 | -0.0459993 | 1.93623e-10 | 
| 0.0459993 | -0.998941 | 2.01116e-08 | 
| -7.317e-10 | 2.00992e-08 | 1 | 
Number of iterations: 10
Eigenvector matrix after multiplying by Q_3:
[[cMatrix]]
| 0.529246 | 0.233931 | 0.815582 | 
| 0.768198 | 0.276004 | -0.577663 | 
| -0.360237 | 0.932254 | -0.0336317 | 
Eigenvector matrix Q_3
[[cMatrix]]
| -0.999817 | -0.0191434 | -2.17282e-15 | 
| 0.0191434 | -0.999817 | -5.41494e-13 | 
| 8.19362e-15 | -5.41436e-13 | 1 | 
Number of iterations: 10
Eigenvector matrix after multiplying by Q_4:
[[cMatrix]]
| -0.527371 | -0.23813 | 0.815582 | 
| -0.76598 | -0.2821 | -0.577663 | 
| 0.367634 | -0.929362 | -0.0336317 | 
Eigenvector matrix Q_4
[[cMatrix]]
| -0.999968 | -0.00794705 | 2.43314e-20 | 
| 0.00794705 | -0.999968 | 1.46029e-17 | 
| -9.1719e-20 | 1.46026e-17 | 1 | 
Number of iterations: 10
Eigenvector matrix after multiplying by Q_5:
[[cMatrix]]
| 0.526582 | 0.239868 | 0.815582 | 
| 0.765045 | 0.284624 | -0.577663 | 
| -0.370697 | 0.928145 | -0.0336317 | 
Eigenvector matrix Q_5
[[cMatrix]]
| -0.999995 | -0.00329766 | -2.72364e-25 | 
| 0.00329766 | -0.999995 | -3.93915e-22 | 
| 1.02663e-24 | -3.93914e-22 | 1 | 
Number of iterations: 10
Eigenvector matrix after multiplying by Q_6:
[[cMatrix]]
| -0.526254 | -0.240588 | 0.815582 | 
| -0.764655 | -0.285671 | -0.577663 | 
| 0.371967 | -0.927637 | -0.0336317 | 
Eigenvector matrix Q_6
[[cMatrix]]
| -0.999999 | -0.00136827 | 3.04864e-30 | 
| 0.00136827 | -0.999999 | 1.06264e-26 | 
| -1.14912e-29 | 1.06264e-26 | 1 | 
Number of iterations: 10
Eigenvector matrix after multiplying by Q_7:
[[cMatrix]]
| 0.526117 | 0.240887 | 0.815582 | 
| 0.764493 | 0.286105 | -0.577663 | 
| -0.372493 | 0.927425 | -0.0336317 | 
Eigenvector matrix Q_7
[[cMatrix]]
| -1 | -0.000567721 | -3.41238e-35 | 
| 0.000567721 | -1 | -2.86667e-31 | 
| 1.28623e-34 | -2.86666e-31 | 1 | 
Number of iterations: 10
Eigenvector matrix after multiplying by Q_8:
[[cMatrix]]
| -0.52606 | -0.241011 | 0.815582 | 
| -0.764426 | -0.286285 | -0.577663 | 
| 0.372712 | -0.927337 | -0.0336317 | 
Eigenvector matrix Q_8
[[cMatrix]]
| -1 | -0.000235557 | 3.81952e-40 | 
| 0.000235557 | -1 | 7.73333e-36 | 
| -1.43969e-39 | 7.73333e-36 | 1 | 
Number of iterations: 10
Eigenvector matrix after multiplying by Q_9:
[[cMatrix]]
| 0.526037 | 0.241062 | 0.815582 | 
| 0.764398 | 0.28636 | -0.577663 | 
| -0.372802 | 0.927301 | -0.0336317 | 
Eigenvector matrix Q_9
[[cMatrix]]
| -1 | -9.77364e-05 | -4.27522e-45 | 
| 9.77364e-05 | -1 | -2.0862e-40 | 
| 1.61146e-44 | -2.0862e-40 | 1 | 
Number of iterations: 10
Eigenvector matrix after multiplying by Q_10:
[[cMatrix]]
| -0.526027 | -0.241083 | 0.815582 | 
| -0.764386 | -0.286391 | -0.577663 | 
| 0.37284 | -0.927286 | -0.0336317 | 
Eigenvector matrix Q_10
[[cMatrix]]
| -1 | -4.05524e-05 | 4.7853e-50 | 
| 4.05524e-05 | -1 | 5.6279e-45 | 
| -1.80372e-49 | 5.6279e-45 | 1 | 
Number of iterations: 10
===========================SVD SECTION==========================
A*A' = 
[[cMatrix]]
| 1353.3 | 1937.67 | -465.047 | 
| 1937.67 | 2781.57 | -786.434 | 
| -465.047 | -786.434 | 2230.39 | 

Eigenvectors of A*A' (U) = 

[[cMatrix]]
| -0.526027 | -0.241083 | 0.815582 | 
| -0.764386 | -0.286391 | -0.577663 | 
| 0.37284 | -0.927286 | -0.0336317 | 

Singular values of A'*A (S) = 

[[cMatrix]]
| 67.0719 | 0 | 0 | 
| 0 | 43.2037 | 0 | 
| 0 | 0 | 0.224396 | 

Eigenvectors of A'*A (V) = 

[[cMatrix]]
| 0.165811 | 0.498667 | 0.850784 | 
| 0.538634 | -0.76848 | 0.345447 | 
| 0.826063 | 0.400961 | -0.396022 | 


Q_U = 
[[cMatrix]]
| -1 | -4.05524e-05 | 4.7853e-50 | 
| 4.05524e-05 | -1 | 5.6279e-45 | 
| -1.80372e-49 | 5.6279e-45 | 1 | 
Q_U iter = 10
Q_V = 
[[cMatrix]]
| 0 | 0 | 0 | 0 | 
| 0 | 0 | 0 | 0 | 
| 0 | 0 | 0 | 0 | 
| 0 | 0 | 0 | 0 | 
Q_V iter = 2685004



Original matrix A = U*S*V' = 
[[cMatrix]]
| -10.8884 | -10.9364 | -33.3936 | 
| -14.7813 | -18.1514 | -47.2611 | 
| -15.8377 | 44.2541 | 4.59707 | 
===========================KABSCH SECTION==========================

Centroid of A = 
Vector contents:
| 2.25 |
| 4.5 |
| 6.25 |

Centroid of B = 
Vector contents:
| -3.41766 |
| -6.70705 |
| 2.77671 |

A - centroidA =
[[cMatrix]]
| -0.25 | -0.25 | -2.25 | 2.75 | 
| 1.5 | 4.5 | -1.5 | -4.5 | 
| 1.75 | 2.75 | -6.25 | 1.75 | 

B - centroidB =
[[cMatrix]]
| -1.34093 | -1.6441 | 3.96869 | -0.98366 | 
| -1.30215 | -2.99321 | 5.53349 | -1.23811 | 
| 1.37161 | 4.02649 | -0.0713225 | -5.32677 | 

H = 
[[cMatrix]]
| -10.8884 | -10.9364 | -33.3936 | 
| -14.7813 | -18.1514 | -47.2611 | 
| -15.8377 | 44.2541 | 4.59707 | 

Det of R = 1

Rotation matrix = 
[[cMatrix]]
| 0.486443 | -0.761024 | -0.429199 | 
| 0.183672 | -0.391191 | 0.901807 | 
| -0.854185 | -0.517495 | -0.0504968 | 

R * B = 
[[cMatrix]]
| 1.99995 | 1.99994 | -3.80326e-07 | 4.99995 | 
| 6.00009 | 9.00012 | 3.00003 | 1.08104e-05 | 
| 7.99996 | 8.99998 | 1.65776e-05 | 7.99989 | 

Translation matrix = 
Vector contents:
| 3.79065e-05 |
| -6.37118e-05 |
| 3.90841e-05 |

Result of the algorithm: 

R * B + t = A
[[cMatrix]]
| 1.99999 | 1.99998 | 3.75262e-05 | 4.99999 | 
| 6.00002 | 9.00006 | 2.99997 | -5.29014e-05 | 
| 8 | 9.00001 | 5.56617e-05 | 7.99993 | 

Original matrix A = 
[[cMatrix]]
| 2 | 2 | 0 | 5 | 
| 6 | 9 | 3 | 0 | 
| 8 | 9 | 0 | 8 | 

Transformed matrix B = 
[[cMatrix]]
| -4.75859 | -5.06176 | 0.55103 | -4.40132 | 
| -8.0092 | -9.70026 | -1.17356 | -7.94516 | 
| 4.14832 | 6.8032 | 2.70539 | -2.55006 | 
