
Original matrix A = 
[[cMatrix]]
| 2 | 2 | 3 | 2 | 5 | 8 | 7 | 6 | 2 | 8 | 1 | 6 | 7 | 
| 1 | 0 | 6 | 4 | 7 | 2 | 7 | 6 | 0 | 5 | 8 | 4 | 2 | 
| 4 | 9 | 5 | 0 | 0 | 2 | 3 | 0 | 8 | 8 | 0 | 0 | 7 | 

Transformed matrix B = 
[[cMatrix]]
| -2.74545 | -6.49218 | -0.61265 | 1.66207 | 2.23225 | -3.56767 | -0.53303 | 1.14036 | -5.87103 | -5.37165 | 4.67688 | -0.14159 | -6.2225 | 
| -1.23863 | -4.40713 | -1.69682 | 1.05439 | 2.96567 | 4.44481 | 2.49263 | 3.82257 | -3.75145 | 0.18102 | -0.13221 | 4.04238 | 0.41941 | 
| -3.45373 | -4.84033 | -8.16979 | -4.01569 | -7.76027 | -6.28613 | -10.0251 | -7.48916 | -4.41108 | -11.1406 | -6.56577 | -5.96985 | -7.94384 | 
===========================QR SECTION==========================
Vector x at 0 iter: 

Vector contents:
| 28947.8 |
| 15491 |
| -1887.01 |
Alpha 32886.3 at 0 iter: 

Vector u at 0 iter: 

Vector contents:
| 61834.2 |
| 15491 |
| -1887.01 |
Vector v at 0 iter: 

Vector contents:
| 0.969598 |
| 0.242908 |
| -0.0295896 |
Q_tmp at 0 iter: 

[[cMatrix]]
| -0.88024 | -0.471047 | 0.0573799 | 
| -0.471047 | 0.881991 | 0.0143751 | 
| 0.0573799 | 0.0143751 | 0.998249 | 
Q_heap(0)

[[cMatrix]]
| -0.88024 | -0.471047 | 0.0573799 | 
| -0.471047 | 0.881991 | 0.0143751 | 
| 0.0573799 | 0.0143751 | 0.998249 | 
===========================QR SECTION==========================
Vector x at 1 iter: 

Vector contents:
| 5150.85 |
| -3211.54 |
Alpha 6070.03 at 1 iter: 

Vector u at 1 iter: 

Vector contents:
| 11220.9 |
| -3211.54 |
Vector v at 1 iter: 

Vector contents:
| 0.961398 |
| -0.275163 |
Q_tmp at 1 iter: 

[[cMatrix]]
| -0.848571 | 0.529082 | 
| 0.529082 | 0.848571 | 
Q_heap(1)

[[cMatrix]]
| 1 | 0 | 0 | 
| 0 | -0.848571 | 0.529082 | 
| 0 | 0.529082 | 0.848571 | 
===========================QR SECTION==========================
Vector x at 0 iter: 

Vector contents:
| 38861.9 |
| 3134.58 |
| 132.809 |
Alpha 38988.3 at 0 iter: 

Vector u at 0 iter: 

Vector contents:
| 77850.2 |
| 3134.58 |
| 132.809 |
Vector v at 0 iter: 

Vector contents:
| 0.999189 |
| 0.0402316 |
| 0.00170458 |
Q_tmp at 0 iter: 

[[cMatrix]]
| -0.996757 | -0.0803979 | -0.00340639 | 
| -0.0803979 | 0.996763 | -0.000137156 | 
| -0.00340639 | -0.000137156 | 0.999994 | 
Q_heap(0)

[[cMatrix]]
| -0.996757 | -0.0803979 | -0.00340639 | 
| -0.0803979 | 0.996763 | -0.000137156 | 
| -0.00340639 | -0.000137156 | 0.999994 | 
===========================QR SECTION==========================
Vector x at 1 iter: 

Vector contents:
| 6697.65 |
| 1182.57 |
Alpha 6801.25 at 1 iter: 

Vector u at 1 iter: 

Vector contents:
| 13498.9 |
| 1182.57 |
Vector v at 1 iter: 

Vector contents:
| 0.996185 |
| 0.0872709 |
Q_tmp at 1 iter: 

[[cMatrix]]
| -0.984768 | -0.173876 | 
| -0.173876 | 0.984768 | 
Q_heap(1)

[[cMatrix]]
| 1 | 0 | 0 | 
| 0 | -0.984768 | -0.173876 | 
| 0 | -0.173876 | 0.984768 | 
===========================QR SECTION==========================
Vector x at 0 iter: 

Vector contents:
| 39159.3 |
| 551.934 |
| -5.93534 |
Alpha 39163.2 at 0 iter: 

Vector u at 0 iter: 

Vector contents:
| 78322.4 |
| 551.934 |
| -5.93534 |
Vector v at 0 iter: 

Vector contents:
| 0.999975 |
| 0.00704677 |
| -7.5779e-05 |
Q_tmp at 0 iter: 

[[cMatrix]]
| -0.999901 | -0.0140932 | 0.000151554 | 
| -0.0140932 | 0.999901 | 1.06799e-06 | 
| 0.000151554 | 1.06799e-06 | 1 | 
Q_heap(0)

[[cMatrix]]
| -0.999901 | -0.0140932 | 0.000151554 | 
| -0.0140932 | 0.999901 | 1.06799e-06 | 
| 0.000151554 | 1.06799e-06 | 1 | 
===========================QR SECTION==========================
Vector x at 1 iter: 

Vector contents:
| 6928.87 |
| -302.636 |
Alpha 6935.48 at 1 iter: 

Vector u at 1 iter: 

Vector contents:
| 13864.4 |
| -302.636 |
Vector v at 1 iter: 

Vector contents:
| 0.999762 |
| -0.0218231 |
Q_tmp at 1 iter: 

[[cMatrix]]
| -0.999048 | 0.0436359 | 
| 0.0436359 | 0.999048 | 
Q_heap(1)

[[cMatrix]]
| 1 | 0 | 0 | 
| 0 | -0.999048 | 0.0436359 | 
| 0 | 0.0436359 | 0.999048 | 
===========================QR SECTION==========================
Vector x at 0 iter: 

Vector contents:
| 39168.4 |
| 97.8002 |
| 0.257804 |
Alpha 39168.6 at 0 iter: 

Vector u at 0 iter: 

Vector contents:
| 78337 |
| 97.8002 |
| 0.257804 |
Vector v at 0 iter: 

Vector contents:
| 0.999999 |
| 0.00124845 |
| 3.29095e-06 |
Q_tmp at 0 iter: 

[[cMatrix]]
| -0.999997 | -0.00249691 | -6.5819e-06 | 
| -0.00249691 | 0.999997 | -8.21721e-09 | 
| -6.5819e-06 | -8.21721e-09 | 1 | 
Q_heap(0)

[[cMatrix]]
| -0.999997 | -0.00249691 | -6.5819e-06 | 
| -0.00249691 | 0.999997 | -8.21721e-09 | 
| -6.5819e-06 | -8.21721e-09 | 1 | 
===========================QR SECTION==========================
Vector x at 1 iter: 

Vector contents:
| 6944.38 |
| 74.2249 |
Alpha 6944.77 at 1 iter: 

Vector u at 1 iter: 

Vector contents:
| 13889.2 |
| 74.2249 |
Vector v at 1 iter: 

Vector contents:
| 0.999986 |
| 0.00534401 |
Q_tmp at 1 iter: 

[[cMatrix]]
| -0.999943 | -0.0106879 | 
| -0.0106879 | 0.999943 | 
Q_heap(1)

[[cMatrix]]
| 1 | 0 | 0 | 
| 0 | -0.999943 | -0.0106879 | 
| 0 | -0.0106879 | 0.999943 | 
===========================QR SECTION==========================
Vector x at 0 iter: 

Vector contents:
| 39168.7 |
| 17.3411 |
| -0.0111797 |
Alpha 39168.7 at 0 iter: 

Vector u at 0 iter: 

Vector contents:
| 78337.4 |
| 17.3411 |
| -0.0111797 |
Vector v at 0 iter: 

Vector contents:
| 1 |
| 0.000221364 |
| -1.42712e-07 |
Q_tmp at 0 iter: 

[[cMatrix]]
| -1 | -0.000442727 | 2.85424e-07 | 
| -0.000442727 | 1 | 6.31826e-11 | 
| 2.85424e-07 | 6.31826e-11 | 1 | 
Q_heap(0)

[[cMatrix]]
| -1 | -0.000442727 | 2.85424e-07 | 
| -0.000442727 | 1 | 6.31826e-11 | 
| 2.85424e-07 | 6.31826e-11 | 1 | 
===========================QR SECTION==========================
Vector x at 1 iter: 

Vector contents:
| 6945.33 |
| -18.1539 |
Alpha 6945.36 at 1 iter: 

Vector u at 1 iter: 

Vector contents:
| 13890.7 |
| -18.1539 |
Vector v at 1 iter: 

Vector contents:
| 0.999999 |
| -0.00130691 |
Q_tmp at 1 iter: 

[[cMatrix]]
| -0.999997 | 0.00261382 | 
| 0.00261382 | 0.999997 | 
Q_heap(1)

[[cMatrix]]
| 1 | 0 | 0 | 
| 0 | -0.999997 | 0.00261382 | 
| 0 | 0.00261382 | 0.999997 | 
===========================QR SECTION==========================
Vector x at 0 iter: 

Vector contents:
| 39168.7 |
| 3.07491 |
| 0.000484766 |
Alpha 39168.7 at 0 iter: 

Vector u at 0 iter: 

Vector contents:
| 78337.5 |
| 3.07491 |
| 0.000484766 |
Vector v at 0 iter: 

Vector contents:
| 1 |
| 3.9252e-05 |
| 6.18818e-09 |
Q_tmp at 0 iter: 

[[cMatrix]]
| -1 | -7.85041e-05 | -1.23764e-08 | 
| -7.85041e-05 | 1 | -4.85797e-13 | 
| -1.23764e-08 | -4.85797e-13 | 1 | 
Q_heap(0)

[[cMatrix]]
| -1 | -7.85041e-05 | -1.23764e-08 | 
| -7.85041e-05 | 1 | -4.85797e-13 | 
| -1.23764e-08 | -4.85797e-13 | 1 | 
===========================QR SECTION==========================
Vector x at 1 iter: 

Vector contents:
| 6945.39 |
| 4.43932 |
Alpha 6945.39 at 1 iter: 

Vector u at 1 iter: 

Vector contents:
| 13890.8 |
| 4.43932 |
Vector v at 1 iter: 

Vector contents:
| 1 |
| 0.000319587 |
Q_tmp at 1 iter: 

[[cMatrix]]
| -1 | -0.000639175 | 
| -0.000639175 | 1 | 
Q_heap(1)

[[cMatrix]]
| 1 | 0 | 0 | 
| 0 | -1 | -0.000639175 | 
| 0 | -0.000639175 | 1 | 
===========================QR SECTION==========================
Vector x at 0 iter: 

Vector contents:
| 39168.7 |
| 0.545242 |
| -2.10199e-05 |
Alpha 39168.7 at 0 iter: 

Vector u at 0 iter: 

Vector contents:
| 78337.5 |
| 0.545242 |
| -2.10199e-05 |
Vector v at 0 iter: 

Vector contents:
| 1 |
| 6.96017e-06 |
| -2.68325e-10 |
Q_tmp at 0 iter: 

[[cMatrix]]
| -1 | -1.39203e-05 | 5.36651e-10 | 
| -1.39203e-05 | 1 | 3.73518e-15 | 
| 5.36651e-10 | 3.73518e-15 | 1 | 
Q_heap(0)

[[cMatrix]]
| -1 | -1.39203e-05 | 5.36651e-10 | 
| -1.39203e-05 | 1 | 3.73518e-15 | 
| 5.36651e-10 | 3.73518e-15 | 1 | 
===========================QR SECTION==========================
Vector x at 1 iter: 

Vector contents:
| 6945.4 |
| -1.08557 |
Alpha 6945.4 at 1 iter: 

Vector u at 1 iter: 

Vector contents:
| 13890.8 |
| -1.08557 |
Vector v at 1 iter: 

Vector contents:
| 1 |
| -7.81504e-05 |
Q_tmp at 1 iter: 

[[cMatrix]]
| -1 | 0.000156301 | 
| 0.000156301 | 1 | 
Q_heap(1)

[[cMatrix]]
| 1 | 0 | 0 | 
| 0 | -1 | 0.000156301 | 
| 0 | 0.000156301 | 1 | 
===========================EIGEN SECTION==========================
Eigenvalue matrix after 6 iterations of the QR algorithm
[[cMatrix]]
| 39168.7 | 0.545242 | -2.10199e-05 | 
| 0.545242 | 6945.4 | -1.08557 | 
| -2.10199e-05 | -1.08557 | 1698.39 | 
Eigenvector matrix Q_0:
[[cMatrix]]
| -0.88024 | 0.430075 | -0.200531 | 
| -0.471047 | -0.740826 | 0.478844 | 
| 0.0573799 | 0.515957 | 0.854691 | 
Eigenvector matrix after multiplying by Q_1:
[[cMatrix]]
| 0.843491 | -0.457515 | -0.281428 | 
| 0.527449 | 0.606395 | 0.595049 | 
| -0.101587 | -0.650357 | 0.752805 | 
Eigenvector matrix Q_1
[[cMatrix]]
| -0.996757 | 0.0797655 | 0.0106247 | 
| -0.0803979 | -0.981556 | -0.173448 | 
| -0.00340639 | -0.17374 | 0.984786 | 
Number of iterations: 6
Eigenvector matrix after multiplying by Q_2:
[[cMatrix]]
| -0.837002 | 0.456636 | -0.301514 | 
| -0.535852 | -0.572363 | 0.620696 | 
| 0.110857 | 0.681091 | 0.723758 | 
Eigenvector matrix Q_2
[[cMatrix]]
| -0.999901 | 0.0140864 | -0.000463559 | 
| -0.0140932 | -0.998948 | 0.0436326 | 
| 0.000151554 | 0.0436348 | 0.999048 | 
Number of iterations: 6
Eigenvector matrix after multiplying by Q_3:
[[cMatrix]]
| 0.835862 | -0.455476 | -0.306394 | 
| 0.537276 | 0.564356 | 0.626767 | 
| -0.112562 | -0.688508 | 0.71644 | 
Eigenvector matrix Q_3
[[cMatrix]]
| -0.999997 | 0.00249683 | 2.01051e-05 | 
| -0.00249691 | -0.99994 | -0.0106879 | 
| -6.5819e-06 | -0.0106879 | 0.999943 | 
Number of iterations: 6
Eigenvector matrix after multiplying by Q_4:
[[cMatrix]]
| -0.83566 | 0.455043 | -0.307584 | 
| -0.537525 | -0.562478 | 0.628239 | 
| 0.112867 | 0.690329 | 0.714638 | 
Eigenvector matrix Q_4
[[cMatrix]]
| -1 | 0.000442726 | -8.71785e-07 | 
| -0.000442727 | -0.999996 | 0.00261382 | 
| 2.85424e-07 | 0.00261382 | 0.999997 | 
Number of iterations: 6
Eigenvector matrix after multiplying by Q_5:
[[cMatrix]]
| 0.835624 | -0.454912 | -0.307875 | 
| 0.537569 | 0.562034 | 0.628599 | 
| -0.112921 | -0.690777 | 0.714196 | 
Eigenvector matrix Q_5
[[cMatrix]]
| -1 | 7.85041e-05 | 3.78015e-08 | 
| -7.85041e-05 | -1 | -0.000639175 | 
| -1.23764e-08 | -0.000639175 | 1 | 
Number of iterations: 6
Eigenvector matrix after multiplying by Q_6:
[[cMatrix]]
| -0.835618 | 0.454876 | -0.307946 | 
| -0.537577 | -0.561929 | 0.628687 | 
| 0.112931 | 0.690887 | 0.714088 | 
Eigenvector matrix Q_6
[[cMatrix]]
| -1 | 1.39203e-05 | -1.63911e-09 | 
| -1.39203e-05 | -1 | 0.000156301 | 
| 5.36651e-10 | 0.000156301 | 1 | 
Number of iterations: 6
===========================SVD SECTION==========================
A*A' = 
[[cMatrix]]
| 28947.8 | 15491 | -1887.01 | 
| 15491 | 14183.6 | -4311.85 | 
| -1887.01 | -4311.85 | 4681.06 | 

Eigenvectors of A*A' (U) = 

[[cMatrix]]
| -0.835618 | 0.454876 | -0.307946 | 
| -0.537577 | -0.561929 | 0.628687 | 
| 0.112931 | 0.690887 | 0.714088 | 

Singular values of A'*A (S) = 

[[cMatrix]]
| 197.911 | 0 | 0 | 
| 0 | 83.339 | 0 | 
| 0 | 0 | 41.2116 | 

Eigenvectors of A'*A (V) = 

[[cMatrix]]
| -0.0799489 | -0.962389 | 0.259574 | 
| -0.562318 | -0.171537 | -0.808948 | 
| 0.823047 | -0.210673 | -0.52747 | 


Q_U = 
[[cMatrix]]
| -1 | 1.39203e-05 | -1.63911e-09 | 
| -1.39203e-05 | -1 | 0.000156301 | 
| 5.36651e-10 | 0.000156301 | 1 | 
Q_U iter = 6
Q_V = 
[[cMatrix]]
| 0 | 0 | 0 | 0 | 
| 0 | 0 | 0 | 0 | 
| 0 | 0 | 0 | 0 | 
| 0 | 0 | 0 | 0 | 
Q_V iter = 2685004



Original matrix A = U*S*V' = 
[[cMatrix]]
| -26.5556 | 96.7585 | -137.406 | 
| 60.3005 | 46.9003 | -91.3663 | 
| -49.5602 | -46.2509 | -9.25763 | 
===========================KABSCH SECTION==========================

Centroid of A = 
Vector contents:
| 4.53846 |
| 4 |
| 3.53846 |

Centroid of B = 
Vector contents:
| -1.68048 |
| 0.630511 |
| -6.77472 |

A - centroidA =
[[cMatrix]]
| -2.53846 | -2.53846 | -1.53846 | -2.53846 | 0.461538 | 3.46154 | 2.46154 | 1.46154 | -2.53846 | 3.46154 | -3.53846 | 1.46154 | 2.46154 | 
| -3 | -4 | 2 | 0 | 3 | -2 | 3 | 2 | -4 | 1 | 4 | 0 | -2 | 
| 0.461538 | 5.46154 | 1.46154 | -3.53846 | -3.53846 | -1.53846 | -0.538462 | -3.53846 | 4.46154 | 4.46154 | -3.53846 | -3.53846 | 3.46154 | 

B - centroidB =
[[cMatrix]]
| -1.06497 | -4.8117 | 1.06783 | 3.34255 | 3.91273 | -1.88719 | 1.14745 | 2.82084 | -4.19055 | -3.69117 | 6.35736 | 1.53889 | -4.54202 | 
| -1.86914 | -5.03764 | -2.32733 | 0.423879 | 2.33516 | 3.8143 | 1.86212 | 3.19206 | -4.38196 | -0.449491 | -0.762721 | 3.41187 | -0.211101 | 
| 3.32099 | 1.93439 | -1.39507 | 2.75903 | -0.985552 | 0.488588 | -3.25038 | -0.714442 | 2.36364 | -4.36587 | 0.208948 | 0.804868 | -1.16912 | 

H = 
[[cMatrix]]
| -26.5556 | 96.7585 | -137.406 | 
| 60.3005 | 46.9003 | -91.3663 | 
| -49.5602 | -46.2509 | -9.25763 | 

Det of R = 1

Rotation matrix = 
[[cMatrix]]
| -0.450895 | 0.746963 | -0.488572 | 
| 0.640967 | -0.109894 | -0.759675 | 
| -0.621151 | -0.655682 | -0.429265 | 

R * B = 
[[cMatrix]]
| 2.00009 | 2.00018 | 3.00031 | 2.00012 | 5.00018 | 7.99998 | 7.00022 | 6.00013 | 2.00015 | 8.00024 | 1.00031 | 6.00005 | 7.00011 | 
| 1.00009 | 0.000122197 | 6.00017 | 4.00008 | 7.00018 | 2.0002 | 7.00024 | 6.00019 | 0.000113036 | 5.00029 | 8.00011 | 4.00016 | 2.00023 | 
| 4.00005 | 9.00008 | 5.00012 | 5.35692e-05 | 0.000110488 | 2.00009 | 3.00014 | 0.00010728 | 8.00007 | 8.00018 | 9.3035e-05 | 8.00526e-05 | 7.00012 | 

Translation matrix = 
Vector contents:
| -0.000159358 |
| -0.000167323 |
| -0.000100565 |

Result of the algorithm: 

R * B + t = A
[[cMatrix]]
| 1.99993 | 2.00002 | 3.00015 | 1.99996 | 5.00002 | 7.99982 | 7.00006 | 5.99997 | 1.99999 | 8.00008 | 1.00015 | 5.99989 | 6.99995 | 
| 0.999921 | -4.51258e-05 | 6 | 3.99992 | 7.00001 | 2.00003 | 7.00008 | 6.00002 | -5.42874e-05 | 5.00012 | 7.99994 | 3.99999 | 2.00006 | 
| 3.99995 | 8.99998 | 5.00002 | -4.69958e-05 | 9.9228e-06 | 1.99999 | 3.00004 | 6.71535e-06 | 7.99997 | 8.00008 | -7.52996e-06 | -2.05123e-05 | 7.00002 | 

Original matrix A = 
[[cMatrix]]
| 2 | 2 | 3 | 2 | 5 | 8 | 7 | 6 | 2 | 8 | 1 | 6 | 7 | 
| 1 | 0 | 6 | 4 | 7 | 2 | 7 | 6 | 0 | 5 | 8 | 4 | 2 | 
| 4 | 9 | 5 | 0 | 0 | 2 | 3 | 0 | 8 | 8 | 0 | 0 | 7 | 

Transformed matrix B = 
[[cMatrix]]
| -2.74545 | -6.49218 | -0.61265 | 1.66207 | 2.23225 | -3.56767 | -0.53303 | 1.14036 | -5.87103 | -5.37165 | 4.67688 | -0.14159 | -6.2225 | 
| -1.23863 | -4.40713 | -1.69682 | 1.05439 | 2.96567 | 4.44481 | 2.49263 | 3.82257 | -3.75145 | 0.18102 | -0.13221 | 4.04238 | 0.41941 | 
| -3.45373 | -4.84033 | -8.16979 | -4.01569 | -7.76027 | -6.28613 | -10.0251 | -7.48916 | -4.41108 | -11.1406 | -6.56577 | -5.96985 | -7.94384 | 
