
Original matrix A = 
[[cMatrix]]
| 5 | 2 | 3 | 5 | 3 | 7 | 3 | 9 | 5 | 1 | 6 | 5 | 1 | 0 | 8 | 5 | 9 | 0 | 5 | 
| 2 | 4 | 8 | 1 | 5 | 0 | 2 | 1 | 1 | 7 | 4 | 5 | 0 | 7 | 9 | 6 | 1 | 4 | 3 | 
| 7 | 7 | 0 | 4 | 0 | 4 | 5 | 8 | 1 | 1 | 9 | 9 | 4 | 7 | 1 | 7 | 7 | 8 | 8 | 

Transformed matrix B = 
[[cMatrix]]
| -0.08991 | 1.43517 | -4.8194 | -1.56427 | -3.8311 | -2.6908 | 0.16352 | -2.07113 | -3.36807 | -2.43274 | -0.27423 | 0.12432 | 1.67708 | 1.90283 | -8.18746 | -1.40764 | -2.6724 | 3.49239 | 0.18192 | 
| -8.31262 | -8.17683 | -5.33372 | -5.51537 | -3.77434 | -5.77915 | -6.01073 | -10.1191 | -3.2379 | -4.7895 | -11.2623 | -11.3903 | -3.42841 | -8.95263 | -8.57162 | -10.3918 | -9.35999 | -8.1524 | -9.59157 | 
| 2.98199 | -0.28232 | -4.61789 | 3.02222 | -2.25323 | 4.93568 | 1.35808 | 6.27003 | 2.27423 | -4.70558 | 2.46683 | 1.11599 | 1.55994 | -3.77222 | -2.34366 | -0.17089 | 6.0207 | -1.15823 | 2.4431 | 
===========================QR SECTION==========================
Vector x at 0 iter: 

Vector contents:
| 19260.7 |
| -8096.36 |
| 6862.5 |
Alpha 21991.4 at 0 iter: 

Vector u at 0 iter: 

Vector contents:
| 41252.1 |
| -8096.36 |
| 6862.5 |
Vector v at 0 iter: 

Vector contents:
| 0.96846 |
| -0.190075 |
| 0.161108 |
Q_tmp at 0 iter: 

[[cMatrix]]
| -0.875831 | 0.368161 | -0.312054 | 
| 0.368161 | 0.927743 | 0.0612455 | 
| -0.312054 | 0.0612455 | 0.948088 | 
Q_heap(0)

[[cMatrix]]
| -0.875831 | 0.368161 | -0.312054 | 
| 0.368161 | 0.927743 | 0.0612455 | 
| -0.312054 | 0.0612455 | 0.948088 | 
===========================QR SECTION==========================
Vector x at 1 iter: 

Vector contents:
| 13277.1 |
| -8600.66 |
Alpha 15819.4 at 1 iter: 

Vector u at 1 iter: 

Vector contents:
| 29096.5 |
| -8600.66 |
Vector v at 1 iter: 

Vector contents:
| 0.958982 |
| -0.283466 |
Q_tmp at 1 iter: 

[[cMatrix]]
| -0.839294 | 0.543678 | 
| 0.543678 | 0.839294 | 
Q_heap(1)

[[cMatrix]]
| 1 | 0 | 0 | 
| 0 | -0.839294 | 0.543678 | 
| 0 | 0.543678 | 0.839294 | 
===========================QR SECTION==========================
Vector x at 0 iter: 

Vector contents:
| 33209.7 |
| -13756.9 |
| -8259.33 |
Alpha 36882.9 at 0 iter: 

Vector u at 0 iter: 

Vector contents:
| 70092.6 |
| -13756.9 |
| -8259.33 |
Vector v at 0 iter: 

Vector contents:
| 0.974784 |
| -0.191318 |
| -0.114863 |
Q_tmp at 0 iter: 

[[cMatrix]]
| -0.900408 | 0.372987 | 0.223934 | 
| 0.372987 | 0.926795 | -0.0439507 | 
| 0.223934 | -0.0439507 | 0.973613 | 
Q_heap(0)

[[cMatrix]]
| -0.900408 | 0.372987 | 0.223934 | 
| 0.372987 | 0.926795 | -0.0439507 | 
| 0.223934 | -0.0439507 | 0.973613 | 
===========================QR SECTION==========================
Vector x at 1 iter: 

Vector contents:
| 16190 |
| 7840.92 |
Alpha 17988.8 at 1 iter: 

Vector u at 1 iter: 

Vector contents:
| 34178.8 |
| 7840.92 |
Vector v at 1 iter: 

Vector contents:
| 0.974681 |
| 0.2236 |
Q_tmp at 1 iter: 

[[cMatrix]]
| -0.900006 | -0.435878 | 
| -0.435878 | 0.900006 | 
Q_heap(1)

[[cMatrix]]
| 1 | 0 | 0 | 
| 0 | -0.900006 | -0.435878 | 
| 0 | -0.435878 | 0.900006 | 
===========================QR SECTION==========================
Vector x at 0 iter: 

Vector contents:
| 45928.7 |
| -10040.5 |
| 3107.77 |
Alpha 47116 at 0 iter: 

Vector u at 0 iter: 

Vector contents:
| 93044.7 |
| -10040.5 |
| 3107.77 |
Vector v at 0 iter: 

Vector contents:
| 0.99368 |
| -0.107229 |
| 0.0331897 |
Q_tmp at 0 iter: 

[[cMatrix]]
| -0.974801 | 0.213103 | -0.0659599 | 
| 0.213103 | 0.977004 | 0.00711779 | 
| -0.0659599 | 0.00711779 | 0.997797 | 
Q_heap(0)

[[cMatrix]]
| -0.974801 | 0.213103 | -0.0659599 | 
| 0.213103 | 0.977004 | 0.00711779 | 
| -0.0659599 | 0.00711779 | 0.997797 | 
===========================QR SECTION==========================
Vector x at 1 iter: 

Vector contents:
| 17737.9 |
| -4521.43 |
Alpha 18305.1 at 1 iter: 

Vector u at 1 iter: 

Vector contents:
| 36043 |
| -4521.43 |
Vector v at 1 iter: 

Vector contents:
| 0.992223 |
| -0.12447 |
Q_tmp at 1 iter: 

[[cMatrix]]
| -0.969014 | 0.247004 | 
| 0.247004 | 0.969014 | 
Q_heap(1)

[[cMatrix]]
| 1 | 0 | 0 | 
| 0 | -0.969014 | 0.247004 | 
| 0 | 0.247004 | 0.969014 | 
===========================QR SECTION==========================
Vector x at 0 iter: 

Vector contents:
| 49344.2 |
| -4384.43 |
| -704.201 |
Alpha 49543.6 at 0 iter: 

Vector u at 0 iter: 

Vector contents:
| 98887.8 |
| -4384.43 |
| -704.201 |
Vector v at 0 iter: 

Vector contents:
| 0.998993 |
| -0.0442927 |
| -0.00711404 |
Q_tmp at 0 iter: 

[[cMatrix]]
| -0.995975 | 0.0884963 | 0.0142138 | 
| 0.0884963 | 0.996076 | -0.000630201 | 
| 0.0142138 | -0.000630201 | 0.999899 | 
Q_heap(0)

[[cMatrix]]
| -0.995975 | 0.0884963 | 0.0142138 | 
| 0.0884963 | 0.996076 | -0.000630201 | 
| 0.0142138 | -0.000630201 | 0.999899 | 
===========================QR SECTION==========================
Vector x at 1 iter: 

Vector contents:
| 18589.7 |
| 2483.03 |
Alpha 18754.8 at 1 iter: 

Vector u at 1 iter: 

Vector contents:
| 37344.5 |
| 2483.03 |
Vector v at 1 iter: 

Vector contents:
| 0.997797 |
| 0.0663434 |
Q_tmp at 1 iter: 

[[cMatrix]]
| -0.991197 | -0.132394 | 
| -0.132394 | 0.991197 | 
Q_heap(1)

[[cMatrix]]
| 1 | 0 | 0 | 
| 0 | -0.991197 | -0.132394 | 
| 0 | -0.132394 | 0.991197 | 
===========================QR SECTION==========================
Vector x at 0 iter: 

Vector contents:
| 49898.4 |
| -1714.09 |
| 140.853 |
Alpha 49928 at 0 iter: 

Vector u at 0 iter: 

Vector contents:
| 99826.4 |
| -1714.09 |
| 140.853 |
Vector v at 0 iter: 

Vector contents:
| 0.999852 |
| -0.0171682 |
| 0.00141077 |
Q_tmp at 0 iter: 

[[cMatrix]]
| -0.999407 | 0.0343312 | -0.00282112 | 
| 0.0343312 | 0.999411 | 4.84406e-05 | 
| -0.00282112 | 4.84406e-05 | 0.999996 | 
Q_heap(0)

[[cMatrix]]
| -0.999407 | 0.0343312 | -0.00282112 | 
| 0.0343312 | 0.999411 | 4.84406e-05 | 
| -0.00282112 | 4.84406e-05 | 0.999996 | 
===========================QR SECTION==========================
Vector x at 1 iter: 

Vector contents:
| 18949 |
| -1299.89 |
Alpha 18993.5 at 1 iter: 

Vector u at 1 iter: 

Vector contents:
| 37942.5 |
| -1299.89 |
Vector v at 1 iter: 

Vector contents:
| 0.999414 |
| -0.0342395 |
Q_tmp at 1 iter: 

[[cMatrix]]
| -0.997655 | 0.0684388 | 
| 0.0684388 | 0.997655 | 
Q_heap(1)

[[cMatrix]]
| 1 | 0 | 0 | 
| 0 | -0.997655 | 0.0684388 | 
| 0 | 0.0684388 | 0.997655 | 
===========================QR SECTION==========================
Vector x at 0 iter: 

Vector contents:
| 49980.3 |
| -657.625 |
| -27.3923 |
Alpha 49984.7 at 0 iter: 

Vector u at 0 iter: 

Vector contents:
| 99965 |
| -657.625 |
| -27.3923 |
Vector v at 0 iter: 

Vector contents:
| 0.999978 |
| -0.00657841 |
| -0.000274013 |
Q_tmp at 0 iter: 

[[cMatrix]]
| -0.999913 | 0.0131565 | 0.000548014 | 
| 0.0131565 | 0.999913 | -3.60514e-06 | 
| 0.000548014 | -3.60514e-06 | 1 | 
Q_heap(0)

[[cMatrix]]
| -0.999913 | 0.0131565 | 0.000548014 | 
| 0.0131565 | 0.999913 | -3.60514e-06 | 
| 0.000548014 | -3.60514e-06 | 1 | 
===========================QR SECTION==========================
Vector x at 1 iter: 

Vector contents:
| 19062.1 |
| 663.621 |
Alpha 19073.6 at 1 iter: 

Vector u at 1 iter: 

Vector contents:
| 38135.7 |
| 663.621 |
Vector v at 1 iter: 

Vector contents:
| 0.999849 |
| 0.0173989 |
Q_tmp at 1 iter: 

[[cMatrix]]
| -0.999395 | -0.0347926 | 
| -0.0347926 | 0.999395 | 
Q_heap(1)

[[cMatrix]]
| 1 | 0 | 0 | 
| 0 | -0.999395 | -0.0347926 | 
| 0 | -0.0347926 | 0.999395 | 
===========================QR SECTION==========================
Vector x at 0 iter: 

Vector contents:
| 49992.3 |
| -251.491 |
| 5.29272 |
Alpha 49992.9 at 0 iter: 

Vector u at 0 iter: 

Vector contents:
| 99985.2 |
| -251.491 |
| 5.29272 |
Vector v at 0 iter: 

Vector contents:
| 0.999997 |
| -0.00251527 |
| 5.29348e-05 |
Q_tmp at 0 iter: 

[[cMatrix]]
| -0.999987 | 0.00503053 | -0.000105869 | 
| 0.00503053 | 0.999987 | 2.66291e-07 | 
| -0.000105869 | 2.66291e-07 | 1 | 
Q_heap(0)

[[cMatrix]]
| -0.999987 | 0.00503053 | -0.000105869 | 
| 0.00503053 | 0.999987 | 2.66291e-07 | 
| -0.000105869 | 2.66291e-07 | 1 | 
===========================QR SECTION==========================
Vector x at 1 iter: 

Vector contents:
| 19093.7 |
| -335.96 |
Alpha 19096.7 at 1 iter: 

Vector u at 1 iter: 

Vector contents:
| 38190.4 |
| -335.96 |
Vector v at 1 iter: 

Vector contents:
| 0.999961 |
| -0.00879665 |
Q_tmp at 1 iter: 

[[cMatrix]]
| -0.999845 | 0.0175926 | 
| 0.0175926 | 0.999845 | 
Q_heap(1)

[[cMatrix]]
| 1 | 0 | 0 | 
| 0 | -0.999845 | 0.0175926 | 
| 0 | 0.0175926 | 0.999845 | 
===========================QR SECTION==========================
Vector x at 0 iter: 

Vector contents:
| 49994.1 |
| -96.1199 |
| -1.02108 |
Alpha 49994.1 at 0 iter: 

Vector u at 0 iter: 

Vector contents:
| 99988.2 |
| -96.1199 |
| -1.02108 |
Vector v at 0 iter: 

Vector contents:
| 1 |
| -0.000961312 |
| -1.0212e-05 |
Q_tmp at 0 iter: 

[[cMatrix]]
| -0.999998 | 0.00192262 | 2.0424e-05 | 
| 0.00192262 | 0.999998 | -1.96339e-08 | 
| 2.0424e-05 | -1.96339e-08 | 1 | 
Q_heap(0)

[[cMatrix]]
| -0.999998 | 0.00192262 | 2.0424e-05 | 
| 0.00192262 | 0.999998 | -1.96339e-08 | 
| 2.0424e-05 | -1.96339e-08 | 1 | 
===========================QR SECTION==========================
Vector x at 1 iter: 

Vector contents:
| 19102.1 |
| 169.671 |
Alpha 19102.9 at 1 iter: 

Vector u at 1 iter: 

Vector contents:
| 38205.1 |
| 169.671 |
Vector v at 1 iter: 

Vector contents:
| 0.99999 |
| 0.00444103 |
Q_tmp at 1 iter: 

[[cMatrix]]
| -0.999961 | -0.00888197 | 
| -0.00888197 | 0.999961 | 
Q_heap(1)

[[cMatrix]]
| 1 | 0 | 0 | 
| 0 | -0.999961 | -0.00888197 | 
| 0 | -0.00888197 | 0.999961 | 
===========================QR SECTION==========================
Vector x at 0 iter: 

Vector contents:
| 49994.3 |
| -36.7329 |
| 0.196916 |
Alpha 49994.3 at 0 iter: 

Vector u at 0 iter: 

Vector contents:
| 99988.6 |
| -36.7329 |
| 0.196916 |
Vector v at 0 iter: 

Vector contents:
| 1 |
| -0.000367371 |
| 1.96938e-06 |
Q_tmp at 0 iter: 

[[cMatrix]]
| -1 | 0.000734741 | -3.93876e-06 | 
| 0.000734741 | 1 | 1.44698e-09 | 
| -3.93876e-06 | 1.44698e-09 | 1 | 
Q_heap(0)

[[cMatrix]]
| -1 | 0.000734741 | -3.93876e-06 | 
| 0.000734741 | 1 | 1.44698e-09 | 
| -3.93876e-06 | 1.44698e-09 | 1 | 
===========================QR SECTION==========================
Vector x at 1 iter: 

Vector contents:
| 19104.3 |
| -85.6339 |
Alpha 19104.5 at 1 iter: 

Vector u at 1 iter: 

Vector contents:
| 38208.9 |
| -85.6339 |
Vector v at 1 iter: 

Vector contents:
| 0.999997 |
| -0.0022412 |
Q_tmp at 1 iter: 

[[cMatrix]]
| -0.99999 | 0.00448238 | 
| 0.00448238 | 0.99999 | 
Q_heap(1)

[[cMatrix]]
| 1 | 0 | 0 | 
| 0 | -0.99999 | 0.00448238 | 
| 0 | 0.00448238 | 0.99999 | 
===========================QR SECTION==========================
Vector x at 0 iter: 

Vector contents:
| 49994.3 |
| -14.0374 |
| -0.0379716 |
Alpha 49994.3 at 0 iter: 

Vector u at 0 iter: 

Vector contents:
| 99988.7 |
| -14.0374 |
| -0.0379716 |
Vector v at 0 iter: 

Vector contents:
| 1 |
| -0.00014039 |
| -3.79759e-07 |
Q_tmp at 0 iter: 

[[cMatrix]]
| -1 | 0.00028078 | 7.59518e-07 | 
| 0.00028078 | 1 | -1.06629e-10 | 
| 7.59518e-07 | -1.06629e-10 | 1 | 
Q_heap(0)

[[cMatrix]]
| -1 | 0.00028078 | 7.59518e-07 | 
| 0.00028078 | 1 | -1.06629e-10 | 
| 7.59518e-07 | -1.06629e-10 | 1 | 
===========================QR SECTION==========================
Vector x at 1 iter: 

Vector contents:
| 19104.9 |
| 43.2124 |
Alpha 19105 at 1 iter: 

Vector u at 1 iter: 

Vector contents:
| 38209.9 |
| 43.2124 |
Vector v at 1 iter: 

Vector contents:
| 0.999999 |
| 0.00113092 |
Q_tmp at 1 iter: 

[[cMatrix]]
| -0.999997 | -0.00226184 | 
| -0.00226184 | 0.999997 | 
Q_heap(1)

[[cMatrix]]
| 1 | 0 | 0 | 
| 0 | -0.999997 | -0.00226184 | 
| 0 | -0.00226184 | 0.999997 | 
===========================QR SECTION==========================
Vector x at 0 iter: 

Vector contents:
| 49994.4 |
| -5.36434 |
| 0.00732197 |
Alpha 49994.4 at 0 iter: 

Vector u at 0 iter: 

Vector contents:
| 99988.7 |
| -5.36434 |
| 0.00732197 |
Vector v at 0 iter: 

Vector contents:
| 1 |
| -5.36494e-05 |
| 7.3228e-08 |
Q_tmp at 0 iter: 

[[cMatrix]]
| -1 | 0.000107299 | -1.46456e-07 | 
| 0.000107299 | 1 | 7.85727e-12 | 
| -1.46456e-07 | 7.85727e-12 | 1 | 
Q_heap(0)

[[cMatrix]]
| -1 | 0.000107299 | -1.46456e-07 | 
| 0.000107299 | 1 | 7.85727e-12 | 
| -1.46456e-07 | 7.85727e-12 | 1 | 
===========================QR SECTION==========================
Vector x at 1 iter: 

Vector contents:
| 19105.1 |
| -21.8048 |
Alpha 19105.1 at 1 iter: 

Vector u at 1 iter: 

Vector contents:
| 38210.1 |
| -21.8048 |
Vector v at 1 iter: 

Vector contents:
| 1 |
| -0.000570654 |
Q_tmp at 1 iter: 

[[cMatrix]]
| -0.999999 | 0.00114131 | 
| 0.00114131 | 0.999999 | 
Q_heap(1)

[[cMatrix]]
| 1 | 0 | 0 | 
| 0 | -0.999999 | 0.00114131 | 
| 0 | 0.00114131 | 0.999999 | 
===========================QR SECTION==========================
Vector x at 0 iter: 

Vector contents:
| 49994.4 |
| -2.04996 |
| -0.00141187 |
Alpha 49994.4 at 0 iter: 

Vector u at 0 iter: 

Vector contents:
| 99988.7 |
| -2.04996 |
| -0.00141187 |
Vector v at 0 iter: 

Vector contents:
| 1 |
| -2.05019e-05 |
| -1.41203e-08 |
Q_tmp at 0 iter: 

[[cMatrix]]
| -1 | 4.10038e-05 | 2.82405e-08 | 
| 4.10038e-05 | 1 | -5.78985e-13 | 
| 2.82405e-08 | -5.78985e-13 | 1 | 
Q_heap(0)

[[cMatrix]]
| -1 | 4.10038e-05 | 2.82405e-08 | 
| 4.10038e-05 | 1 | -5.78985e-13 | 
| 2.82405e-08 | -5.78985e-13 | 1 | 
===========================QR SECTION==========================
Vector x at 1 iter: 

Vector contents:
| 19105.1 |
| 11.0025 |
Alpha 19105.1 at 1 iter: 

Vector u at 1 iter: 

Vector contents:
| 38210.2 |
| 11.0025 |
Vector v at 1 iter: 

Vector contents:
| 1 |
| 0.000287946 |
Q_tmp at 1 iter: 

[[cMatrix]]
| -1 | -0.000575892 | 
| -0.000575892 | 1 | 
Q_heap(1)

[[cMatrix]]
| 1 | 0 | 0 | 
| 0 | -1 | -0.000575892 | 
| 0 | -0.000575892 | 1 | 
===========================EIGEN SECTION==========================
Eigenvalue matrix after 11 iterations of the QR algorithm
[[cMatrix]]
| 49994.4 | -2.04996 | -0.00141187 | 
| -2.04996 | 19105.1 | 11.0025 | 
| -0.00141187 | 11.0025 | 9640.22 | 
Eigenvector matrix Q_0:
[[cMatrix]]
| -0.875831 | -0.478652 | -0.0617444 | 
| 0.368161 | -0.745351 | 0.555796 | 
| -0.312054 | 0.464051 | 0.829023 | 
Eigenvector matrix after multiplying by Q_1:
[[cMatrix]]
| 0.596247 | 0.793341 | 0.122881 | 
| -0.48504 | 0.234029 | 0.842595 | 
| 0.639707 | -0.561997 | 0.524341 | 
Eigenvector matrix Q_1
[[cMatrix]]
| -0.900408 | -0.433298 | 0.038965 | 
| 0.372987 | -0.814964 | -0.443525 | 
| 0.223934 | -0.38482 | 0.895415 | 
Number of iterations: 11
Eigenvector matrix after multiplying by Q_2:
[[cMatrix]]
| -0.420265 | -0.853087 | 0.309226 | 
| 0.467112 | 0.0887658 | 0.879731 | 
| -0.777936 | 0.514163 | 0.361182 | 
Eigenvector matrix Q_2
[[cMatrix]]
| -0.974801 | -0.222792 | -0.0112789 | 
| 0.213103 | -0.944973 | 0.248221 | 
| -0.0659599 | 0.239563 | 0.968638 | 
Number of iterations: 11
Eigenvector matrix after multiplying by Q_3:
[[cMatrix]]
| 0.347473 | 0.839101 | 0.418535 | 
| -0.444872 | -0.245395 | 0.861319 | 
| 0.82544 | -0.48548 | 0.288025 | 
Eigenvector matrix Q_3
[[cMatrix]]
| -0.995975 | -0.0895991 | 0.00237221 | 
| 0.0884963 | -0.987225 | -0.1325 | 
| 0.0142138 | -0.131756 | 0.99118 | 
Number of iterations: 11
Eigenvector matrix after multiplying by Q_4:
[[cMatrix]]
| -0.31964 | -0.819982 | 0.474826 | 
| 0.433754 | 0.318903 | 0.842709 | 
| -0.84243 | 0.475321 | 0.253736 | 
Eigenvector matrix Q_4
[[cMatrix]]
| -0.999407 | -0.0344438 | -0.000464915 | 
| 0.0343312 | -0.997064 | 0.0684467 | 
| -0.00282112 | 0.0683902 | 0.997655 | 
Number of iterations: 11
Eigenvector matrix after multiplying by Q_5:
[[cMatrix]]
| 0.309085 | 0.807105 | 0.503039 | 
| -0.429058 | -0.353711 | 0.831142 | 
| 0.848749 | -0.472727 | 0.236968 | 
Eigenvector matrix Q_5
[[cMatrix]]
| -0.999913 | -0.0131676 | 8.99325e-05 | 
| 0.0131565 | -0.999308 | -0.0347932 | 
| 0.000548014 | -0.034789 | 0.999395 | 
Number of iterations: 11
Eigenvector matrix after multiplying by Q_6:
[[cMatrix]]
| -0.305074 | -0.799675 | 0.517155 | 
| 0.427186 | 0.370432 | 0.824798 | 
| -0.851142 | 0.472546 | 0.228601 | 
Eigenvector matrix Q_6
[[cMatrix]]
| -0.999987 | -0.00503161 | -1.73528e-05 | 
| 0.00503053 | -0.999833 | 0.0175927 | 
| -0.000105869 | 0.0175923 | 0.999845 | 
Number of iterations: 11
Eigenvector matrix after multiplying by Q_7:
[[cMatrix]]
| 0.303547 | 0.795635 | 0.524236 | 
| -0.426456 | -0.378564 | 0.821477 | 
| 0.852053 | -0.47292 | 0.224392 | 
Eigenvector matrix Q_7
[[cMatrix]]
| -0.999998 | -0.00192273 | 3.34657e-06 | 
| 0.00192262 | -0.999959 | -0.00888197 | 
| 2.0424e-05 | -0.00888195 | 0.999961 | 
Number of iterations: 11
Eigenvector matrix after multiplying by Q_8:
[[cMatrix]]
| -0.302964 | -0.7935 | 0.527797 | 
| 0.426174 | 0.382556 | 0.819772 | 
| -0.852401 | 0.473295 | 0.222269 | 
Eigenvector matrix Q_8
[[cMatrix]]
| -1 | -0.000734751 | -6.45328e-07 | 
| 0.000734741 | -0.99999 | 0.00448238 | 
| -3.93876e-06 | 0.00448238 | 0.99999 | 
Number of iterations: 11
Eigenvector matrix after multiplying by Q_9:
[[cMatrix]]
| 0.302741 | 0.79239 | 0.529591 | 
| -0.426066 | -0.384529 | 0.818905 | 
| 0.852534 | -0.473557 | 0.221198 | 
Eigenvector matrix Q_9
[[cMatrix]]
| -1 | -0.000280781 | 1.24437e-07 | 
| 0.00028078 | -0.999997 | -0.00226184 | 
| 7.59518e-07 | -0.00226184 | 0.999997 | 
Number of iterations: 11
Eigenvector matrix after multiplying by Q_10:
[[cMatrix]]
| -0.302657 | -0.791817 | 0.530495 | 
| 0.426025 | 0.385509 | 0.818465 | 
| -0.852585 | 0.473718 | 0.220657 | 
Eigenvector matrix Q_10
[[cMatrix]]
| -1 | -0.000107299 | -2.39947e-08 | 
| 0.000107299 | -0.999999 | 0.00114131 | 
| -1.46456e-07 | 0.00114131 | 0.999999 | 
Number of iterations: 11
Eigenvector matrix after multiplying by Q_11:
[[cMatrix]]
| 0.302624 | 0.791524 | 0.530951 | 
| -0.426009 | -0.385997 | 0.818243 | 
| 0.852605 | -0.47381 | 0.220384 | 
Eigenvector matrix Q_11
[[cMatrix]]
| -1 | -4.10038e-05 | 4.62681e-09 | 
| 4.10038e-05 | -1 | -0.000575892 | 
| 2.82405e-08 | -0.000575892 | 1 | 
Number of iterations: 11
===========================SVD SECTION==========================
A*A' = 
[[cMatrix]]
| 19260.7 | -8096.36 | 6862.5 | 
| -8096.36 | 18377.3 | -12923.6 | 
| 6862.5 | -12923.6 | 41101.7 | 

Eigenvectors of A*A' (U) = 

[[cMatrix]]
| 0.302624 | 0.791524 | 0.530951 | 
| -0.426009 | -0.385997 | 0.818243 | 
| 0.852605 | -0.47381 | 0.220384 | 

Singular values of A'*A (S) = 

[[cMatrix]]
| 223.594 | 0 | 0 | 
| 0 | 138.221 | 0 | 
| 0 | 0 | 98.1846 | 

Eigenvectors of A'*A (V) = 

[[cMatrix]]
| 0.426304 | -0.691467 | -0.582943 | 
| -0.5503 | 0.313492 | -0.774015 | 
| 0.717938 | 0.650843 | -0.247138 | 


Q_U = 
[[cMatrix]]
| -1 | -4.10038e-05 | 4.62681e-09 | 
| 4.10038e-05 | -1 | -0.000575892 | 
| 2.82405e-08 | -0.000575892 | 1 | 
Q_U iter = 11
Q_V = 
[[cMatrix]]
| 0 | 0 | 0 | 0 | 
| 0 | 0 | 0 | 0 | 
| 0 | 0 | 0 | 0 | 
| 0 | 0 | 0 | 0 | 
Q_V iter = 2685004



Original matrix A = U*S*V' = 
[[cMatrix]]
| -77.1939 | -43.2887 | 106.901 | 
| -50.5479 | -26.4914 | -122.965 | 
| 113.94 | -142.187 | 88.8941 | 
===========================KABSCH SECTION==========================

Centroid of A = 
Vector contents:
| 4.31579 |
| 3.68421 |
| 5.10526 |

Centroid of B = 
Vector contents:
| -1.28589 |
| -7.4816 |
| 0.797093 |

A - centroidA =
[[cMatrix]]
| 0.684211 | -2.31579 | -1.31579 | 0.684211 | -1.31579 | 2.68421 | -1.31579 | 4.68421 | 0.684211 | -3.31579 | 1.68421 | 0.684211 | -3.31579 | -4.31579 | 3.68421 | 0.684211 | 4.68421 | -4.31579 | 0.684211 | 
| -1.68421 | 0.315789 | 4.31579 | -2.68421 | 1.31579 | -3.68421 | -1.68421 | -2.68421 | -2.68421 | 3.31579 | 0.315789 | 1.31579 | -3.68421 | 3.31579 | 5.31579 | 2.31579 | -2.68421 | 0.315789 | -0.684211 | 
| 1.89474 | 1.89474 | -5.10526 | -1.10526 | -5.10526 | -1.10526 | -0.105263 | 2.89474 | -4.10526 | -4.10526 | 3.89474 | 3.89474 | -1.10526 | 1.89474 | -4.10526 | 1.89474 | 1.89474 | 2.89474 | 2.89474 | 

B - centroidB =
[[cMatrix]]
| 1.19598 | 2.72106 | -3.53351 | -0.278379 | -2.54521 | -1.40491 | 1.44941 | -0.785239 | -2.08218 | -1.14685 | 1.01166 | 1.41021 | 2.96297 | 3.18872 | -6.90157 | -0.121749 | -1.38651 | 4.77828 | 1.46781 | 
| -0.831023 | -0.695233 | 2.14788 | 1.96623 | 3.70726 | 1.70245 | 1.47087 | -2.63755 | 4.2437 | 2.6921 | -3.78071 | -3.90871 | 4.05319 | -1.47103 | -1.09002 | -2.91019 | -1.87839 | -0.670803 | -2.10997 | 
| 2.1849 | -1.07941 | -5.41498 | 2.22513 | -3.05032 | 4.13859 | 0.560987 | 5.47294 | 1.47714 | -5.50267 | 1.66974 | 0.318897 | 0.762847 | -4.56931 | -3.14075 | -0.967983 | 5.22361 | -1.95532 | 1.64601 | 

H = 
[[cMatrix]]
| -77.1939 | -43.2887 | 106.901 | 
| -50.5479 | -26.4914 | -122.965 | 
| 113.94 | -142.187 | 88.8941 | 

Det of R = 1

Rotation matrix = 
[[cMatrix]]
| -0.727817 | -0.391694 | 0.562622 | 
| -0.329362 | -0.519907 | -0.788305 | 
| 0.601205 | -0.759291 | 0.249276 | 

R * B = 
[[cMatrix]]
| 4.99917 | 1.99943 | 2.9987 | 4.99921 | 2.99901 | 6.99899 | 2.99944 | 8.99867 | 4.99914 | 0.999148 | 5.99886 | 4.99891 | 0.999936 | -0.000552811 | 7.99783 | 4.99876 | 8.99865 | -0.00022009 | 4.9991 | 
| 2.00068 | 4.00105 | 8.00067 | 1.00026 | 5.00035 | 4.56525e-05 | 2.00058 | 1.00047 | 0.999933 | 7.00078 | 4.00106 | 5.00121 | 0.000379822 | 7.00147 | 9.0006 | 6.0011 | 1.00036 | 4.00127 | 3.0009 | 
| 7.00098 | 7.00105 | 0.00126707 | 4.00069 | 0.000868568 | 4.00068 | 5.00074 | 8.00117 | 1.00052 | 1.00106 | 9.00142 | 9.00149 | 4.00028 | 7.00131 | 1.00179 | 7.00151 | 7.00111 | 8.00096 | 8.00117 | 

Translation matrix = 
Vector contents:
| 0.000937918 |
| -0.000693392 |
| -0.00105551 |

Result of the algorithm: 

R * B + t = A
[[cMatrix]]
| 5.00011 | 2.00037 | 2.99964 | 5.00014 | 2.99995 | 6.99993 | 3.00038 | 8.99961 | 5.00007 | 1.00009 | 5.9998 | 4.99985 | 1.00087 | 0.000385106 | 7.99877 | 4.9997 | 8.99958 | 0.000717828 | 5.00003 | 
| 1.99999 | 4.00036 | 7.99997 | 0.999565 | 4.99966 | -0.00064774 | 1.99989 | 0.999778 | 0.99924 | 7.00008 | 4.00037 | 5.00052 | -0.000313571 | 7.00078 | 8.9999 | 6.00041 | 0.999669 | 4.00057 | 3.0002 | 
| 6.99992 | 6.99999 | 0.000211561 | 3.99963 | -0.000186944 | 3.99962 | 4.99968 | 8.00012 | 0.999463 | 1 | 9.00036 | 9.00043 | 3.99923 | 7.00026 | 1.00074 | 7.00045 | 7.00005 | 7.99991 | 8.00011 | 

Original matrix A = 
[[cMatrix]]
| 5 | 2 | 3 | 5 | 3 | 7 | 3 | 9 | 5 | 1 | 6 | 5 | 1 | 0 | 8 | 5 | 9 | 0 | 5 | 
| 2 | 4 | 8 | 1 | 5 | 0 | 2 | 1 | 1 | 7 | 4 | 5 | 0 | 7 | 9 | 6 | 1 | 4 | 3 | 
| 7 | 7 | 0 | 4 | 0 | 4 | 5 | 8 | 1 | 1 | 9 | 9 | 4 | 7 | 1 | 7 | 7 | 8 | 8 | 

Transformed matrix B = 
[[cMatrix]]
| -0.08991 | 1.43517 | -4.8194 | -1.56427 | -3.8311 | -2.6908 | 0.16352 | -2.07113 | -3.36807 | -2.43274 | -0.27423 | 0.12432 | 1.67708 | 1.90283 | -8.18746 | -1.40764 | -2.6724 | 3.49239 | 0.18192 | 
| -8.31262 | -8.17683 | -5.33372 | -5.51537 | -3.77434 | -5.77915 | -6.01073 | -10.1191 | -3.2379 | -4.7895 | -11.2623 | -11.3903 | -3.42841 | -8.95263 | -8.57162 | -10.3918 | -9.35999 | -8.1524 | -9.59157 | 
| 2.98199 | -0.28232 | -4.61789 | 3.02222 | -2.25323 | 4.93568 | 1.35808 | 6.27003 | 2.27423 | -4.70558 | 2.46683 | 1.11599 | 1.55994 | -3.77222 | -2.34366 | -0.17089 | 6.0207 | -1.15823 | 2.4431 | 
