
Original matrix A = 
[[cMatrix]]
| 7 | 9 | 1 | 4 | 5 | 2 | 7 | 9 | 1 | 3 | 4 | 9 | 3 | 4 | 5 | 
| 2 | 5 | 8 | 6 | 2 | 8 | 2 | 1 | 4 | 8 | 8 | 9 | 3 | 3 | 9 | 
| 3 | 6 | 1 | 8 | 4 | 9 | 1 | 4 | 5 | 0 | 0 | 2 | 7 | 3 | 2 | 

Transformed matrix B = 
[[cMatrix]]
| -6.98329 | -9.59189 | -3.48188 | -5.0453 | -5.01611 | -3.73491 | -7.15519 | -8.45018 | -1.82448 | -5.44907 | -6.38969 | -11.2493 | -3.20542 | -4.48984 | -7.48681 | 
| -3.54952 | -5.88755 | 1.15206 | -6.55708 | -4.11933 | -6.55741 | -1.66849 | -5.14548 | -3.74896 | 1.72187 | 1.53652 | -0.98653 | -6.28543 | -2.70873 | -0.24512 | 
| -0.79655 | -3.91566 | -7.24909 | -6.89563 | -1.69404 | -9.59431 | -0.13914 | 0.34413 | -4.96151 | -6.3516 | -6.0672 | -6.20324 | -4.14953 | -2.55033 | -7.34081 | 
===========================QR SECTION==========================
Vector x at 0 iter: 

Vector contents:
| 9362.33 |
| -2258.2 |
| -5303.18 |
Alpha 10994.4 at 0 iter: 

Vector u at 0 iter: 

Vector contents:
| 20356.7 |
| -2258.2 |
| -5303.18 |
Vector v at 0 iter: 

Vector contents:
| 0.962174 |
| -0.106735 |
| -0.250658 |
Q_tmp at 0 iter: 

[[cMatrix]]
| -0.851556 | 0.205396 | 0.482354 | 
| 0.205396 | 0.977215 | -0.0535082 | 
| 0.482354 | -0.0535082 | 0.874341 | 
Q_heap(0)

[[cMatrix]]
| -0.851556 | 0.205396 | 0.482354 | 
| 0.205396 | 0.977215 | -0.0535082 | 
| 0.482354 | -0.0535082 | 0.874341 | 
===========================QR SECTION==========================
Vector x at 1 iter: 

Vector contents:
| 15697.7 |
| -6791.08 |
Alpha 17103.7 at 1 iter: 

Vector u at 1 iter: 

Vector contents:
| 32801.4 |
| -6791.08 |
Vector v at 1 iter: 

Vector contents:
| 0.979233 |
| -0.202737 |
Q_tmp at 1 iter: 

[[cMatrix]]
| -0.917796 | 0.397053 | 
| 0.397053 | 0.917796 | 
Q_heap(1)

[[cMatrix]]
| 1 | 0 | 0 | 
| 0 | -0.917796 | 0.397053 | 
| 0 | 0.397053 | 0.917796 | 
===========================QR SECTION==========================
Vector x at 0 iter: 

Vector contents:
| 15425.5 |
| 2131.49 |
| 4072.24 |
Alpha 16095.7 at 0 iter: 

Vector u at 0 iter: 

Vector contents:
| 31521.2 |
| 2131.49 |
| 4072.24 |
Vector v at 0 iter: 

Vector contents:
| 0.989535 |
| 0.0669132 |
| 0.127838 |
Q_tmp at 0 iter: 

[[cMatrix]]
| -0.95836 | -0.132426 | -0.253001 | 
| -0.132426 | 0.991045 | -0.0171081 | 
| -0.253001 | -0.0171081 | 0.967315 | 
Q_heap(0)

[[cMatrix]]
| -0.95836 | -0.132426 | -0.253001 | 
| -0.132426 | 0.991045 | -0.0171081 | 
| -0.253001 | -0.0171081 | 0.967315 | 
===========================QR SECTION==========================
Vector x at 1 iter: 

Vector contents:
| 19818.9 |
| 2348.87 |
Alpha 19957.6 at 1 iter: 

Vector u at 1 iter: 

Vector contents:
| 39776.5 |
| 2348.87 |
Vector v at 1 iter: 

Vector contents:
| 0.998261 |
| 0.0589489 |
Q_tmp at 1 iter: 

[[cMatrix]]
| -0.99305 | -0.117693 | 
| -0.117693 | 0.99305 | 
Q_heap(1)

[[cMatrix]]
| 1 | 0 | 0 | 
| 0 | -0.99305 | -0.117693 | 
| 0 | -0.117693 | 0.99305 | 
===========================QR SECTION==========================
Vector x at 0 iter: 

Vector contents:
| 17686.4 |
| 3469.66 |
| -1250.35 |
Alpha 18066.9 at 0 iter: 

Vector u at 0 iter: 

Vector contents:
| 35753.3 |
| 3469.66 |
| -1250.35 |
Vector v at 0 iter: 

Vector contents:
| 0.994722 |
| 0.0965321 |
| -0.0347869 |
Q_tmp at 0 iter: 

[[cMatrix]]
| -0.978943 | -0.192045 | 0.0692066 | 
| -0.192045 | 0.981363 | 0.00671611 | 
| 0.0692066 | 0.00671611 | 0.99758 | 
Q_heap(0)

[[cMatrix]]
| -0.978943 | -0.192045 | 0.0692066 | 
| -0.192045 | 0.981363 | 0.00671611 | 
| 0.0692066 | 0.00671611 | 0.99758 | 
===========================QR SECTION==========================
Vector x at 1 iter: 

Vector contents:
| 18877 |
| -103.621 |
Alpha 18877.3 at 1 iter: 

Vector u at 1 iter: 

Vector contents:
| 37754.3 |
| -103.621 |
Vector v at 1 iter: 

Vector contents:
| 0.999996 |
| -0.0027446 |
Q_tmp at 1 iter: 

[[cMatrix]]
| -0.999985 | 0.00548919 | 
| 0.00548919 | 0.999985 | 
Q_heap(1)

[[cMatrix]]
| 1 | 0 | 0 | 
| 0 | -0.999985 | 0.00548919 | 
| 0 | 0.00548919 | 0.999985 | 
===========================QR SECTION==========================
Vector x at 0 iter: 

Vector contents:
| 19193.6 |
| 3640.74 |
| 322.146 |
Alpha 19538.5 at 0 iter: 

Vector u at 0 iter: 

Vector contents:
| 38732 |
| 3640.74 |
| 322.146 |
Vector v at 0 iter: 

Vector contents:
| 0.995577 |
| 0.0935825 |
| 0.00828051 |
Q_tmp at 0 iter: 

[[cMatrix]]
| -0.982347 | -0.186337 | -0.0164878 | 
| -0.186337 | 0.982485 | -0.00154982 | 
| -0.0164878 | -0.00154982 | 0.999863 | 
Q_heap(0)

[[cMatrix]]
| -0.982347 | -0.186337 | -0.0164878 | 
| -0.186337 | 0.982485 | -0.00154982 | 
| -0.0164878 | -0.00154982 | 0.999863 | 
===========================QR SECTION==========================
Vector x at 1 iter: 

Vector contents:
| 17521.4 |
| -94.5087 |
Alpha 17521.6 at 1 iter: 

Vector u at 1 iter: 

Vector contents:
| 35043 |
| -94.5087 |
Vector v at 1 iter: 

Vector contents:
| 0.999996 |
| -0.00269692 |
Q_tmp at 1 iter: 

[[cMatrix]]
| -0.999985 | 0.00539383 | 
| 0.00539383 | 0.999985 | 
Q_heap(1)

[[cMatrix]]
| 1 | 0 | 0 | 
| 0 | -0.999985 | 0.00539383 | 
| 0 | 0.00539383 | 0.999985 | 
===========================QR SECTION==========================
Vector x at 0 iter: 

Vector contents:
| 20509.6 |
| 3263.32 |
| -76.4583 |
Alpha 20767.8 at 0 iter: 

Vector u at 0 iter: 

Vector contents:
| 41277.4 |
| 3263.32 |
| -76.4583 |
Vector v at 0 iter: 

Vector contents:
| 0.996888 |
| 0.0788122 |
| -0.00184654 |
Q_tmp at 0 iter: 

[[cMatrix]]
| -0.98757 | -0.157134 | 0.00368159 | 
| -0.157134 | 0.987577 | 0.00029106 | 
| 0.00368159 | 0.00029106 | 0.999993 | 
Q_heap(0)

[[cMatrix]]
| -0.98757 | -0.157134 | 0.00368159 | 
| -0.157134 | 0.987577 | 0.00029106 | 
| 0.00368159 | 0.00029106 | 0.999993 | 
===========================QR SECTION==========================
Vector x at 1 iter: 

Vector contents:
| 16488.7 |
| 49.2208 |
Alpha 16488.8 at 1 iter: 

Vector u at 1 iter: 

Vector contents:
| 32977.4 |
| 49.2208 |
Vector v at 1 iter: 

Vector contents:
| 0.999999 |
| 0.00149256 |
Q_tmp at 1 iter: 

[[cMatrix]]
| -0.999996 | -0.00298511 | 
| -0.00298511 | 0.999996 | 
Q_heap(1)

[[cMatrix]]
| 1 | 0 | 0 | 
| 0 | -0.999996 | -0.00298511 | 
| 0 | -0.00298511 | 0.999996 | 
===========================QR SECTION==========================
Vector x at 0 iter: 

Vector contents:
| 21441.4 |
| 2590.73 |
| 17.0681 |
Alpha 21597.4 at 0 iter: 

Vector u at 0 iter: 

Vector contents:
| 43038.8 |
| 2590.73 |
| 17.0681 |
Vector v at 0 iter: 

Vector contents:
| 0.998193 |
| 0.0600864 |
| 0.000395859 |
Q_tmp at 0 iter: 

[[cMatrix]]
| -0.992779 | -0.119956 | -0.000790288 | 
| -0.119956 | 0.992779 | -4.75715e-05 | 
| -0.000790288 | -4.75715e-05 | 1 | 
Q_heap(0)

[[cMatrix]]
| -0.992779 | -0.119956 | -0.000790288 | 
| -0.119956 | 0.992779 | -4.75715e-05 | 
| -0.000790288 | -4.75715e-05 | 1 | 
===========================QR SECTION==========================
Vector x at 1 iter: 

Vector contents:
| 15855.7 |
| -18.0106 |
Alpha 15855.7 at 1 iter: 

Vector u at 1 iter: 

Vector contents:
| 31711.4 |
| -18.0106 |
Vector v at 1 iter: 

Vector contents:
| 1 |
| -0.000567952 |
Q_tmp at 1 iter: 

[[cMatrix]]
| -0.999999 | 0.0011359 | 
| 0.0011359 | 0.999999 | 
Q_heap(1)

[[cMatrix]]
| 1 | 0 | 0 | 
| 0 | -0.999999 | 0.0011359 | 
| 0 | 0.0011359 | 0.999999 | 
===========================QR SECTION==========================
Vector x at 0 iter: 

Vector contents:
| 21984.3 |
| 1901.96 |
| -3.66376 |
Alpha 22066.4 at 0 iter: 

Vector u at 0 iter: 

Vector contents:
| 44050.6 |
| 1901.96 |
| -3.66376 |
Vector v at 0 iter: 

Vector contents:
| 0.999069 |
| 0.0431366 |
| -8.30942e-05 |
Q_tmp at 0 iter: 

[[cMatrix]]
| -0.996278 | -0.0861929 | 0.000166034 | 
| -0.0861929 | 0.996278 | 7.1688e-06 | 
| 0.000166034 | 7.1688e-06 | 1 | 
Q_heap(0)

[[cMatrix]]
| -0.996278 | -0.0861929 | 0.000166034 | 
| -0.0861929 | 0.996278 | 7.1688e-06 | 
| 0.000166034 | 7.1688e-06 | 1 | 
===========================QR SECTION==========================
Vector x at 1 iter: 

Vector contents:
| 15518.7 |
| 5.9152 |
Alpha 15518.7 at 1 iter: 

Vector u at 1 iter: 

Vector contents:
| 31037.4 |
| 5.9152 |
Vector v at 1 iter: 

Vector contents:
| 1 |
| 0.000190583 |
Q_tmp at 1 iter: 

[[cMatrix]]
| -1 | -0.000381166 | 
| -0.000381166 | 1 | 
Q_heap(1)

[[cMatrix]]
| 1 | 0 | 0 | 
| 0 | -1 | -0.000381166 | 
| 0 | -0.000381166 | 1 | 
===========================QR SECTION==========================
Vector x at 0 iter: 

Vector contents:
| 22264.5 |
| 1337.6 |
| 0.769728 |
Alpha 22304.7 at 0 iter: 

Vector u at 0 iter: 

Vector contents:
| 44569.2 |
| 1337.6 |
| 0.769728 |
Vector v at 0 iter: 

Vector contents:
| 0.99955 |
| 0.0299983 |
| 1.72626e-05 |
Q_tmp at 0 iter: 

[[cMatrix]]
| -0.9982 | -0.0599696 | -3.45097e-05 | 
| -0.0599696 | 0.9982 | -1.0357e-06 | 
| -3.45097e-05 | -1.0357e-06 | 1 | 
Q_heap(0)

[[cMatrix]]
| -0.9982 | -0.0599696 | -3.45097e-05 | 
| -0.0599696 | 0.9982 | -1.0357e-06 | 
| -3.45097e-05 | -1.0357e-06 | 1 | 
===========================QR SECTION==========================
Vector x at 1 iter: 

Vector contents:
| 15352.9 |
| -1.86248 |
Alpha 15352.9 at 1 iter: 

Vector u at 1 iter: 

Vector contents:
| 30705.9 |
| -1.86248 |
Vector v at 1 iter: 

Vector contents:
| 1 |
| -6.06556e-05 |
Q_tmp at 1 iter: 

[[cMatrix]]
| -1 | 0.000121311 | 
| 0.000121311 | 1 | 
Q_heap(1)

[[cMatrix]]
| 1 | 0 | 0 | 
| 0 | -1 | 0.000121311 | 
| 0 | 0.000121311 | 1 | 
===========================QR SECTION==========================
Vector x at 0 iter: 

Vector contents:
| 22400.2 |
| 920.709 |
| -0.159986 |
Alpha 22419.1 at 0 iter: 

Vector u at 0 iter: 

Vector contents:
| 44819.3 |
| 920.709 |
| -0.159986 |
Vector v at 0 iter: 

Vector contents:
| 0.999789 |
| 0.0205383 |
| -3.56883e-06 |
Q_tmp at 0 iter: 

[[cMatrix]]
| -0.999156 | -0.041068 | 7.13615e-06 | 
| -0.041068 | 0.999156 | 1.46596e-07 | 
| 7.13615e-06 | 1.46596e-07 | 1 | 
Q_heap(0)

[[cMatrix]]
| -0.999156 | -0.041068 | 7.13615e-06 | 
| -0.041068 | 0.999156 | 1.46596e-07 | 
| 7.13615e-06 | 1.46596e-07 | 1 | 
===========================QR SECTION==========================
Vector x at 1 iter: 

Vector contents:
| 15274.6 |
| 0.576014 |
Alpha 15274.6 at 1 iter: 

Vector u at 1 iter: 

Vector contents:
| 30549.1 |
| 0.576014 |
Vector v at 1 iter: 

Vector contents:
| 1 |
| 1.88553e-05 |
Q_tmp at 1 iter: 

[[cMatrix]]
| -1 | -3.77107e-05 | 
| -3.77107e-05 | 1 | 
Q_heap(1)

[[cMatrix]]
| 1 | 0 | 0 | 
| 0 | -1 | -3.77107e-05 | 
| 0 | -3.77107e-05 | 1 | 
===========================QR SECTION==========================
Vector x at 0 iter: 

Vector contents:
| 22463.8 |
| 627.296 |
| 0.033083 |
Alpha 22472.6 at 0 iter: 

Vector u at 0 iter: 

Vector contents:
| 44936.4 |
| 627.296 |
| 0.033083 |
Vector v at 0 iter: 

Vector contents:
| 0.999903 |
| 0.0139583 |
| 7.36146e-07 |
Q_tmp at 0 iter: 

[[cMatrix]]
| -0.99961 | -0.0279138 | -1.47215e-06 | 
| -0.0279138 | 0.99961 | -2.05507e-08 | 
| -1.47215e-06 | -2.05507e-08 | 1 | 
Q_heap(0)

[[cMatrix]]
| -0.99961 | -0.0279138 | -1.47215e-06 | 
| -0.0279138 | 0.99961 | -2.05507e-08 | 
| -1.47215e-06 | -2.05507e-08 | 1 | 
===========================QR SECTION==========================
Vector x at 1 iter: 

Vector contents:
| 15238.2 |
| -0.176742 |
Alpha 15238.2 at 1 iter: 

Vector u at 1 iter: 

Vector contents:
| 30476.4 |
| -0.176742 |
Vector v at 1 iter: 

Vector contents:
| 1 |
| -5.79932e-06 |
Q_tmp at 1 iter: 

[[cMatrix]]
| -1 | 1.15986e-05 | 
| 1.15986e-05 | 1 | 
Q_heap(1)

[[cMatrix]]
| 1 | 0 | 0 | 
| 0 | -1 | 1.15986e-05 | 
| 0 | 1.15986e-05 | 1 | 
===========================QR SECTION==========================
Vector x at 0 iter: 

Vector contents:
| 22493.2 |
| 425.357 |
| -0.00682484 |
Alpha 22497.2 at 0 iter: 

Vector u at 0 iter: 

Vector contents:
| 44990.5 |
| 425.357 |
| -0.00682484 |
Vector v at 0 iter: 

Vector contents:
| 0.999955 |
| 0.00945395 |
| -1.51689e-07 |
Q_tmp at 0 iter: 

[[cMatrix]]
| -0.999821 | -0.0189071 | 3.03364e-07 | 
| -0.0189071 | 0.999821 | 2.86811e-09 | 
| 3.03364e-07 | 2.86811e-09 | 1 | 
Q_heap(0)

[[cMatrix]]
| -0.999821 | -0.0189071 | 3.03364e-07 | 
| -0.0189071 | 0.999821 | 2.86811e-09 | 
| 3.03364e-07 | 2.86811e-09 | 1 | 
===========================QR SECTION==========================
Vector x at 1 iter: 

Vector contents:
| 15221.5 |
| 0.054039 |
Alpha 15221.5 at 1 iter: 

Vector u at 1 iter: 

Vector contents:
| 30443 |
| 0.054039 |
Vector v at 1 iter: 

Vector contents:
| 1 |
| 1.77509e-06 |
Q_tmp at 1 iter: 

[[cMatrix]]
| -1 | -3.55017e-06 | 
| -3.55017e-06 | 1 | 
Q_heap(1)

[[cMatrix]]
| 1 | 0 | 0 | 
| 0 | -1 | -3.55017e-06 | 
| 0 | -3.55017e-06 | 1 | 
===========================QR SECTION==========================
Vector x at 0 iter: 

Vector contents:
| 22506.7 |
| 287.794 |
| 0.00140639 |
Alpha 22508.5 at 0 iter: 

Vector u at 0 iter: 

Vector contents:
| 45015.3 |
| 287.794 |
| 0.00140639 |
Vector v at 0 iter: 

Vector contents:
| 0.99998 |
| 0.00639312 |
| 3.12418e-08 |
Q_tmp at 0 iter: 

[[cMatrix]]
| -0.999918 | -0.012786 | -6.24823e-08 | 
| -0.012786 | 0.999918 | -3.99465e-10 | 
| -6.24823e-08 | -3.99465e-10 | 1 | 
Q_heap(0)

[[cMatrix]]
| -0.999918 | -0.012786 | -6.24823e-08 | 
| -0.012786 | 0.999918 | -3.99465e-10 | 
| -6.24823e-08 | -3.99465e-10 | 1 | 
===========================QR SECTION==========================
Vector x at 1 iter: 

Vector contents:
| 15213.9 |
| -0.0164959 |
Alpha 15213.9 at 1 iter: 

Vector u at 1 iter: 

Vector contents:
| 30427.7 |
| -0.0164959 |
Vector v at 1 iter: 

Vector contents:
| 1 |
| -5.42133e-07 |
Q_tmp at 1 iter: 

[[cMatrix]]
| -1 | 1.08427e-06 | 
| 1.08427e-06 | 1 | 
Q_heap(1)

[[cMatrix]]
| 1 | 0 | 0 | 
| 0 | -1 | 1.08427e-06 | 
| 0 | 1.08427e-06 | 1 | 
===========================QR SECTION==========================
Vector x at 0 iter: 

Vector contents:
| 22512.9 |
| 194.524 |
| -0.000289666 |
Alpha 22513.7 at 0 iter: 

Vector u at 0 iter: 

Vector contents:
| 45026.6 |
| 194.524 |
| -0.000289666 |
Vector v at 0 iter: 

Vector contents:
| 0.999991 |
| 0.00432017 |
| -6.43317e-09 |
Q_tmp at 0 iter: 

[[cMatrix]]
| -0.999963 | -0.00864025 | 1.28662e-08 | 
| -0.00864025 | 0.999963 | 5.55847e-11 | 
| 1.28662e-08 | 5.55847e-11 | 1 | 
Q_heap(0)

[[cMatrix]]
| -0.999963 | -0.00864025 | 1.28662e-08 | 
| -0.00864025 | 0.999963 | 5.55847e-11 | 
| 1.28662e-08 | 5.55847e-11 | 1 | 
===========================QR SECTION==========================
Vector x at 1 iter: 

Vector contents:
| 15210.4 |
| 0.00503182 |
Alpha 15210.4 at 1 iter: 

Vector u at 1 iter: 

Vector contents:
| 30420.7 |
| 0.00503182 |
Vector v at 1 iter: 

Vector contents:
| 1 |
| 1.65408e-07 |
Q_tmp at 1 iter: 

[[cMatrix]]
| -1 | -3.30815e-07 | 
| -3.30815e-07 | 1 | 
Q_heap(1)

[[cMatrix]]
| 1 | 0 | 0 | 
| 0 | -1 | -3.30815e-07 | 
| 0 | -3.30815e-07 | 1 | 
===========================QR SECTION==========================
Vector x at 0 iter: 

Vector contents:
| 22515.7 |
| 131.421 |
| 5.96474e-05 |
Alpha 22516.1 at 0 iter: 

Vector u at 0 iter: 

Vector contents:
| 45031.8 |
| 131.421 |
| 5.96474e-05 |
Vector v at 0 iter: 

Vector contents:
| 0.999996 |
| 0.0029184 |
| 1.32456e-09 |
Q_tmp at 0 iter: 

[[cMatrix]]
| -0.999983 | -0.00583678 | -2.6491e-09 | 
| -0.00583678 | 0.999983 | -7.73118e-12 | 
| -2.6491e-09 | -7.73118e-12 | 1 | 
Q_heap(0)

[[cMatrix]]
| -0.999983 | -0.00583678 | -2.6491e-09 | 
| -0.00583678 | 0.999983 | -7.73118e-12 | 
| -2.6491e-09 | -7.73118e-12 | 1 | 
===========================QR SECTION==========================
Vector x at 1 iter: 

Vector contents:
| 15208.8 |
| -0.00153437 |
Alpha 15208.8 at 1 iter: 

Vector u at 1 iter: 

Vector contents:
| 30417.6 |
| -0.00153437 |
Vector v at 1 iter: 

Vector contents:
| 1 |
| -5.04437e-08 |
Q_tmp at 1 iter: 

[[cMatrix]]
| -1 | 1.00887e-07 | 
| 1.00887e-07 | 1 | 
Q_heap(1)

[[cMatrix]]
| 1 | 0 | 0 | 
| 0 | -1 | 1.00887e-07 | 
| 0 | 1.00887e-07 | 1 | 
===========================QR SECTION==========================
Vector x at 0 iter: 

Vector contents:
| 22517 |
| 88.7703 |
| -1.22812e-05 |
Alpha 22517.2 at 0 iter: 

Vector u at 0 iter: 

Vector contents:
| 45034.1 |
| 88.7703 |
| -1.22812e-05 |
Vector v at 0 iter: 

Vector contents:
| 0.999998 |
| 0.00197117 |
| -2.72708e-10 |
Q_tmp at 0 iter: 

[[cMatrix]]
| -0.999992 | -0.00394234 | 5.45414e-10 | 
| -0.00394234 | 0.999992 | 1.07511e-12 | 
| 5.45414e-10 | 1.07511e-12 | 1 | 
Q_heap(0)

[[cMatrix]]
| -0.999992 | -0.00394234 | 5.45414e-10 | 
| -0.00394234 | 0.999992 | 1.07511e-12 | 
| 5.45414e-10 | 1.07511e-12 | 1 | 
===========================QR SECTION==========================
Vector x at 1 iter: 

Vector contents:
| 15208.1 |
| 0.000467812 |
Alpha 15208.1 at 1 iter: 

Vector u at 1 iter: 

Vector contents:
| 30416.1 |
| 0.000467812 |
Vector v at 1 iter: 

Vector contents:
| 1 |
| 1.53804e-08 |
Q_tmp at 1 iter: 

[[cMatrix]]
| -1 | -3.07608e-08 | 
| -3.07608e-08 | 1 | 
Q_heap(1)

[[cMatrix]]
| 1 | 0 | 0 | 
| 0 | -1 | -3.07608e-08 | 
| 0 | -3.07608e-08 | 1 | 
===========================QR SECTION==========================
Vector x at 0 iter: 

Vector contents:
| 22517.6 |
| 59.9553 |
| 2.52853e-06 |
Alpha 22517.6 at 0 iter: 

Vector u at 0 iter: 

Vector contents:
| 45035.2 |
| 59.9553 |
| 2.52853e-06 |
Vector v at 0 iter: 

Vector contents:
| 0.999999 |
| 0.0013313 |
| 5.61455e-11 |
Q_tmp at 0 iter: 

[[cMatrix]]
| -0.999996 | -0.00266259 | -1.12291e-10 | 
| -0.00266259 | 0.999996 | -1.49493e-13 | 
| -1.12291e-10 | -1.49493e-13 | 1 | 
Q_heap(0)

[[cMatrix]]
| -0.999996 | -0.00266259 | -1.12291e-10 | 
| -0.00266259 | 0.999996 | -1.49493e-13 | 
| -1.12291e-10 | -1.49493e-13 | 1 | 
===========================QR SECTION==========================
Vector x at 1 iter: 

Vector contents:
| 15207.7 |
| -0.00014262 |
Alpha 15207.7 at 1 iter: 

Vector u at 1 iter: 

Vector contents:
| 30415.4 |
| -0.00014262 |
Vector v at 1 iter: 

Vector contents:
| 1 |
| -4.68908e-09 |
Q_tmp at 1 iter: 

[[cMatrix]]
| -1 | 9.37816e-09 | 
| 9.37816e-09 | 1 | 
Q_heap(1)

[[cMatrix]]
| 1 | 0 | 0 | 
| 0 | -1 | 9.37816e-09 | 
| 0 | 9.37816e-09 | 1 | 
===========================QR SECTION==========================
Vector x at 0 iter: 

Vector contents:
| 22517.8 |
| 40.492 |
| -5.20578e-07 |
Alpha 22517.9 at 0 iter: 

Vector u at 0 iter: 

Vector contents:
| 45035.7 |
| 40.492 |
| -5.20578e-07 |
Vector v at 0 iter: 

Vector contents:
| 1 |
| 0.000899108 |
| -1.15592e-11 |
Q_tmp at 0 iter: 

[[cMatrix]]
| -0.999998 | -0.00179821 | 2.31184e-11 | 
| -0.00179821 | 0.999998 | 2.0786e-14 | 
| 2.31184e-11 | 2.0786e-14 | 1 | 
Q_heap(0)

[[cMatrix]]
| -0.999998 | -0.00179821 | 2.31184e-11 | 
| -0.00179821 | 0.999998 | 2.0786e-14 | 
| 2.31184e-11 | 2.0786e-14 | 1 | 
===========================QR SECTION==========================
Vector x at 1 iter: 

Vector contents:
| 15207.6 |
| 4.34788e-05 |
Alpha 15207.6 at 1 iter: 

Vector u at 1 iter: 

Vector contents:
| 30415.1 |
| 4.34788e-05 |
Vector v at 1 iter: 

Vector contents:
| 1 |
| 1.42951e-09 |
Q_tmp at 1 iter: 

[[cMatrix]]
| -1 | -2.85903e-09 | 
| -2.85903e-09 | 1 | 
Q_heap(1)

[[cMatrix]]
| 1 | 0 | 0 | 
| 0 | -1 | -2.85903e-09 | 
| 0 | -2.85903e-09 | 1 | 
===========================QR SECTION==========================
Vector x at 0 iter: 

Vector contents:
| 22518 |
| 27.3465 |
| 1.07176e-07 |
Alpha 22518 at 0 iter: 

Vector u at 0 iter: 

Vector contents:
| 45035.9 |
| 27.3465 |
| 1.07176e-07 |
Vector v at 0 iter: 

Vector contents:
| 1 |
| 0.000607215 |
| 2.3798e-12 |
Q_tmp at 0 iter: 

[[cMatrix]]
| -0.999999 | -0.00121443 | -4.75959e-12 | 
| -0.00121443 | 0.999999 | -2.89009e-15 | 
| -4.75959e-12 | -2.89009e-15 | 1 | 
Q_heap(0)

[[cMatrix]]
| -0.999999 | -0.00121443 | -4.75959e-12 | 
| -0.00121443 | 0.999999 | -2.89009e-15 | 
| -4.75959e-12 | -2.89009e-15 | 1 | 
===========================QR SECTION==========================
Vector x at 1 iter: 

Vector contents:
| 15207.5 |
| -1.32546e-05 |
Alpha 15207.5 at 1 iter: 

Vector u at 1 iter: 

Vector contents:
| 30415 |
| -1.32546e-05 |
Vector v at 1 iter: 

Vector contents:
| 1 |
| -4.35793e-10 |
Q_tmp at 1 iter: 

[[cMatrix]]
| -1 | 8.71586e-10 | 
| 8.71586e-10 | 1 | 
Q_heap(1)

[[cMatrix]]
| 1 | 0 | 0 | 
| 0 | -1 | 8.71586e-10 | 
| 0 | 8.71586e-10 | 1 | 
===========================QR SECTION==========================
Vector x at 0 iter: 

Vector contents:
| 22518 |
| 18.4684 |
| -2.20654e-08 |
Alpha 22518 at 0 iter: 

Vector u at 0 iter: 

Vector contents:
| 45036 |
| 18.4684 |
| -2.20654e-08 |
Vector v at 0 iter: 

Vector contents:
| 1 |
| 0.000410081 |
| -4.89949e-13 |
Q_tmp at 0 iter: 

[[cMatrix]]
| -1 | -0.000820162 | 9.79898e-13 | 
| -0.000820162 | 1 | 4.01837e-16 | 
| 9.79898e-13 | 4.01837e-16 | 1 | 
Q_heap(0)

[[cMatrix]]
| -1 | -0.000820162 | 9.79898e-13 | 
| -0.000820162 | 1 | 4.01837e-16 | 
| 9.79898e-13 | 4.01837e-16 | 1 | 
===========================QR SECTION==========================
Vector x at 1 iter: 

Vector contents:
| 15207.5 |
| 4.04069e-06 |
Alpha 15207.5 at 1 iter: 

Vector u at 1 iter: 

Vector contents:
| 30414.9 |
| 4.04069e-06 |
Vector v at 1 iter: 

Vector contents:
| 1 |
| 1.32852e-10 |
Q_tmp at 1 iter: 

[[cMatrix]]
| -1 | -2.65704e-10 | 
| -2.65704e-10 | 1 | 
Q_heap(1)

[[cMatrix]]
| 1 | 0 | 0 | 
| 0 | -1 | -2.65704e-10 | 
| 0 | -2.65704e-10 | 1 | 
===========================QR SECTION==========================
Vector x at 0 iter: 

Vector contents:
| 22518 |
| 12.4726 |
| 4.54278e-09 |
Alpha 22518 at 0 iter: 

Vector u at 0 iter: 

Vector contents:
| 45036.1 |
| 12.4726 |
| 4.54278e-09 |
Vector v at 0 iter: 

Vector contents:
| 1 |
| 0.000276947 |
| 1.0087e-13 |
Q_tmp at 0 iter: 

[[cMatrix]]
| -1 | -0.000553893 | -2.0174e-13 | 
| -0.000553893 | 1 | -5.58711e-17 | 
| -2.0174e-13 | -5.58711e-17 | 1 | 
Q_heap(0)

[[cMatrix]]
| -1 | -0.000553893 | -2.0174e-13 | 
| -0.000553893 | 1 | -5.58711e-17 | 
| -2.0174e-13 | -5.58711e-17 | 1 | 
===========================QR SECTION==========================
Vector x at 1 iter: 

Vector contents:
| 15207.5 |
| -1.2318e-06 |
Alpha 15207.5 at 1 iter: 

Vector u at 1 iter: 

Vector contents:
| 30414.9 |
| -1.2318e-06 |
Vector v at 1 iter: 

Vector contents:
| 1 |
| -4.05e-11 |
Q_tmp at 1 iter: 

[[cMatrix]]
| -1 | 8.1e-11 | 
| 8.1e-11 | 1 | 
Q_heap(1)

[[cMatrix]]
| 1 | 0 | 0 | 
| 0 | -1 | 8.1e-11 | 
| 0 | 8.1e-11 | 1 | 
===========================QR SECTION==========================
Vector x at 0 iter: 

Vector contents:
| 22518 |
| 8.4233 |
| -9.35259e-10 |
Alpha 22518 at 0 iter: 

Vector u at 0 iter: 

Vector contents:
| 45036.1 |
| 8.4233 |
| -9.35259e-10 |
Vector v at 0 iter: 

Vector contents:
| 1 |
| 0.000187034 |
| -2.07669e-14 |
Q_tmp at 0 iter: 

[[cMatrix]]
| -1 | -0.000374069 | 4.15338e-14 | 
| -0.000374069 | 1 | 7.76825e-18 | 
| 4.15338e-14 | 7.76825e-18 | 1 | 
Q_heap(0)

[[cMatrix]]
| -1 | -0.000374069 | 4.15338e-14 | 
| -0.000374069 | 1 | 7.76825e-18 | 
| 4.15338e-14 | 7.76825e-18 | 1 | 
===========================QR SECTION==========================
Vector x at 1 iter: 

Vector contents:
| 15207.4 |
| 3.75514e-07 |
Alpha 15207.4 at 1 iter: 

Vector u at 1 iter: 

Vector contents:
| 30414.9 |
| 3.75514e-07 |
Vector v at 1 iter: 

Vector contents:
| 1 |
| 1.23464e-11 |
Q_tmp at 1 iter: 

[[cMatrix]]
| -1 | -2.46928e-11 | 
| -2.46928e-11 | 1 | 
Q_heap(1)

[[cMatrix]]
| 1 | 0 | 0 | 
| 0 | -1 | -2.46928e-11 | 
| 0 | -2.46928e-11 | 1 | 
===========================QR SECTION==========================
Vector x at 0 iter: 

Vector contents:
| 22518.1 |
| 5.68863 |
| 1.92549e-10 |
Alpha 22518.1 at 0 iter: 

Vector u at 0 iter: 

Vector contents:
| 45036.1 |
| 5.68863 |
| 1.92549e-10 |
Vector v at 0 iter: 

Vector contents:
| 1 |
| 0.000126313 |
| 4.27545e-15 |
Q_tmp at 0 iter: 

[[cMatrix]]
| -1 | -0.000252625 | -8.55089e-15 | 
| -0.000252625 | 1 | -1.08009e-18 | 
| -8.55089e-15 | -1.08009e-18 | 1 | 
Q_heap(0)

[[cMatrix]]
| -1 | -0.000252625 | -8.55089e-15 | 
| -0.000252625 | 1 | -1.08009e-18 | 
| -8.55089e-15 | -1.08009e-18 | 1 | 
===========================QR SECTION==========================
Vector x at 1 iter: 

Vector contents:
| 15207.4 |
| -1.14475e-07 |
Alpha 15207.4 at 1 iter: 

Vector u at 1 iter: 

Vector contents:
| 30414.9 |
| -1.14475e-07 |
Vector v at 1 iter: 

Vector contents:
| 1 |
| -3.76379e-12 |
Q_tmp at 1 iter: 

[[cMatrix]]
| -1 | 7.52758e-12 | 
| 7.52758e-12 | 1 | 
Q_heap(1)

[[cMatrix]]
| 1 | 0 | 0 | 
| 0 | -1 | 7.52758e-12 | 
| 0 | 7.52758e-12 | 1 | 
===========================QR SECTION==========================
Vector x at 0 iter: 

Vector contents:
| 22518.1 |
| 3.84179 |
| -3.96417e-11 |
Alpha 22518.1 at 0 iter: 

Vector u at 0 iter: 

Vector contents:
| 45036.1 |
| 3.84179 |
| -3.96417e-11 |
Vector v at 0 iter: 

Vector contents:
| 1 |
| 8.53046e-05 |
| -8.80221e-16 |
Q_tmp at 0 iter: 

[[cMatrix]]
| -1 | -0.000170609 | 1.76044e-15 | 
| -0.000170609 | 1 | 1.50174e-19 | 
| 1.76044e-15 | 1.50174e-19 | 1 | 
Q_heap(0)

[[cMatrix]]
| -1 | -0.000170609 | 1.76044e-15 | 
| -0.000170609 | 1 | 1.50174e-19 | 
| 1.76044e-15 | 1.50174e-19 | 1 | 
===========================QR SECTION==========================
Vector x at 1 iter: 

Vector contents:
| 15207.4 |
| 3.48977e-08 |
Alpha 15207.4 at 1 iter: 

Vector u at 1 iter: 

Vector contents:
| 30414.9 |
| 3.48977e-08 |
Vector v at 1 iter: 

Vector contents:
| 1 |
| 1.14739e-12 |
Q_tmp at 1 iter: 

[[cMatrix]]
| -1 | -2.29478e-12 | 
| -2.29478e-12 | 1 | 
Q_heap(1)

[[cMatrix]]
| 1 | 0 | 0 | 
| 0 | -1 | -2.29478e-12 | 
| 0 | -2.29478e-12 | 1 | 
===========================EIGEN SECTION==========================
Eigenvalue matrix after 22 iterations of the QR algorithm
[[cMatrix]]
| 22518.1 | 3.84179 | -3.96416e-11 | 
| 3.84179 | 15207.4 | 3.48977e-08 | 
| -3.96417e-11 | 3.48977e-08 | 4635.97 | 
Eigenvector matrix Q_0:
[[cMatrix]]
| -0.851556 | 0.00300887 | 0.524255 | 
| 0.205396 | -0.918129 | 0.338897 | 
| 0.482354 | 0.39627 | 0.78122 | 
Eigenvector matrix after multiplying by Q_1:
[[cMatrix]]
| 0.683062 | -0.191074 | 0.704924 | 
| -0.161 | 0.902037 | 0.400509 | 
| -0.712394 | -0.387065 | 0.585384 | 
Eigenvector matrix Q_1
[[cMatrix]]
| -0.95836 | 0.161282 | -0.235657 | 
| -0.132426 | -0.982144 | -0.133628 | 
| -0.253001 | -0.0968568 | 0.962605 | 
Number of iterations: 22
Eigenvector matrix after multiplying by Q_2:
[[cMatrix]]
| -0.583198 | 0.318065 | 0.747472 | 
| 0.0120959 | -0.916656 | 0.399493 | 
| 0.81224 | 0.242025 | 0.530745 | 
Eigenvector matrix Q_2
[[cMatrix]]
| -0.978943 | 0.192422 | 0.0681514 | 
| -0.192045 | -0.981311 | 0.0121029 | 
| 0.0692066 | -0.0012401 | 0.997602 | 
Number of iterations: 22
Eigenvector matrix after multiplying by Q_3:
[[cMatrix]]
| 0.501312 | -0.41592 | 0.758747 | 
| 0.152338 | 0.905622 | 0.395781 | 
| -0.851751 | -0.0828235 | 0.517359 | 
Eigenvector matrix Q_3
[[cMatrix]]
| -0.982347 | 0.186246 | -0.0174926 | 
| -0.186337 | -0.982479 | 0.00374955 | 
| -0.0164878 | 0.00694289 | 0.99984 | 
Number of iterations: 22
Eigenvector matrix after multiplying by Q_4:
[[cMatrix]]
| -0.426932 | 0.487033 | 0.761924 | 
| -0.291291 | -0.871729 | 0.394002 | 
| 0.856083 | -0.0537296 | 0.514038 | 
Eigenvector matrix Q_4
[[cMatrix]]
| -0.98757 | 0.157122 | 0.00415063 | 
| -0.157134 | -0.987574 | -0.00265697 | 
| 0.00368159 | -0.00327615 | 0.999988 | 
Number of iterations: 22
Eigenvector matrix after multiplying by Q_5:
[[cMatrix]]
| 0.364825 | -0.533827 | 0.762844 | 
| 0.393445 | 0.830959 | 0.39333 | 
| -0.843862 | 0.156641 | 0.513186 | 
Eigenvector matrix Q_5
[[cMatrix]]
| -0.992779 | 0.119955 | -0.000926545 | 
| -0.119956 | -0.992779 | 0.00108013 | 
| -0.000790288 | 0.00118347 | 0.999999 | 
Number of iterations: 22
Eigenvector matrix after multiplying by Q_6:
[[cMatrix]]
| -0.317328 | 0.562989 | 0.763116 | 
| -0.463539 | -0.794107 | 0.393099 | 
| 0.827306 | -0.228992 | 0.51296 | 
Eigenvector matrix Q_6
[[cMatrix]]
| -0.996278 | 0.0861928 | 0.000198887 | 
| -0.0861929 | -0.996278 | -0.000372578 | 
| 0.000166034 | -0.000388334 | 1 | 
Number of iterations: 22
Eigenvector matrix after multiplying by Q_7:
[[cMatrix]]
| 0.282968 | -0.580913 | 0.763197 | 
| 0.510313 | 0.764927 | 0.393023 | 
| -0.812102 | 0.278256 | 0.512898 | 
Eigenvector matrix Q_7
[[cMatrix]]
| -0.9982 | 0.0599696 | -4.17847e-05 | 
| -0.0599696 | -0.9982 | 0.000120057 | 
| -3.45097e-05 | 0.000122347 | 1 | 
Number of iterations: 22
Eigenvector matrix after multiplying by Q_8:
[[cMatrix]]
| -0.258867 | 0.592015 | 0.763221 | 
| -0.541294 | -0.743339 | 0.392998 | 
| 0.799993 | -0.311392 | 0.51288 | 
Eigenvector matrix Q_8
[[cMatrix]]
| -0.999156 | 0.041068 | 8.68485e-06 | 
| -0.041068 | -0.999156 | -3.75323e-05 | 
| 7.13615e-06 | -3.78573e-05 | 1 | 
Number of iterations: 22
Eigenvector matrix after multiplying by Q_9:
[[cMatrix]]
| 0.24224 | -0.599001 | 0.763228 | 
| 0.561832 | 0.727945 | 0.392991 | 
| -0.79099 | 0.333608 | 0.512875 | 
Eigenvector matrix Q_9
[[cMatrix]]
| -0.99961 | 0.0279138 | -1.79591e-06 | 
| -0.0279138 | -0.99961 | 1.15736e-05 | 
| -1.47215e-06 | 1.16192e-05 | 1 | 
Number of iterations: 22
Eigenvector matrix after multiplying by Q_10:
[[cMatrix]]
| -0.230871 | 0.603471 | 0.76323 | 
| -0.575494 | -0.717193 | 0.392988 | 
| 0.784541 | -0.348505 | 0.512874 | 
Eigenvector matrix Q_10
[[cMatrix]]
| -0.999821 | 0.0189071 | 3.70487e-07 | 
| -0.0189071 | -0.999821 | -3.54667e-06 | 
| 3.03364e-07 | -3.55304e-06 | 1 | 
Number of iterations: 22
Eigenvector matrix after multiplying by Q_11:
[[cMatrix]]
| 0.223136 | -0.606373 | 0.763231 | 
| 0.584617 | 0.709777 | 0.392988 | 
| -0.780021 | 0.358508 | 0.512873 | 
Eigenvector matrix Q_11
[[cMatrix]]
| -0.999918 | 0.012786 | -7.63457e-08 | 
| -0.012786 | -0.999918 | 1.08378e-06 | 
| -6.24823e-08 | 1.08466e-06 | 1 | 
Number of iterations: 22
Eigenvector matrix after multiplying by Q_12:
[[cMatrix]]
| -0.217889 | 0.608278 | 0.763231 | 
| -0.590728 | -0.704699 | 0.392987 | 
| 0.776894 | -0.365235 | 0.512873 | 
Eigenvector matrix Q_12
[[cMatrix]]
| -0.999963 | 0.00864025 | 1.57245e-08 | 
| -0.00864025 | -0.999963 | -3.30747e-07 | 
| 1.28662e-08 | -3.30871e-07 | 1 | 
Number of iterations: 22
Eigenvector matrix after multiplying by Q_13:
[[cMatrix]]
| 0.214335 | -0.60954 | 0.763231 | 
| 0.594831 | 0.701239 | 0.392987 | 
| -0.774749 | 0.369763 | 0.512873 | 
Eigenvector matrix Q_13
[[cMatrix]]
| -0.999983 | 0.00583678 | -3.23796e-09 | 
| -0.00583678 | -0.999983 | 1.00878e-07 | 
| -2.6491e-09 | 1.00895e-07 | 1 | 
Number of iterations: 22
Eigenvector matrix after multiplying by Q_14:
[[cMatrix]]
| -0.21193 | 0.61038 | 0.763231 | 
| -0.597591 | -0.698889 | 0.392987 | 
| 0.773286 | -0.372815 | 0.512873 | 
Eigenvector matrix Q_14
[[cMatrix]]
| -0.999992 | 0.00394234 | 6.66684e-10 | 
| -0.00394234 | -0.999992 | -3.07595e-08 | 
| 5.45414e-10 | -3.07619e-08 | 1 | 
Number of iterations: 22
Eigenvector matrix after multiplying by Q_15:
[[cMatrix]]
| 0.210304 | -0.610942 | 0.763231 | 
| 0.59945 | 0.697295 | 0.392987 | 
| -0.77229 | 0.374872 | 0.512873 | 
Eigenvector matrix Q_15
[[cMatrix]]
| -0.999996 | 0.00266259 | -1.37261e-10 | 
| -0.00266259 | -0.999996 | 9.37798e-09 | 
| -1.12291e-10 | 9.37831e-09 | 1 | 
Number of iterations: 22
Eigenvector matrix after multiplying by Q_16:
[[cMatrix]]
| -0.209205 | 0.611319 | 0.763231 | 
| -0.600703 | -0.696216 | 0.392987 | 
| 0.771615 | -0.37626 | 0.512873 | 
Eigenvector matrix Q_16
[[cMatrix]]
| -0.999998 | 0.00179821 | 2.82596e-11 | 
| -0.00179821 | -0.999998 | -2.859e-09 | 
| 2.31184e-11 | -2.85905e-09 | 1 | 
Number of iterations: 22
Eigenvector matrix after multiplying by Q_17:
[[cMatrix]]
| 0.208462 | -0.611573 | 0.763231 | 
| 0.601548 | 0.695486 | 0.392987 | 
| -0.771157 | 0.377197 | 0.512873 | 
Eigenvector matrix Q_17
[[cMatrix]]
| -0.999999 | 0.00121443 | -5.81807e-12 | 
| -0.00121443 | -0.999999 | 8.71583e-10 | 
| -4.75959e-12 | 8.71589e-10 | 1 | 
Number of iterations: 22
Eigenvector matrix after multiplying by Q_18:
[[cMatrix]]
| -0.207961 | 0.611743 | 0.763231 | 
| -0.602118 | -0.694993 | 0.392987 | 
| 0.770848 | -0.37783 | 0.512873 | 
Eigenvector matrix Q_18
[[cMatrix]]
| -1 | 0.000820162 | 1.19782e-12 | 
| -0.000820162 | -1 | -2.65704e-10 | 
| 9.79898e-13 | -2.65705e-10 | 1 | 
Number of iterations: 22
Eigenvector matrix after multiplying by Q_19:
[[cMatrix]]
| 0.207622 | -0.611859 | 0.763231 | 
| 0.602503 | 0.694659 | 0.392987 | 
| -0.770638 | 0.378256 | 0.512873 | 
Eigenvector matrix Q_19
[[cMatrix]]
| -1 | 0.000553893 | -2.46605e-13 | 
| -0.000553893 | -1 | 8.09999e-11 | 
| -2.0174e-13 | 8.1e-11 | 1 | 
Number of iterations: 22
Eigenvector matrix after multiplying by Q_20:
[[cMatrix]]
| -0.207393 | 0.611936 | 0.763231 | 
| -0.602763 | -0.694434 | 0.392987 | 
| 0.770497 | -0.378545 | 0.512873 | 
Eigenvector matrix Q_20
[[cMatrix]]
| -1 | 0.000374069 | 5.07706e-14 | 
| -0.000374069 | -1 | -2.46928e-11 | 
| 4.15338e-14 | -2.46928e-11 | 1 | 
Number of iterations: 22
Eigenvector matrix after multiplying by Q_21:
[[cMatrix]]
| 0.207238 | -0.611989 | 0.763231 | 
| 0.602938 | 0.694281 | 0.392987 | 
| -0.770401 | 0.378739 | 0.512873 | 
Eigenvector matrix Q_21
[[cMatrix]]
| -1 | 0.000252625 | -1.04526e-14 | 
| -0.000252625 | -1 | 7.52758e-12 | 
| -8.55089e-15 | 7.52758e-12 | 1 | 
Number of iterations: 22
Eigenvector matrix after multiplying by Q_22:
[[cMatrix]]
| -0.207134 | 0.612024 | 0.763231 | 
| -0.603057 | -0.694178 | 0.392987 | 
| 0.770336 | -0.378871 | 0.512873 | 
Eigenvector matrix Q_22
[[cMatrix]]
| -1 | 0.000170609 | 2.15195e-15 | 
| -0.000170609 | -1 | -2.29478e-12 | 
| 1.76044e-15 | -2.29478e-12 | 1 | 
Number of iterations: 22
===========================SVD SECTION==========================
A*A' = 
[[cMatrix]]
| 9362.33 | -2258.2 | -5303.18 | 
| -2258.2 | 16235.7 | -5527.69 | 
| -5303.18 | -5527.69 | 16763.5 | 

Eigenvectors of A*A' (U) = 

[[cMatrix]]
| -0.207134 | 0.612024 | 0.763231 | 
| -0.603057 | -0.694178 | 0.392987 | 
| 0.770336 | -0.378871 | 0.512873 | 

Singular values of A'*A (S) = 

[[cMatrix]]
| 150.06 | 0 | 0 | 
| 0 | 123.318 | 0 | 
| 0 | 0 | 68.088 | 

Eigenvectors of A'*A (V) = 

[[cMatrix]]
| 0.525655 | -0.554722 | -0.644894 | 
| -0.797458 | -0.0575018 | -0.600639 | 
| 0.296222 | 0.830046 | -0.472594 | 


Q_U = 
[[cMatrix]]
| -1 | 0.000170609 | 2.15195e-15 | 
| -0.000170609 | -1 | -2.29478e-12 | 
| 1.76044e-15 | -2.29478e-12 | 1 | 
Q_U iter = 22
Q_V = 
[[cMatrix]]
| 0 | 0 | 0 | 0 | 
| 0 | 0 | 0 | 0 | 
| 0 | 0 | 0 | 0 | 
| 0 | 0 | 0 | 0 | 
Q_V iter = 2685004



Original matrix A = U*S*V' = 
[[cMatrix]]
| -91.7189 | -10.7662 | 28.8802 | 
| -17.3379 | 61.0165 | -110.508 | 
| 64.1617 | -110.472 | -21.0421 | 
===========================KABSCH SECTION==========================

Centroid of A = 
Vector contents:
| 4.86667 |
| 5.2 |
| 3.66667 |

Centroid of B = 
Vector contents:
| -5.97022 |
| -2.86995 |
| -4.5043 |

A - centroidA =
[[cMatrix]]
| 2.13333 | 4.13333 | -3.86667 | -0.866667 | 0.133333 | -2.86667 | 2.13333 | 4.13333 | -3.86667 | -1.86667 | -0.866667 | 4.13333 | -1.86667 | -0.866667 | 0.133333 | 
| -3.2 | -0.2 | 2.8 | 0.8 | -3.2 | 2.8 | -3.2 | -4.2 | -1.2 | 2.8 | 2.8 | 3.8 | -2.2 | -2.2 | 3.8 | 
| -0.666667 | 2.33333 | -2.66667 | 4.33333 | 0.333333 | 5.33333 | -2.66667 | 0.333333 | 1.33333 | -3.66667 | -3.66667 | -1.66667 | 3.33333 | -0.666667 | -1.66667 | 

B - centroidB =
[[cMatrix]]
| -1.01307 | -3.62167 | 2.48834 | 0.924923 | 0.954113 | 2.23531 | -1.18497 | -2.47996 | 4.14574 | 0.521153 | -0.419467 | -5.27907 | 2.7648 | 1.48038 | -1.51659 | 
| -0.679575 | -3.0176 | 4.02201 | -3.68713 | -1.24938 | -3.68746 | 1.20146 | -2.27553 | -0.879015 | 4.59182 | 4.40647 | 1.88342 | -3.41548 | 0.161215 | 2.62483 | 
| 3.70775 | 0.588641 | -2.74479 | -2.39133 | 2.81026 | -5.09001 | 4.36516 | 4.84843 | -0.457209 | -1.8473 | -1.5629 | -1.69894 | 0.354771 | 1.95397 | -2.83651 | 

H = 
[[cMatrix]]
| -91.7189 | -10.7662 | 28.8802 | 
| -17.3379 | 61.0165 | -110.508 | 
| 64.1617 | -110.472 | -21.0421 | 

Det of R = 1

Rotation matrix = 
[[cMatrix]]
| -0.940588 | -0.185359 | 0.284351 | 
| -0.328438 | 0.284785 | -0.900577 | 
| 0.0859518 | -0.940562 | -0.32867 | 

R * B = 
[[cMatrix]]
| 6.99983 | 8.9999 | 1.00018 | 4.00018 | 4.99994 | 2.00033 | 6.99979 | 8.99975 | 1.00017 | 3.00008 | 4.00004 | 8.99991 | 3.00011 | 3.99998 | 5.00007 | 
| 2.00008 | 5.00001 | 8.00003 | 5.99975 | 1.99997 | 7.99965 | 2.00018 | 1.00009 | 3.9998 | 8.00015 | 8.00018 | 9.00024 | 2.99976 | 3 | 9.00011 | 
| 3.00012 | 6.00013 | 0.999704 | 8.00008 | 4.00012 | 8.99999 | 1.00005 | 4.00023 | 5.00001 | -0.000300114 | -0.000288808 | 1.99982 | 7.00015 | 3.00004 | 1.99975 | 

Translation matrix = 
Vector contents:
| -1.71536e-05 |
| -7.87194e-07 |
| 2.63165e-05 |

Result of the algorithm: 

R * B + t = A
[[cMatrix]]
| 6.99981 | 8.99988 | 1.00017 | 4.00016 | 4.99992 | 2.00031 | 6.99977 | 8.99973 | 1.00016 | 3.00006 | 4.00002 | 8.99989 | 3.0001 | 3.99997 | 5.00005 | 
| 2.00008 | 5.00001 | 8.00003 | 5.99975 | 1.99997 | 7.99965 | 2.00018 | 1.00009 | 3.9998 | 8.00015 | 8.00018 | 9.00024 | 2.99975 | 3 | 9.00011 | 
| 3.00015 | 6.00015 | 0.99973 | 8.0001 | 4.00015 | 9.00002 | 1.00007 | 4.00026 | 5.00004 | -0.000273798 | -0.000262492 | 1.99984 | 7.00018 | 3.00006 | 1.99978 | 

Original matrix A = 
[[cMatrix]]
| 7 | 9 | 1 | 4 | 5 | 2 | 7 | 9 | 1 | 3 | 4 | 9 | 3 | 4 | 5 | 
| 2 | 5 | 8 | 6 | 2 | 8 | 2 | 1 | 4 | 8 | 8 | 9 | 3 | 3 | 9 | 
| 3 | 6 | 1 | 8 | 4 | 9 | 1 | 4 | 5 | 0 | 0 | 2 | 7 | 3 | 2 | 

Transformed matrix B = 
[[cMatrix]]
| -6.98329 | -9.59189 | -3.48188 | -5.0453 | -5.01611 | -3.73491 | -7.15519 | -8.45018 | -1.82448 | -5.44907 | -6.38969 | -11.2493 | -3.20542 | -4.48984 | -7.48681 | 
| -3.54952 | -5.88755 | 1.15206 | -6.55708 | -4.11933 | -6.55741 | -1.66849 | -5.14548 | -3.74896 | 1.72187 | 1.53652 | -0.98653 | -6.28543 | -2.70873 | -0.24512 | 
| -0.79655 | -3.91566 | -7.24909 | -6.89563 | -1.69404 | -9.59431 | -0.13914 | 0.34413 | -4.96151 | -6.3516 | -6.0672 | -6.20324 | -4.14953 | -2.55033 | -7.34081 | 
