
Original matrix A = 
[[cMatrix]]
| 4 | 0 | 5 | 0 | 1 | 1 | 8 | 2 | 4 | 1 | 8 | 2 | 1 | 6 | 2 | 1 | 
| 7 | 3 | 6 | 4 | 1 | 2 | 2 | 3 | 6 | 0 | 7 | 2 | 2 | 3 | 0 | 9 | 
| 7 | 2 | 5 | 3 | 7 | 2 | 8 | 2 | 2 | 9 | 5 | 7 | 5 | 5 | 1 | 2 | 

Transformed matrix B = 
[[cMatrix]]
| 7.69011 | 2.79691 | 7.10295 | 3.71979 | 1.06086 | 2.15325 | 4.13608 | 3.41186 | 6.88022 | 0.05322 | 8.97652 | 2.31947 | 2.0685 | 4.55702 | 0.5867 | 8.8112 | 
| 6.79053 | 1.12528 | 5.91524 | 1.76844 | 6.04058 | 1.85842 | 10.6884 | 2.26946 | 2.93048 | 7.81008 | 7.47046 | 6.45162 | 4.27109 | 6.97049 | 1.94841 | 0.73104 | 
| -2.9582 | -1.97764 | -0.74707 | -2.83474 | -3.65868 | -0.95383 | 0.80684 | -0.45689 | 0.27353 | -4.58255 | 1.27061 | -3.16175 | -2.7348 | 0.80363 | 0.92709 | -2.79792 | 
===========================QR SECTION==========================
Vector x at 0 iter: 

Vector contents:
| 16866.8 |
| 1730.87 |
| 4692.25 |
Alpha 17592.7 at 0 iter: 

Vector u at 0 iter: 

Vector contents:
| 34459.5 |
| 1730.87 |
| 4692.25 |
Vector v at 0 iter: 

Vector contents:
| 0.989631 |
| 0.0497085 |
| 0.134755 |
Q_tmp at 0 iter: 

[[cMatrix]]
| -0.95874 | -0.0983862 | -0.266716 | 
| -0.0983862 | 0.995058 | -0.013397 | 
| -0.266716 | -0.013397 | 0.963682 | 
Q_heap(0)

[[cMatrix]]
| -0.95874 | -0.0983862 | -0.266716 | 
| -0.0983862 | 0.995058 | -0.013397 | 
| -0.266716 | -0.013397 | 0.963682 | 
===========================QR SECTION==========================
Vector x at 1 iter: 

Vector contents:
| 16985.2 |
| 631.767 |
Alpha 16996.9 at 1 iter: 

Vector u at 1 iter: 

Vector contents:
| 33982.1 |
| 631.767 |
Vector v at 1 iter: 

Vector contents:
| 0.999827 |
| 0.018588 |
Q_tmp at 1 iter: 

[[cMatrix]]
| -0.999309 | -0.0371695 | 
| -0.0371695 | 0.999309 | 
Q_heap(1)

[[cMatrix]]
| 1 | 0 | 0 | 
| 0 | -0.999309 | -0.0371695 | 
| 0 | -0.0371695 | 0.999309 | 
===========================QR SECTION==========================
Vector x at 0 iter: 

Vector contents:
| 18722.8 |
| 1922.52 |
| -568.986 |
Alpha 18829.9 at 0 iter: 

Vector u at 0 iter: 

Vector contents:
| 37552.7 |
| 1922.52 |
| -568.986 |
Vector v at 0 iter: 

Vector contents:
| 0.998578 |
| 0.0511224 |
| -0.0151301 |
Q_tmp at 0 iter: 

[[cMatrix]]
| -0.994315 | -0.102099 | 0.0302172 | 
| -0.102099 | 0.994773 | 0.00154698 | 
| 0.0302172 | 0.00154698 | 0.999542 | 
Q_heap(0)

[[cMatrix]]
| -0.994315 | -0.102099 | 0.0302172 | 
| -0.102099 | 0.994773 | 0.00154698 | 
| 0.0302172 | 0.00154698 | 0.999542 | 
===========================QR SECTION==========================
Vector x at 1 iter: 

Vector contents:
| 16629.1 |
| 36.4266 |
Alpha 16629.1 at 1 iter: 

Vector u at 1 iter: 

Vector contents:
| 33258.2 |
| 36.4266 |
Vector v at 1 iter: 

Vector contents:
| 0.999999 |
| 0.00109527 |
Q_tmp at 1 iter: 

[[cMatrix]]
| -0.999998 | -0.00219053 | 
| -0.00219053 | 0.999998 | 
Q_heap(1)

[[cMatrix]]
| 1 | 0 | 0 | 
| 0 | -0.999998 | -0.00219053 | 
| 0 | -0.00219053 | 0.999998 | 
===========================QR SECTION==========================
Vector x at 0 iter: 

Vector contents:
| 19113.6 |
| 1697.27 |
| 61.5592 |
Alpha 19188.9 at 0 iter: 

Vector u at 0 iter: 

Vector contents:
| 38302.4 |
| 1697.27 |
| 61.5592 |
Vector v at 0 iter: 

Vector contents:
| 0.999018 |
| 0.0442689 |
| 0.00160561 |
Q_tmp at 0 iter: 

[[cMatrix]]
| -0.996075 | -0.0884509 | -0.00320807 | 
| -0.0884509 | 0.996081 | -0.000142157 | 
| -0.00320807 | -0.000142157 | 0.999995 | 
Q_heap(0)

[[cMatrix]]
| -0.996075 | -0.0884509 | -0.00320807 | 
| -0.0884509 | 0.996081 | -0.000142157 | 
| -0.00320807 | -0.000142157 | 0.999995 | 
===========================QR SECTION==========================
Vector x at 1 iter: 

Vector contents:
| 16327.3 |
| -15.4086 |
Alpha 16327.3 at 1 iter: 

Vector u at 1 iter: 

Vector contents:
| 32654.6 |
| -15.4086 |
Vector v at 1 iter: 

Vector contents:
| 1 |
| -0.000471866 |
Q_tmp at 1 iter: 

[[cMatrix]]
| -1 | 0.000943733 | 
| 0.000943733 | 1 | 
Q_heap(1)

[[cMatrix]]
| 1 | 0 | 0 | 
| 0 | -1 | 0.000943733 | 
| 0 | 0.000943733 | 1 | 
===========================QR SECTION==========================
Vector x at 0 iter: 

Vector contents:
| 19392.7 |
| 1444.12 |
| -6.5318 |
Alpha 19446.4 at 0 iter: 

Vector u at 0 iter: 

Vector contents:
| 38839.2 |
| 1444.12 |
| -6.5318 |
Vector v at 0 iter: 

Vector contents:
| 0.999309 |
| 0.0371563 |
| -0.00016806 |
Q_tmp at 0 iter: 

[[cMatrix]]
| -0.997239 | -0.0742613 | 0.000335887 | 
| -0.0742613 | 0.997239 | 1.24889e-05 | 
| 0.000335887 | 1.24889e-05 | 1 | 
Q_heap(0)

[[cMatrix]]
| -0.997239 | -0.0742613 | 0.000335887 | 
| -0.0742613 | 0.997239 | 1.24889e-05 | 
| 0.000335887 | 1.24889e-05 | 1 | 
===========================QR SECTION==========================
Vector x at 1 iter: 

Vector contents:
| 16111.2 |
| 2.89909 |
Alpha 16111.2 at 1 iter: 

Vector u at 1 iter: 

Vector contents:
| 32222.4 |
| 2.89909 |
Vector v at 1 iter: 

Vector contents:
| 1 |
| 8.99715e-05 |
Q_tmp at 1 iter: 

[[cMatrix]]
| -1 | -0.000179943 | 
| -0.000179943 | 1 | 
Q_heap(1)

[[cMatrix]]
| 1 | 0 | 0 | 
| 0 | -1 | -0.000179943 | 
| 0 | -0.000179943 | 1 | 
===========================QR SECTION==========================
Vector x at 0 iter: 

Vector contents:
| 19589.4 |
| 1196.44 |
| 0.68388 |
Alpha 19625.9 at 0 iter: 

Vector u at 0 iter: 

Vector contents:
| 39215.3 |
| 1196.44 |
| 0.68388 |
Vector v at 0 iter: 

Vector contents:
| 0.999535 |
| 0.0304953 |
| 1.7431e-05 |
Q_tmp at 0 iter: 

[[cMatrix]]
| -0.99814 | -0.0609622 | -3.48458e-05 | 
| -0.0609622 | 0.99814 | -1.06313e-06 | 
| -3.48458e-05 | -1.06313e-06 | 1 | 
Q_heap(0)

[[cMatrix]]
| -0.99814 | -0.0609622 | -3.48458e-05 | 
| -0.0609622 | 0.99814 | -1.06313e-06 | 
| -3.48458e-05 | -1.06313e-06 | 1 | 
===========================QR SECTION==========================
Vector x at 1 iter: 

Vector contents:
| 15963.9 |
| -0.450571 |
Alpha 15963.9 at 1 iter: 

Vector u at 1 iter: 

Vector contents:
| 31927.7 |
| -0.450571 |
Vector v at 1 iter: 

Vector contents:
| 1 |
| -1.41122e-05 |
Q_tmp at 1 iter: 

[[cMatrix]]
| -1 | 2.82244e-05 | 
| 2.82244e-05 | 1 | 
Q_heap(1)

[[cMatrix]]
| 1 | 0 | 0 | 
| 0 | -1 | 2.82244e-05 | 
| 0 | 2.82244e-05 | 1 | 
===========================QR SECTION==========================
Vector x at 0 iter: 

Vector contents:
| 19721.9 |
| 973.192 |
| -0.0709476 |
Alpha 19745.9 at 0 iter: 

Vector u at 0 iter: 

Vector contents:
| 39467.8 |
| 973.192 |
| -0.0709476 |
Vector v at 0 iter: 

Vector contents:
| 0.999696 |
| 0.0246504 |
| -1.79706e-06 |
Q_tmp at 0 iter: 

[[cMatrix]]
| -0.998785 | -0.0492858 | 3.59303e-06 | 
| -0.0492858 | 0.998785 | 8.85966e-08 | 
| 3.59303e-06 | 8.85966e-08 | 1 | 
Q_heap(0)

[[cMatrix]]
| -0.998785 | -0.0492858 | 3.59303e-06 | 
| -0.0492858 | 0.998785 | 8.85966e-08 | 
| 3.59303e-06 | 8.85966e-08 | 1 | 
===========================QR SECTION==========================
Vector x at 1 iter: 

Vector contents:
| 15866.9 |
| 0.0645391 |
Alpha 15866.9 at 1 iter: 

Vector u at 1 iter: 

Vector contents:
| 31733.7 |
| 0.0645391 |
Vector v at 1 iter: 

Vector contents:
| 1 |
| 2.03377e-06 |
Q_tmp at 1 iter: 

[[cMatrix]]
| -1 | -4.06754e-06 | 
| -4.06754e-06 | 1 | 
Q_heap(1)

[[cMatrix]]
| 1 | 0 | 0 | 
| 0 | -1 | -4.06754e-06 | 
| 0 | -4.06754e-06 | 1 | 
===========================QR SECTION==========================
Vector x at 0 iter: 

Vector contents:
| 19808.5 |
| 782.011 |
| 0.00731556 |
Alpha 19823.9 at 0 iter: 

Vector u at 0 iter: 

Vector contents:
| 39632.4 |
| 782.011 |
| 0.00731556 |
Vector v at 0 iter: 

Vector contents:
| 0.999805 |
| 0.0197278 |
| 1.84549e-07 |
Q_tmp at 0 iter: 

[[cMatrix]]
| -0.999222 | -0.0394478 | -3.69027e-07 | 
| -0.0394478 | 0.999222 | -7.28149e-09 | 
| -3.69027e-07 | -7.28149e-09 | 1 | 
Q_heap(0)

[[cMatrix]]
| -0.999222 | -0.0394478 | -3.69027e-07 | 
| -0.0394478 | 0.999222 | -7.28149e-09 | 
| -3.69027e-07 | -7.28149e-09 | 1 | 
===========================QR SECTION==========================
Vector x at 1 iter: 

Vector contents:
| 15804.4 |
| -0.00886606 |
Alpha 15804.4 at 1 iter: 

Vector u at 1 iter: 

Vector contents:
| 31608.8 |
| -0.00886606 |
Vector v at 1 iter: 

Vector contents:
| 1 |
| -2.80493e-07 |
Q_tmp at 1 iter: 

[[cMatrix]]
| -1 | 5.60987e-07 | 
| 5.60987e-07 | 1 | 
Q_heap(1)

[[cMatrix]]
| 1 | 0 | 0 | 
| 0 | -1 | 5.60987e-07 | 
| 0 | 5.60987e-07 | 1 | 
===========================QR SECTION==========================
Vector x at 0 iter: 

Vector contents:
| 19864 |
| 623.449 |
| -0.000751354 |
Alpha 19873.8 at 0 iter: 

Vector u at 0 iter: 

Vector contents:
| 39737.7 |
| 623.449 |
| -0.000751354 |
Vector v at 0 iter: 

Vector contents:
| 0.999877 |
| 0.0156872 |
| -1.89055e-08 |
Q_tmp at 0 iter: 

[[cMatrix]]
| -0.999508 | -0.0313704 | 3.78063e-08 | 
| -0.0313704 | 0.999508 | 5.93147e-10 | 
| 3.78063e-08 | 5.93147e-10 | 1 | 
Q_heap(0)

[[cMatrix]]
| -0.999508 | -0.0313704 | 3.78063e-08 | 
| -0.0313704 | 0.999508 | 5.93147e-10 | 
| 3.78063e-08 | 5.93147e-10 | 1 | 
===========================QR SECTION==========================
Vector x at 1 iter: 

Vector contents:
| 15764.8 |
| 0.00118996 |
Alpha 15764.8 at 1 iter: 

Vector u at 1 iter: 

Vector contents:
| 31529.5 |
| 0.00118996 |
Vector v at 1 iter: 

Vector contents:
| 1 |
| 3.7741e-08 |
Q_tmp at 1 iter: 

[[cMatrix]]
| -1 | -7.5482e-08 | 
| -7.5482e-08 | 1 | 
Q_heap(1)

[[cMatrix]]
| 1 | 0 | 0 | 
| 0 | -1 | -7.5482e-08 | 
| 0 | -7.5482e-08 | 1 | 
===========================QR SECTION==========================
Vector x at 0 iter: 

Vector contents:
| 19899.1 |
| 494.547 |
| 7.69753e-05 |
Alpha 19905.2 at 0 iter: 

Vector u at 0 iter: 

Vector contents:
| 39804.3 |
| 494.547 |
| 7.69753e-05 |
Vector v at 0 iter: 

Vector contents:
| 0.999923 |
| 0.0124235 |
| 1.9337e-09 |
Q_tmp at 0 iter: 

[[cMatrix]]
| -0.999691 | -0.0248451 | -3.86709e-09 | 
| -0.0248451 | 0.999691 | -4.80466e-11 | 
| -3.86709e-09 | -4.80466e-11 | 1 | 
Q_heap(0)

[[cMatrix]]
| -0.999691 | -0.0248451 | -3.86709e-09 | 
| -0.0248451 | 0.999691 | -4.80466e-11 | 
| -3.86709e-09 | -4.80466e-11 | 1 | 
===========================QR SECTION==========================
Vector x at 1 iter: 

Vector contents:
| 15739.8 |
| -0.000157562 |
Alpha 15739.8 at 1 iter: 

Vector u at 1 iter: 

Vector contents:
| 31479.7 |
| -0.000157562 |
Vector v at 1 iter: 

Vector contents:
| 1 |
| -5.00519e-09 |
Q_tmp at 1 iter: 

[[cMatrix]]
| -1 | 1.00104e-08 | 
| 1.00104e-08 | 1 | 
Q_heap(1)

[[cMatrix]]
| 1 | 0 | 0 | 
| 0 | -1 | 1.00104e-08 | 
| 0 | 1.00104e-08 | 1 | 
===========================QR SECTION==========================
Vector x at 0 iter: 

Vector contents:
| 19921.1 |
| 391.058 |
| -7.87356e-06 |
Alpha 19924.9 at 0 iter: 

Vector u at 0 iter: 

Vector contents:
| 39846 |
| 391.058 |
| -7.87356e-06 |
Vector v at 0 iter: 

Vector contents:
| 0.999952 |
| 0.00981377 |
| -1.9759e-10 |
Q_tmp at 0 iter: 

[[cMatrix]]
| -0.999807 | -0.0196266 | 3.95161e-10 | 
| -0.0196266 | 0.999807 | 3.87821e-12 | 
| 3.95161e-10 | 3.87821e-12 | 1 | 
Q_heap(0)

[[cMatrix]]
| -0.999807 | -0.0196266 | 3.95161e-10 | 
| -0.0196266 | 0.999807 | 3.87821e-12 | 
| 3.95161e-10 | 3.87821e-12 | 1 | 
===========================QR SECTION==========================
Vector x at 1 iter: 

Vector contents:
| 15724.3 |
| 2.06949e-05 |
Alpha 15724.3 at 1 iter: 

Vector u at 1 iter: 

Vector contents:
| 31448.6 |
| 2.06949e-05 |
Vector v at 1 iter: 

Vector contents:
| 1 |
| 6.58056e-10 |
Q_tmp at 1 iter: 

[[cMatrix]]
| -1 | -1.31611e-09 | 
| -1.31611e-09 | 1 | 
Q_heap(1)

[[cMatrix]]
| 1 | 0 | 0 | 
| 0 | -1 | -1.31611e-09 | 
| 0 | -1.31611e-09 | 1 | 
===========================QR SECTION==========================
Vector x at 0 iter: 

Vector contents:
| 19934.8 |
| 308.614 |
| 8.04565e-07 |
Alpha 19937.2 at 0 iter: 

Vector u at 0 iter: 

Vector contents:
| 39872 |
| 308.614 |
| 8.04565e-07 |
Vector v at 0 iter: 

Vector contents:
| 0.99997 |
| 0.00773988 |
| 2.01781e-11 |
Q_tmp at 0 iter: 

[[cMatrix]]
| -0.99988 | -0.0154793 | -4.0355e-11 | 
| -0.0154793 | 0.99988 | -3.12352e-13 | 
| -4.0355e-11 | -3.12352e-13 | 1 | 
Q_heap(0)

[[cMatrix]]
| -0.99988 | -0.0154793 | -4.0355e-11 | 
| -0.0154793 | 0.99988 | -3.12352e-13 | 
| -4.0355e-11 | -3.12352e-13 | 1 | 
===========================QR SECTION==========================
Vector x at 1 iter: 

Vector contents:
| 15714.6 |
| -2.70492e-06 |
Alpha 15714.6 at 1 iter: 

Vector u at 1 iter: 

Vector contents:
| 31429.2 |
| -2.70492e-06 |
Vector v at 1 iter: 

Vector contents:
| 1 |
| -8.6064e-11 |
Q_tmp at 1 iter: 

[[cMatrix]]
| -1 | 1.72128e-10 | 
| 1.72128e-10 | 1 | 
Q_heap(1)

[[cMatrix]]
| 1 | 0 | 0 | 
| 0 | -1 | 1.72128e-10 | 
| 0 | 1.72128e-10 | 1 | 
===========================QR SECTION==========================
Vector x at 0 iter: 

Vector contents:
| 19943.4 |
| 243.251 |
| -8.21644e-08 |
Alpha 19944.8 at 0 iter: 

Vector u at 0 iter: 

Vector contents:
| 39888.2 |
| 243.251 |
| -8.21644e-08 |
Vector v at 0 iter: 

Vector contents:
| 0.999981 |
| 0.0060982 |
| -2.05983e-12 |
Q_tmp at 0 iter: 

[[cMatrix]]
| -0.999926 | -0.0121962 | 4.11958e-12 | 
| -0.0121962 | 0.999926 | 2.51225e-14 | 
| 4.11958e-12 | 2.51225e-14 | 1 | 
Q_heap(0)

[[cMatrix]]
| -0.999926 | -0.0121962 | 4.11958e-12 | 
| -0.0121962 | 0.999926 | 2.51225e-14 | 
| 4.11958e-12 | 2.51225e-14 | 1 | 
===========================QR SECTION==========================
Vector x at 1 iter: 

Vector contents:
| 15708.6 |
| 3.52493e-07 |
Alpha 15708.6 at 1 iter: 

Vector u at 1 iter: 

Vector contents:
| 31417.1 |
| 3.52493e-07 |
Vector v at 1 iter: 

Vector contents:
| 1 |
| 1.12198e-11 |
Q_tmp at 1 iter: 

[[cMatrix]]
| -1 | -2.24395e-11 | 
| -2.24395e-11 | 1 | 
Q_heap(1)

[[cMatrix]]
| 1 | 0 | 0 | 
| 0 | -1 | -2.24395e-11 | 
| 0 | -2.24395e-11 | 1 | 
===========================QR SECTION==========================
Vector x at 0 iter: 

Vector contents:
| 19948.7 |
| 191.585 |
| 8.38764e-09 |
Alpha 19949.6 at 0 iter: 

Vector u at 0 iter: 

Vector contents:
| 39898.2 |
| 191.585 |
| 8.38764e-09 |
Vector v at 0 iter: 

Vector contents:
| 0.999988 |
| 0.00480177 |
| 2.10223e-13 |
Q_tmp at 0 iter: 

[[cMatrix]]
| -0.999954 | -0.00960343 | -4.20442e-13 | 
| -0.00960343 | 0.999954 | -2.01889e-15 | 
| -4.20442e-13 | -2.01889e-15 | 1 | 
Q_heap(0)

[[cMatrix]]
| -0.999954 | -0.00960343 | -4.20442e-13 | 
| -0.00960343 | 0.999954 | -2.01889e-15 | 
| -4.20442e-13 | -2.01889e-15 | 1 | 
===========================QR SECTION==========================
Vector x at 1 iter: 

Vector contents:
| 15704.8 |
| -4.58512e-08 |
Alpha 15704.8 at 1 iter: 

Vector u at 1 iter: 

Vector contents:
| 31409.7 |
| -4.58512e-08 |
Vector v at 1 iter: 

Vector contents:
| 1 |
| -1.45978e-12 |
Q_tmp at 1 iter: 

[[cMatrix]]
| -1 | 2.91956e-12 | 
| 2.91956e-12 | 1 | 
Q_heap(1)

[[cMatrix]]
| 1 | 0 | 0 | 
| 0 | -1 | 2.91956e-12 | 
| 0 | 2.91956e-12 | 1 | 
===========================QR SECTION==========================
Vector x at 0 iter: 

Vector contents:
| 19952 |
| 150.82 |
| -8.56037e-10 |
Alpha 19952.5 at 0 iter: 

Vector u at 0 iter: 

Vector contents:
| 39904.5 |
| 150.82 |
| -8.56037e-10 |
Vector v at 0 iter: 

Vector contents:
| 0.999993 |
| 0.00377951 |
| -2.1452e-14 |
Q_tmp at 0 iter: 

[[cMatrix]]
| -0.999971 | -0.00755896 | 4.29037e-14 | 
| -0.00755896 | 0.999971 | 1.62156e-16 | 
| 4.29037e-14 | 1.62156e-16 | 1 | 
Q_heap(0)

[[cMatrix]]
| -0.999971 | -0.00755896 | 4.29037e-14 | 
| -0.00755896 | 0.999971 | 1.62156e-16 | 
| 4.29037e-14 | 1.62156e-16 | 1 | 
===========================QR SECTION==========================
Vector x at 1 iter: 

Vector contents:
| 15702.5 |
| 5.95747e-09 |
Alpha 15702.5 at 1 iter: 

Vector u at 1 iter: 

Vector contents:
| 31405.1 |
| 5.95747e-09 |
Vector v at 1 iter: 

Vector contents:
| 1 |
| 1.89698e-13 |
Q_tmp at 1 iter: 

[[cMatrix]]
| -1 | -3.79396e-13 | 
| -3.79396e-13 | 1 | 
Q_heap(1)

[[cMatrix]]
| 1 | 0 | 0 | 
| 0 | -1 | -3.79396e-13 | 
| 0 | -3.79396e-13 | 1 | 
===========================QR SECTION==========================
Vector x at 0 iter: 

Vector contents:
| 19954 |
| 118.695 |
| 8.73538e-11 |
Alpha 19954.3 at 0 iter: 

Vector u at 0 iter: 

Vector contents:
| 39908.3 |
| 118.695 |
| 8.73538e-11 |
Vector v at 0 iter: 

Vector contents:
| 0.999996 |
| 0.00297417 |
| 2.18885e-15 |
Q_tmp at 0 iter: 

[[cMatrix]]
| -0.999982 | -0.00594832 | -4.37768e-15 | 
| -0.00594832 | 0.999982 | -1.302e-17 | 
| -4.37768e-15 | -1.302e-17 | 1 | 
Q_heap(0)

[[cMatrix]]
| -0.999982 | -0.00594832 | -4.37768e-15 | 
| -0.00594832 | 0.999982 | -1.302e-17 | 
| -4.37768e-15 | -1.302e-17 | 1 | 
===========================QR SECTION==========================
Vector x at 1 iter: 

Vector contents:
| 15701.1 |
| -7.7352e-10 |
Alpha 15701.1 at 1 iter: 

Vector u at 1 iter: 

Vector contents:
| 31402.2 |
| -7.7352e-10 |
Vector v at 1 iter: 

Vector contents:
| 1 |
| -2.46327e-14 |
Q_tmp at 1 iter: 

[[cMatrix]]
| -1 | 4.92654e-14 | 
| 4.92654e-14 | 1 | 
Q_heap(1)

[[cMatrix]]
| 1 | 0 | 0 | 
| 0 | -1 | 4.92654e-14 | 
| 0 | 4.92654e-14 | 1 | 
===========================QR SECTION==========================
Vector x at 0 iter: 

Vector contents:
| 19955.3 |
| 93.3951 |
| -8.91314e-12 |
Alpha 19955.5 at 0 iter: 

Vector u at 0 iter: 

Vector contents:
| 39910.7 |
| 93.3951 |
| -8.91314e-12 |
Vector v at 0 iter: 

Vector contents:
| 0.999997 |
| 0.0023401 |
| -2.23326e-16 |
Q_tmp at 0 iter: 

[[cMatrix]]
| -0.999989 | -0.00468018 | 4.46652e-16 | 
| -0.00468018 | 0.999989 | 1.04521e-18 | 
| 4.46652e-16 | 1.04521e-18 | 1 | 
Q_heap(0)

[[cMatrix]]
| -0.999989 | -0.00468018 | 4.46652e-16 | 
| -0.00468018 | 0.999989 | 1.04521e-18 | 
| 4.46652e-16 | 1.04521e-18 | 1 | 
===========================QR SECTION==========================
Vector x at 1 iter: 

Vector contents:
| 15700.2 |
| 1.00391e-10 |
Alpha 15700.2 at 1 iter: 

Vector u at 1 iter: 

Vector contents:
| 31400.4 |
| 1.00391e-10 |
Vector v at 1 iter: 

Vector contents:
| 1 |
| 3.19712e-15 |
Q_tmp at 1 iter: 

[[cMatrix]]
| -1 | -6.39424e-15 | 
| -6.39424e-15 | 1 | 
Q_heap(1)

[[cMatrix]]
| 1 | 0 | 0 | 
| 0 | -1 | -6.39424e-15 | 
| 0 | -6.39424e-15 | 1 | 
===========================QR SECTION==========================
Vector x at 0 iter: 

Vector contents:
| 19956 |
| 73.4798 |
| 9.09401e-13 |
Alpha 19956.2 at 0 iter: 

Vector u at 0 iter: 

Vector contents:
| 39912.2 |
| 73.4798 |
| 9.09401e-13 |
Vector v at 0 iter: 

Vector contents:
| 0.999998 |
| 0.00184103 |
| 2.2785e-17 |
Q_tmp at 0 iter: 

[[cMatrix]]
| -0.999993 | -0.00368206 | -4.55699e-17 | 
| -0.00368206 | 0.999993 | -8.38959e-20 | 
| -4.55699e-17 | -8.38959e-20 | 1 | 
Q_heap(0)

[[cMatrix]]
| -0.999993 | -0.00368206 | -4.55699e-17 | 
| -0.00368206 | 0.999993 | -8.38959e-20 | 
| -4.55699e-17 | -8.38959e-20 | 1 | 
===========================QR SECTION==========================
Vector x at 1 iter: 

Vector contents:
| 15699.7 |
| -1.30257e-11 |
Alpha 15699.7 at 1 iter: 

Vector u at 1 iter: 

Vector contents:
| 31399.3 |
| -1.30257e-11 |
Vector v at 1 iter: 

Vector contents:
| 1 |
| -4.14842e-16 |
Q_tmp at 1 iter: 

[[cMatrix]]
| -1 | 8.29683e-16 | 
| 8.29683e-16 | 1 | 
Q_heap(1)

[[cMatrix]]
| 1 | 0 | 0 | 
| 0 | -1 | 8.29683e-16 | 
| 0 | 8.29683e-16 | 1 | 
===========================QR SECTION==========================
Vector x at 0 iter: 

Vector contents:
| 19956.5 |
| 57.807 |
| -9.27823e-14 |
Alpha 19956.6 at 0 iter: 

Vector u at 0 iter: 

Vector contents:
| 39913.1 |
| 57.807 |
| -9.27823e-14 |
Vector v at 0 iter: 

Vector contents:
| 0.999999 |
| 0.00144832 |
| -2.3246e-18 |
Q_tmp at 0 iter: 

[[cMatrix]]
| -0.999996 | -0.00289664 | 4.6492e-18 | 
| -0.00289664 | 0.999996 | 6.73355e-21 | 
| 4.6492e-18 | 6.73355e-21 | 1 | 
Q_heap(0)

[[cMatrix]]
| -0.999996 | -0.00289664 | 4.6492e-18 | 
| -0.00289664 | 0.999996 | 6.73355e-21 | 
| 4.6492e-18 | 6.73355e-21 | 1 | 
===========================QR SECTION==========================
Vector x at 1 iter: 

Vector contents:
| 15699.3 |
| 1.68982e-12 |
Alpha 15699.3 at 1 iter: 

Vector u at 1 iter: 

Vector contents:
| 31398.6 |
| 1.68982e-12 |
Vector v at 1 iter: 

Vector contents:
| 1 |
| 5.38181e-17 |
Q_tmp at 1 iter: 

[[cMatrix]]
| -1 | -1.07636e-16 | 
| -1.07636e-16 | 1 | 
Q_heap(1)

[[cMatrix]]
| 1 | 0 | 0 | 
| 0 | -1 | -1.07636e-16 | 
| 0 | -1.07636e-16 | 1 | 
===========================QR SECTION==========================
Vector x at 0 iter: 

Vector contents:
| 19956.8 |
| 45.4752 |
| 9.46598e-15 |
Alpha 19956.9 at 0 iter: 

Vector u at 0 iter: 

Vector contents:
| 39913.7 |
| 45.4752 |
| 9.46598e-15 |
Vector v at 0 iter: 

Vector contents:
| 0.999999 |
| 0.00113934 |
| 2.37161e-19 |
Q_tmp at 0 iter: 

[[cMatrix]]
| -0.999997 | -0.00227868 | -4.74322e-19 | 
| -0.00227868 | 0.999997 | -5.40414e-22 | 
| -4.74322e-19 | -5.40414e-22 | 1 | 
Q_heap(0)

[[cMatrix]]
| -0.999997 | -0.00227868 | -4.74322e-19 | 
| -0.00227868 | 0.999997 | -5.40414e-22 | 
| -4.74322e-19 | -5.40414e-22 | 1 | 
===========================QR SECTION==========================
Vector x at 1 iter: 

Vector contents:
| 15699.1 |
| -2.19196e-13 |
Alpha 15699.1 at 1 iter: 

Vector u at 1 iter: 

Vector contents:
| 31398.2 |
| -2.19196e-13 |
Vector v at 1 iter: 

Vector contents:
| 1 |
| -6.98115e-18 |
Q_tmp at 1 iter: 

[[cMatrix]]
| -1 | 1.39623e-17 | 
| 1.39623e-17 | 1 | 
Q_heap(1)

[[cMatrix]]
| 1 | 0 | 0 | 
| 0 | -1 | 1.39623e-17 | 
| 0 | 1.39623e-17 | 1 | 
===========================QR SECTION==========================
Vector x at 0 iter: 

Vector contents:
| 19957 |
| 35.7732 |
| -9.65739e-16 |
Alpha 19957 at 0 iter: 

Vector u at 0 iter: 

Vector contents:
| 39914 |
| 35.7732 |
| -9.65739e-16 |
Vector v at 0 iter: 

Vector contents:
| 1 |
| 0.000896256 |
| -2.41955e-20 |
Q_tmp at 0 iter: 

[[cMatrix]]
| -0.999998 | -0.00179251 | 4.83909e-20 | 
| -0.00179251 | 0.999998 | 4.33706e-23 | 
| 4.83909e-20 | 4.33706e-23 | 1 | 
Q_heap(0)

[[cMatrix]]
| -0.999998 | -0.00179251 | 4.83909e-20 | 
| -0.00179251 | 0.999998 | 4.33706e-23 | 
| 4.83909e-20 | 4.33706e-23 | 1 | 
===========================QR SECTION==========================
Vector x at 1 iter: 

Vector contents:
| 15699 |
| 2.84313e-14 |
Alpha 15699 at 1 iter: 

Vector u at 1 iter: 

Vector contents:
| 31398 |
| 2.84313e-14 |
Vector v at 1 iter: 

Vector contents:
| 1 |
| 9.05515e-19 |
Q_tmp at 1 iter: 

[[cMatrix]]
| -1 | -1.81103e-18 | 
| -1.81103e-18 | 1 | 
Q_heap(1)

[[cMatrix]]
| 1 | 0 | 0 | 
| 0 | -1 | -1.81103e-18 | 
| 0 | -1.81103e-18 | 1 | 
===========================QR SECTION==========================
Vector x at 0 iter: 

Vector contents:
| 19957.1 |
| 28.1406 |
| 9.85259e-17 |
Alpha 19957.1 at 0 iter: 

Vector u at 0 iter: 

Vector contents:
| 39914.2 |
| 28.1406 |
| 9.85259e-17 |
Vector v at 0 iter: 

Vector contents:
| 1 |
| 0.000705026 |
| 2.46844e-21 |
Q_tmp at 0 iter: 

[[cMatrix]]
| -0.999999 | -0.00141005 | -4.93688e-21 | 
| -0.00141005 | 0.999999 | -3.48063e-24 | 
| -4.93688e-21 | -3.48063e-24 | 1 | 
Q_heap(0)

[[cMatrix]]
| -0.999999 | -0.00141005 | -4.93688e-21 | 
| -0.00141005 | 0.999999 | -3.48063e-24 | 
| -4.93688e-21 | -3.48063e-24 | 1 | 
===========================QR SECTION==========================
Vector x at 1 iter: 

Vector contents:
| 15698.9 |
| -3.68762e-15 |
Alpha 15698.9 at 1 iter: 

Vector u at 1 iter: 

Vector contents:
| 31397.8 |
| -3.68762e-15 |
Vector v at 1 iter: 

Vector contents:
| 1 |
| -1.17448e-19 |
Q_tmp at 1 iter: 

[[cMatrix]]
| -1 | 2.34897e-19 | 
| 2.34897e-19 | 1 | 
Q_heap(1)

[[cMatrix]]
| 1 | 0 | 0 | 
| 0 | -1 | 2.34897e-19 | 
| 0 | 2.34897e-19 | 1 | 
===========================QR SECTION==========================
Vector x at 0 iter: 

Vector contents:
| 19957.2 |
| 22.1363 |
| -1.00517e-17 |
Alpha 19957.2 at 0 iter: 

Vector u at 0 iter: 

Vector contents:
| 39914.4 |
| 22.1363 |
| -1.00517e-17 |
Vector v at 0 iter: 

Vector contents:
| 1 |
| 0.000554593 |
| -2.51831e-22 |
Q_tmp at 0 iter: 

[[cMatrix]]
| -0.999999 | -0.00110919 | 5.03662e-22 | 
| -0.00110919 | 0.999999 | 2.79328e-25 | 
| 5.03662e-22 | 2.79328e-25 | 1 | 
Q_heap(0)

[[cMatrix]]
| -0.999999 | -0.00110919 | 5.03662e-22 | 
| -0.00110919 | 0.999999 | 2.79328e-25 | 
| 5.03662e-22 | 2.79328e-25 | 1 | 
===========================QR SECTION==========================
Vector x at 1 iter: 

Vector contents:
| 15698.8 |
| 4.78282e-16 |
Alpha 15698.8 at 1 iter: 

Vector u at 1 iter: 

Vector contents:
| 31397.7 |
| 4.78282e-16 |
Vector v at 1 iter: 

Vector contents:
| 1 |
| 1.5233e-20 |
Q_tmp at 1 iter: 

[[cMatrix]]
| -1 | -3.0466e-20 | 
| -3.0466e-20 | 1 | 
Q_heap(1)

[[cMatrix]]
| 1 | 0 | 0 | 
| 0 | -1 | -3.0466e-20 | 
| 0 | -3.0466e-20 | 1 | 
===========================QR SECTION==========================
Vector x at 0 iter: 

Vector contents:
| 19957.2 |
| 17.4129 |
| 1.02548e-18 |
Alpha 19957.2 at 0 iter: 

Vector u at 0 iter: 

Vector contents:
| 39914.5 |
| 17.4129 |
| 1.02548e-18 |
Vector v at 0 iter: 

Vector contents:
| 1 |
| 0.000436256 |
| 2.56919e-23 |
Q_tmp at 0 iter: 

[[cMatrix]]
| -1 | -0.000872513 | -5.13837e-23 | 
| -0.000872513 | 1 | -2.24165e-26 | 
| -5.13837e-23 | -2.24165e-26 | 1 | 
Q_heap(0)

[[cMatrix]]
| -1 | -0.000872513 | -5.13837e-23 | 
| -0.000872513 | 1 | -2.24165e-26 | 
| -5.13837e-23 | -2.24165e-26 | 1 | 
===========================QR SECTION==========================
Vector x at 1 iter: 

Vector contents:
| 15698.8 |
| -6.2032e-17 |
Alpha 15698.8 at 1 iter: 

Vector u at 1 iter: 

Vector contents:
| 31397.6 |
| -6.2032e-17 |
Vector v at 1 iter: 

Vector contents:
| 1 |
| -1.97569e-21 |
Q_tmp at 1 iter: 

[[cMatrix]]
| -1 | 3.95138e-21 | 
| 3.95138e-21 | 1 | 
Q_heap(1)

[[cMatrix]]
| 1 | 0 | 0 | 
| 0 | -1 | 3.95138e-21 | 
| 0 | 3.95138e-21 | 1 | 
===========================QR SECTION==========================
Vector x at 0 iter: 

Vector contents:
| 19957.3 |
| 13.6974 |
| -1.04619e-19 |
Alpha 19957.3 at 0 iter: 

Vector u at 0 iter: 

Vector contents:
| 39914.5 |
| 13.6974 |
| -1.04619e-19 |
Vector v at 0 iter: 

Vector contents:
| 1 |
| 0.000343169 |
| -2.62109e-24 |
Q_tmp at 0 iter: 

[[cMatrix]]
| -1 | -0.000686338 | 5.24218e-24 | 
| -0.000686338 | 1 | 1.79895e-27 | 
| 5.24218e-24 | 1.79895e-27 | 1 | 
Q_heap(0)

[[cMatrix]]
| -1 | -0.000686338 | 5.24218e-24 | 
| -0.000686338 | 1 | 1.79895e-27 | 
| 5.24218e-24 | 1.79895e-27 | 1 | 
===========================QR SECTION==========================
Vector x at 1 iter: 

Vector contents:
| 15698.8 |
| 8.04532e-18 |
Alpha 15698.8 at 1 iter: 

Vector u at 1 iter: 

Vector contents:
| 31397.6 |
| 8.04532e-18 |
Vector v at 1 iter: 

Vector contents:
| 1 |
| 2.5624e-22 |
Q_tmp at 1 iter: 

[[cMatrix]]
| -1 | -5.1248e-22 | 
| -5.1248e-22 | 1 | 
Q_heap(1)

[[cMatrix]]
| 1 | 0 | 0 | 
| 0 | -1 | -5.1248e-22 | 
| 0 | -5.1248e-22 | 1 | 
===========================QR SECTION==========================
Vector x at 0 iter: 

Vector contents:
| 19957.3 |
| 10.7747 |
| 1.06733e-20 |
Alpha 19957.3 at 0 iter: 

Vector u at 0 iter: 

Vector contents:
| 39914.5 |
| 10.7747 |
| 1.06733e-20 |
Vector v at 0 iter: 

Vector contents:
| 1 |
| 0.000269944 |
| 2.67403e-25 |
Q_tmp at 0 iter: 

[[cMatrix]]
| -1 | -0.000539887 | -5.34807e-25 | 
| -0.000539887 | 1 | -1.44368e-28 | 
| -5.34807e-25 | -1.44368e-28 | 1 | 
Q_heap(0)

[[cMatrix]]
| -1 | -0.000539887 | -5.34807e-25 | 
| -0.000539887 | 1 | -1.44368e-28 | 
| -5.34807e-25 | -1.44368e-28 | 1 | 
===========================QR SECTION==========================
Vector x at 1 iter: 

Vector contents:
| 15698.8 |
| -1.04344e-18 |
Alpha 15698.8 at 1 iter: 

Vector u at 1 iter: 

Vector contents:
| 31397.6 |
| -1.04344e-18 |
Vector v at 1 iter: 

Vector contents:
| 1 |
| -3.32332e-23 |
Q_tmp at 1 iter: 

[[cMatrix]]
| -1 | 6.64664e-23 | 
| 6.64664e-23 | 1 | 
Q_heap(1)

[[cMatrix]]
| 1 | 0 | 0 | 
| 0 | -1 | 6.64664e-23 | 
| 0 | 6.64664e-23 | 1 | 
===========================QR SECTION==========================
Vector x at 0 iter: 

Vector contents:
| 19957.3 |
| 8.47557 |
| -1.08889e-21 |
Alpha 19957.3 at 0 iter: 

Vector u at 0 iter: 

Vector contents:
| 39914.6 |
| 8.47557 |
| -1.08889e-21 |
Vector v at 0 iter: 

Vector contents:
| 1 |
| 0.000212343 |
| -2.72805e-26 |
Q_tmp at 0 iter: 

[[cMatrix]]
| -1 | -0.000424686 | 5.4561e-26 | 
| -0.000424686 | 1 | 1.15856e-29 | 
| 5.4561e-26 | 1.15856e-29 | 1 | 
Q_heap(0)

[[cMatrix]]
| -1 | -0.000424686 | 5.4561e-26 | 
| -0.000424686 | 1 | 1.15856e-29 | 
| 5.4561e-26 | 1.15856e-29 | 1 | 
===========================QR SECTION==========================
Vector x at 1 iter: 

Vector contents:
| 15698.8 |
| 1.35329e-19 |
Alpha 15698.8 at 1 iter: 

Vector u at 1 iter: 

Vector contents:
| 31397.6 |
| 1.35329e-19 |
Vector v at 1 iter: 

Vector contents:
| 1 |
| 4.31019e-24 |
Q_tmp at 1 iter: 

[[cMatrix]]
| -1 | -8.62037e-24 | 
| -8.62037e-24 | 1 | 
Q_heap(1)

[[cMatrix]]
| 1 | 0 | 0 | 
| 0 | -1 | -8.62037e-24 | 
| 0 | -8.62037e-24 | 1 | 
===========================QR SECTION==========================
Vector x at 0 iter: 

Vector contents:
| 19957.3 |
| 6.66705 |
| 1.11088e-22 |
Alpha 19957.3 at 0 iter: 

Vector u at 0 iter: 

Vector contents:
| 39914.6 |
| 6.66705 |
| 1.11088e-22 |
Vector v at 0 iter: 

Vector contents:
| 1 |
| 0.000167033 |
| 2.78315e-27 |
Q_tmp at 0 iter: 

[[cMatrix]]
| -1 | -0.000334066 | -5.56631e-27 | 
| -0.000334066 | 1 | -9.29756e-31 | 
| -5.56631e-27 | -9.29756e-31 | 1 | 
Q_heap(0)

[[cMatrix]]
| -1 | -0.000334066 | -5.56631e-27 | 
| -0.000334066 | 1 | -9.29756e-31 | 
| -5.56631e-27 | -9.29756e-31 | 1 | 
===========================QR SECTION==========================
Vector x at 1 iter: 

Vector contents:
| 15698.8 |
| -1.75515e-20 |
Alpha 15698.8 at 1 iter: 

Vector u at 1 iter: 

Vector contents:
| 31397.5 |
| -1.75515e-20 |
Vector v at 1 iter: 

Vector contents:
| 1 |
| -5.59009e-25 |
Q_tmp at 1 iter: 

[[cMatrix]]
| -1 | 1.11802e-24 | 
| 1.11802e-24 | 1 | 
Q_heap(1)

[[cMatrix]]
| 1 | 0 | 0 | 
| 0 | -1 | 1.11802e-24 | 
| 0 | 1.11802e-24 | 1 | 
===========================EIGEN SECTION==========================
Eigenvalue matrix after 26 iterations of the QR algorithm
[[cMatrix]]
| 19957.3 | 6.66705 | -3.8857e-16 | 
| 6.66705 | 15698.8 | 2.07392e-16 | 
| 1.11088e-22 | -1.75515e-20 | 2036.04 | 
Eigenvector matrix Q_0:
[[cMatrix]]
| -0.95874 | 0.108232 | -0.262875 | 
| -0.0983862 | -0.993873 | -0.0503735 | 
| -0.266716 | -0.0224318 | 0.963514 | 
Eigenvector matrix after multiplying by Q_1:
[[cMatrix]]
| 0.934296 | -0.204507 | -0.292007 | 
| 0.197779 | 0.978828 | -0.0527169 | 
| 0.296605 | -0.00849944 | 0.954962 | 
Eigenvector matrix Q_1
[[cMatrix]]
| -0.994315 | 0.102033 | 0.0304408 | 
| -0.102099 | -0.994774 | -0.000632106 | 
| 0.0302172 | -0.0037365 | 0.999536 | 
Number of iterations: 26
Eigenvector matrix after multiplying by Q_2:
[[cMatrix]]
| -0.911604 | 0.286025 | -0.295243 | 
| -0.283411 | -0.957556 | -0.0525866 | 
| -0.297753 | 0.0357372 | 0.953974 | 
Eigenvector matrix Q_2
[[cMatrix]]
| -0.996075 | 0.0884479 | -0.00329154 | 
| -0.0884509 | -0.99608 | 0.000797877 | 
| -0.00320807 | 0.00108588 | 0.999994 | 
Number of iterations: 26
Eigenvector matrix after multiplying by Q_3:
[[cMatrix]]
| 0.887747 | -0.352875 | -0.295609 | 
| 0.353721 | 0.933875 | -0.0525257 | 
| 0.294597 | -0.0579336 | 0.953864 | 
Eigenvector matrix Q_3
[[cMatrix]]
| -0.997239 | 0.0742612 | 0.00034925 | 
| -0.0742613 | -0.997239 | -0.000166957 | 
| 0.000335887 | -0.000192432 | 1 | 
Number of iterations: 26
Eigenvector matrix after multiplying by Q_4:
[[cMatrix]]
| -0.864573 | 0.406329 | -0.295651 | 
| -0.409992 | -0.910576 | -0.0525133 | 
| -0.290551 | 0.0758131 | 0.953851 | 
Eigenvector matrix Q_4
[[cMatrix]]
| -0.99814 | 0.0609622 | -3.65665e-05 | 
| -0.0609622 | -0.99814 | 2.71088e-05 | 
| -3.48458e-05 | 2.92876e-05 | 1 | 
Number of iterations: 26
Eigenvector matrix after multiplying by Q_5:
[[cMatrix]]
| 0.843495 | -0.448445 | -0.295656 | 
| 0.454372 | 0.889263 | -0.0525113 | 
| 0.286465 | -0.0900449 | 0.95385 | 
Eigenvector matrix Q_5
[[cMatrix]]
| -0.998785 | 0.0492858 | 3.7935e-06 | 
| -0.0492858 | -0.998785 | -3.97401e-06 | 
| 3.59303e-06 | -4.15614e-06 | 1 | 
Number of iterations: 26
Eigenvector matrix after multiplying by Q_6:
[[cMatrix]]
| -0.825148 | 0.48137 | -0.295657 | 
| -0.489098 | -0.870647 | -0.052511 | 
| -0.28269 | 0.101276 | 0.95385 | 
Eigenvector matrix Q_6
[[cMatrix]]
| -0.999222 | 0.0394478 | -3.91157e-07 | 
| -0.0394478 | -0.999222 | 5.53269e-07 | 
| -3.69027e-07 | 5.68268e-07 | 1 | 
Number of iterations: 26
Eigenvector matrix after multiplying by Q_7:
[[cMatrix]]
| 0.809641 | -0.507018 | -0.295657 | 
| 0.51617 | 0.854875 | -0.0525109 | 
| 0.279374 | -0.110094 | 0.95385 | 
Eigenvector matrix Q_7
[[cMatrix]]
| -0.999508 | 0.0313704 | 4.01742e-08 | 
| -0.0313704 | -0.999508 | -7.48517e-08 | 
| 3.78063e-08 | -7.60752e-08 | 1 | 
Number of iterations: 26
Eigenvector matrix after multiplying by Q_8:
[[cMatrix]]
| -0.796795 | 0.526978 | -0.295657 | 
| -0.53725 | -0.841787 | -0.0525109 | 
| -0.276552 | 0.117001 | 0.95385 | 
Eigenvector matrix Q_8
[[cMatrix]]
| -0.999691 | 0.0248451 | -4.1158e-09 | 
| -0.0248451 | -0.999691 | 9.95924e-09 | 
| -3.86709e-09 | 1.00584e-08 | 1 | 
Number of iterations: 26
Eigenvector matrix after multiplying by Q_9:
[[cMatrix]]
| 0.786298 | -0.542514 | -0.295657 | 
| 0.553668 | 0.83108 | -0.0525109 | 
| 0.274203 | -0.122406 | 0.95385 | 
Eigenvector matrix Q_9
[[cMatrix]]
| -0.999807 | 0.0196266 | 4.20992e-10 | 
| -0.0196266 | -0.999807 | -1.31198e-09 | 
| 3.95161e-10 | -1.31999e-09 | 1 | 
Number of iterations: 26
Eigenvector matrix after multiplying by Q_10:
[[cMatrix]]
| -0.777806 | 0.554621 | -0.295657 | 
| -0.566466 | -0.822411 | -0.0525109 | 
| -0.272275 | 0.126636 | 0.95385 | 
Eigenvector matrix Q_10
[[cMatrix]]
| -0.99988 | 0.0154793 | -4.30194e-11 | 
| -0.0154793 | -0.99988 | 1.71795e-10 | 
| -4.0355e-11 | 1.7244e-10 | 1 | 
Number of iterations: 26
Eigenvector matrix after multiplying by Q_11:
[[cMatrix]]
| 0.770984 | -0.564066 | -0.295657 | 
| 0.576454 | 0.815441 | -0.0525109 | 
| 0.27071 | -0.129948 | 0.95385 | 
Eigenvector matrix Q_11
[[cMatrix]]
| -0.999926 | 0.0121962 | 4.39326e-12 | 
| -0.0121962 | -0.999926 | -2.24127e-11 | 
| 4.11958e-12 | -2.24646e-11 | 1 | 
Number of iterations: 26
Eigenvector matrix after multiplying by Q_12:
[[cMatrix]]
| -0.765532 | 0.571444 | -0.295657 | 
| -0.584258 | -0.809867 | -0.0525109 | 
| -0.26945 | 0.132541 | 0.95385 | 
Eigenvector matrix Q_12
[[cMatrix]]
| -0.999954 | 0.00960343 | -4.4848e-13 | 
| -0.00960343 | -0.999954 | 2.91741e-12 | 
| -4.20442e-13 | 2.92158e-12 | 1 | 
Number of iterations: 26
Eigenvector matrix after multiplying by Q_13:
[[cMatrix]]
| 0.76119 | -0.577214 | -0.295657 | 
| 0.590363 | 0.805428 | -0.0525109 | 
| 0.26844 | -0.134574 | 0.95385 | 
Eigenvector matrix Q_13
[[cMatrix]]
| -0.999971 | 0.00755896 | 4.57716e-14 | 
| -0.00755896 | -0.999971 | -3.79223e-13 | 
| 4.29037e-14 | -3.79558e-13 | 1 | 
Number of iterations: 26
Eigenvector matrix after multiplying by Q_14:
[[cMatrix]]
| -0.757743 | 0.581732 | -0.295657 | 
| -0.595144 | -0.801902 | -0.0525109 | 
| -0.267635 | 0.136169 | 0.95385 | 
Eigenvector matrix Q_14
[[cMatrix]]
| -0.999982 | 0.00594832 | -4.67073e-15 | 
| -0.00594832 | -0.999982 | 4.92515e-14 | 
| -4.37768e-15 | 4.92784e-14 | 1 | 
Number of iterations: 26
Eigenvector matrix after multiplying by Q_15:
[[cMatrix]]
| 0.755013 | -0.585272 | -0.295657 | 
| 0.598891 | 0.799107 | -0.0525109 | 
| 0.266995 | -0.13742 | 0.95385 | 
Eigenvector matrix Q_15
[[cMatrix]]
| -0.999989 | 0.00468018 | 4.76578e-16 | 
| -0.00468018 | -0.999989 | -6.39313e-15 | 
| 4.46652e-16 | -6.39529e-15 | 1 | 
Number of iterations: 26
Eigenvector matrix after multiplying by Q_16:
[[cMatrix]]
| -0.752852 | 0.588048 | -0.295657 | 
| -0.601829 | -0.796897 | -0.0525109 | 
| -0.266487 | 0.138402 | 0.95385 | 
Eigenvector matrix Q_16
[[cMatrix]]
| -0.999993 | 0.00368206 | -4.86249e-17 | 
| -0.00368206 | -0.999993 | 8.29594e-16 | 
| -4.55699e-17 | 8.29767e-16 | 1 | 
Number of iterations: 26
Eigenvector matrix after multiplying by Q_17:
[[cMatrix]]
| 0.751146 | -0.590226 | -0.295657 | 
| 0.604135 | 0.79515 | -0.0525109 | 
| 0.266085 | -0.139173 | 0.95385 | 
Eigenvector matrix Q_17
[[cMatrix]]
| -0.999996 | 0.00289664 | 4.96099e-18 | 
| -0.00289664 | -0.999996 | -1.07629e-16 | 
| 4.6492e-18 | -1.07643e-16 | 1 | 
Number of iterations: 26
Eigenvector matrix after multiplying by Q_18:
[[cMatrix]]
| -0.749799 | 0.591936 | -0.295657 | 
| -0.605945 | -0.793772 | -0.0525109 | 
| -0.265767 | 0.139779 | 0.95385 | 
Eigenvector matrix Q_18
[[cMatrix]]
| -0.999997 | 0.00227868 | -5.06137e-19 | 
| -0.00227868 | -0.999997 | 1.39617e-17 | 
| -4.74322e-19 | 1.39628e-17 | 1 | 
Number of iterations: 26
Eigenvector matrix after multiplying by Q_19:
[[cMatrix]]
| 0.748737 | -0.593279 | -0.295657 | 
| 0.607367 | 0.792684 | -0.0525109 | 
| 0.265516 | -0.140255 | 0.95385 | 
Eigenvector matrix Q_19
[[cMatrix]]
| -0.999998 | 0.00179251 | 5.16372e-20 | 
| -0.00179251 | -0.999998 | -1.81098e-18 | 
| 4.83909e-20 | -1.81107e-18 | 1 | 
Number of iterations: 26
Eigenvector matrix after multiplying by Q_20:
[[cMatrix]]
| -0.747899 | 0.594334 | -0.295657 | 
| -0.608484 | -0.791827 | -0.0525109 | 
| -0.265318 | 0.14063 | 0.95385 | 
Eigenvector matrix Q_20
[[cMatrix]]
| -0.999999 | 0.00141005 | -5.26809e-21 | 
| -0.00141005 | -0.999999 | 2.34893e-19 | 
| -4.93688e-21 | 2.349e-19 | 1 | 
Number of iterations: 26
Eigenvector matrix after multiplying by Q_21:
[[cMatrix]]
| 0.74724 | -0.595164 | -0.295657 | 
| 0.609362 | 0.791152 | -0.0525109 | 
| 0.265162 | -0.140924 | 0.95385 | 
Eigenvector matrix Q_21
[[cMatrix]]
| -0.999999 | 0.00110919 | 5.37455e-22 | 
| -0.00110919 | -0.999999 | -3.04657e-20 | 
| 5.03662e-22 | -3.04663e-20 | 1 | 
Number of iterations: 26
Eigenvector matrix after multiplying by Q_22:
[[cMatrix]]
| -0.74672 | 0.595815 | -0.295657 | 
| -0.610052 | -0.79062 | -0.0525109 | 
| -0.265039 | 0.141155 | 0.95385 | 
Eigenvector matrix Q_22
[[cMatrix]]
| -1 | 0.000872513 | -5.48314e-23 | 
| -0.000872513 | -1 | 3.95135e-21 | 
| -5.13837e-23 | 3.9514e-21 | 1 | 
Number of iterations: 26
Eigenvector matrix after multiplying by Q_23:
[[cMatrix]]
| 0.746311 | -0.596328 | -0.295657 | 
| 0.610594 | 0.790201 | -0.0525109 | 
| 0.264942 | -0.141337 | 0.95385 | 
Eigenvector matrix Q_23
[[cMatrix]]
| -1 | 0.000686338 | 5.59391e-24 | 
| -0.000686338 | -1 | -5.12478e-22 | 
| 5.24218e-24 | -5.12482e-22 | 1 | 
Number of iterations: 26
Eigenvector matrix after multiplying by Q_24:
[[cMatrix]]
| -0.745989 | 0.596731 | -0.295657 | 
| -0.611021 | -0.789871 | -0.0525109 | 
| -0.264866 | 0.14148 | 0.95385 | 
Eigenvector matrix Q_24
[[cMatrix]]
| -1 | 0.000539887 | -5.70691e-25 | 
| -0.000539887 | -1 | 6.64663e-23 | 
| -5.34807e-25 | 6.64665e-23 | 1 | 
Number of iterations: 26
Eigenvector matrix after multiplying by Q_25:
[[cMatrix]]
| 0.745736 | -0.597047 | -0.295657 | 
| 0.611356 | 0.789611 | -0.0525109 | 
| 0.264806 | -0.141593 | 0.95385 | 
Eigenvector matrix Q_25
[[cMatrix]]
| -1 | 0.000424686 | 5.82219e-26 | 
| -0.000424686 | -1 | -8.62036e-24 | 
| 5.4561e-26 | -8.62038e-24 | 1 | 
Number of iterations: 26
Eigenvector matrix after multiplying by Q_26:
[[cMatrix]]
| -0.745536 | 0.597296 | -0.295657 | 
| -0.61162 | -0.789407 | -0.0525109 | 
| -0.264758 | 0.141681 | 0.95385 | 
Eigenvector matrix Q_26
[[cMatrix]]
| -1 | 0.000334066 | -5.9398e-27 | 
| -0.000334066 | -1 | 1.11802e-24 | 
| -5.56631e-27 | 1.11802e-24 | 1 | 
Number of iterations: 26
===========================SVD SECTION==========================
A*A' = 
[[cMatrix]]
| 16866.8 | 1730.87 | 4692.25 | 
| 1730.87 | 17259.2 | 1374.56 | 
| 4692.25 | 1374.56 | 3566.13 | 

Eigenvectors of A*A' (U) = 

[[cMatrix]]
| -0.745536 | 0.597296 | -0.295657 | 
| -0.61162 | -0.789407 | -0.0525109 | 
| -0.264758 | 0.141681 | 0.95385 | 

Singular values of A'*A (S) = 

[[cMatrix]]
| 141.27 | 0 | 0 | 
| 0 | 125.295 | 0 | 
| 0 | 0 | 45.1225 | 

Eigenvectors of A'*A (V) = 

[[cMatrix]]
| -0.780476 | -0.160351 | 0.604334 | 
| -0.540762 | 0.657839 | -0.524036 | 
| -0.313742 | -0.735891 | -0.600139 | 


Q_U = 
[[cMatrix]]
| -1 | 0.000334066 | -5.9398e-27 | 
| -0.000334066 | -1 | 1.11802e-24 | 
| -5.56631e-27 | 1.11802e-24 | 1 | 
Q_U iter = 26
Q_V = 
[[cMatrix]]
| 0 | 0 | 0 | 0 | 
| 0 | 0 | 0 | 0 | 
| 0 | 0 | 0 | 0 | 
