
Original matrix A = 
[[cMatrix]]
| 2 | 1 | 5 | 7 | 4 | 1 | 
| 6 | 2 | 7 | 6 | 7 | 7 | 
| 8 | 2 | 6 | 3 | 3 | 8 | 

Transformed matrix B = 
[[cMatrix]]
| 6.63184 | 1.60404 | 4.82007 | 2.37203 | 1.80097 | 6.29239 | 
| -0.08501 | 0.39765 | 3.00942 | 5.55654 | 2.47973 | -1.20451 | 
| 7.74671 | 2.50378 | 8.81535 | 7.58277 | 8.03788 | 8.54137 | 
===========================QR SECTION==========================
Vector x at 0 iter: 

Vector contents:
| 1121.95 |
| -777.026 |
| 701.576 |
Alpha 1534.52 at 0 iter: 

Vector u at 0 iter: 

Vector contents:
| 2656.47 |
| -777.026 |
| 701.576 |
Vector v at 0 iter: 

Vector contents:
| 0.93036 |
| -0.272133 |
| 0.245709 |
Q_tmp at 0 iter: 

[[cMatrix]]
| -0.731141 | 0.506364 | -0.457196 | 
| 0.506364 | 0.851887 | 0.133731 | 
| -0.457196 | 0.133731 | 0.879254 | 
Q_heap(0)

[[cMatrix]]
| -0.731141 | 0.506364 | -0.457196 | 
| 0.506364 | 0.851887 | 0.133731 | 
| -0.457196 | 0.133731 | 0.879254 | 
===========================QR SECTION==========================
Vector x at 1 iter: 

Vector contents:
| 634.152 |
| 600.097 |
Alpha 873.078 at 1 iter: 

Vector u at 1 iter: 

Vector contents:
| 1507.23 |
| 600.097 |
Vector v at 1 iter: 

Vector contents:
| 0.929069 |
| 0.369905 |
Q_tmp at 1 iter: 

[[cMatrix]]
| -0.72634 | -0.687335 | 
| -0.687335 | 0.72634 | 
Q_heap(1)

[[cMatrix]]
| 1 | 0 | 0 | 
| 0 | -0.72634 | -0.687335 | 
| 0 | -0.687335 | 0.72634 | 
===========================QR SECTION==========================
Vector x at 0 iter: 

Vector contents:
| 2114.83 |
| -70.5292 |
| -11.6752 |
Alpha 2116.04 at 0 iter: 

Vector u at 0 iter: 

Vector contents:
| 4230.86 |
| -70.5292 |
| -11.6752 |
Vector v at 0 iter: 

Vector contents:
| 0.999857 |
| -0.0166678 |
| -0.00275914 |
Q_tmp at 0 iter: 

[[cMatrix]]
| -0.999429 | 0.0333308 | 0.0055175 | 
| 0.0333308 | 0.999444 | -9.19776e-05 | 
| 0.0055175 | -9.19776e-05 | 0.999985 | 
Q_heap(0)

[[cMatrix]]
| -0.999429 | 0.0333308 | 0.0055175 | 
| 0.0333308 | 0.999444 | -9.19776e-05 | 
| 0.0055175 | -9.19776e-05 | 0.999985 | 
===========================QR SECTION==========================
Vector x at 1 iter: 

Vector contents:
| 1187.56 |
| -18.4117 |
Alpha 1187.7 at 1 iter: 

Vector u at 1 iter: 

Vector contents:
| 2375.27 |
| -18.4117 |
Vector v at 1 iter: 

Vector contents:
| 0.99997 |
| -0.00775119 |
Q_tmp at 1 iter: 

[[cMatrix]]
| -0.99988 | 0.0155019 | 
| 0.0155019 | 0.99988 | 
Q_heap(1)

[[cMatrix]]
| 1 | 0 | 0 | 
| 0 | -0.99988 | 0.0155019 | 
| 0 | 0.0155019 | 0.99988 | 
===========================QR SECTION==========================
Vector x at 0 iter: 

Vector contents:
| 2118.56 |
| -39.4851 |
| 0.0751102 |
Alpha 2118.93 at 0 iter: 

Vector u at 0 iter: 

Vector contents:
| 4237.48 |
| -39.4851 |
| 0.0751102 |
Vector v at 0 iter: 

Vector contents:
| 0.999957 |
| -0.00931764 |
| 1.77244e-05 |
Q_tmp at 0 iter: 

[[cMatrix]]
| -0.999826 | 0.0186345 | -3.54473e-05 | 
| 0.0186345 | 0.999826 | 3.30299e-07 | 
| -3.54473e-05 | 3.30299e-07 | 1 | 
Q_heap(0)

[[cMatrix]]
| -0.999826 | 0.0186345 | -3.54473e-05 | 
| 0.0186345 | 0.999826 | 3.30299e-07 | 
| -3.54473e-05 | 3.30299e-07 | 1 | 
===========================QR SECTION==========================
Vector x at 1 iter: 

Vector contents:
| 1186.25 |
| 0.21407 |
Alpha 1186.25 at 1 iter: 

Vector u at 1 iter: 

Vector contents:
| 2372.5 |
| 0.21407 |
Vector v at 1 iter: 

Vector contents:
| 1 |
| 9.02296e-05 |
Q_tmp at 1 iter: 

[[cMatrix]]
| -1 | -0.000180459 | 
| -0.000180459 | 1 | 
Q_heap(1)

[[cMatrix]]
| 1 | 0 | 0 | 
| 0 | -1 | -0.000180459 | 
| 0 | -0.000180459 | 1 | 
===========================QR SECTION==========================
Vector x at 0 iter: 

Vector contents:
| 2119.71 |
| -22.1051 |
| -0.00048248 |
Alpha 2119.82 at 0 iter: 

Vector u at 0 iter: 

Vector contents:
| 4239.53 |
| -22.1051 |
| -0.00048248 |
Vector v at 0 iter: 

Vector contents:
| 0.999986 |
| -0.00521398 |
| -1.13804e-07 |
Q_tmp at 0 iter: 

[[cMatrix]]
| -0.999946 | 0.0104278 | 2.27604e-07 | 
| 0.0104278 | 0.999946 | -1.18674e-09 | 
| 2.27604e-07 | -1.18674e-09 | 1 | 
Q_heap(0)

[[cMatrix]]
| -0.999946 | 0.0104278 | 2.27604e-07 | 
| 0.0104278 | 0.999946 | -1.18674e-09 | 
| 2.27604e-07 | -1.18674e-09 | 1 | 
===========================QR SECTION==========================
Vector x at 1 iter: 

Vector contents:
| 1185.75 |
| -0.0024672 |
Alpha 1185.75 at 1 iter: 

Vector u at 1 iter: 

Vector contents:
| 2371.5 |
| -0.0024672 |
Vector v at 1 iter: 

Vector contents:
| 1 |
| -1.04035e-06 |
Q_tmp at 1 iter: 

[[cMatrix]]
| -1 | 2.08071e-06 | 
| 2.08071e-06 | 1 | 
Q_heap(1)

[[cMatrix]]
| 1 | 0 | 0 | 
| 0 | -1 | 2.08071e-06 | 
| 0 | 2.08071e-06 | 1 | 
===========================QR SECTION==========================
Vector x at 0 iter: 

Vector contents:
| 2120.07 |
| -12.3648 |
| 3.09796e-06 |
Alpha 2120.1 at 0 iter: 

Vector u at 0 iter: 

Vector contents:
| 4240.17 |
| -12.3648 |
| 3.09796e-06 |
Vector v at 0 iter: 

Vector contents:
| 0.999996 |
| -0.0029161 |
| 7.3062e-10 |
Q_tmp at 0 iter: 

[[cMatrix]]
| -0.999983 | 0.00583217 | -1.46123e-09 | 
| 0.00583217 | 0.999983 | 4.26112e-12 | 
| -1.46123e-09 | 4.26112e-12 | 1 | 
Q_heap(0)

[[cMatrix]]
| -0.999983 | 0.00583217 | -1.46123e-09 | 
| 0.00583217 | 0.999983 | 4.26112e-12 | 
| -1.46123e-09 | 4.26112e-12 | 1 | 
===========================QR SECTION==========================
Vector x at 1 iter: 

Vector contents:
| 1185.59 |
| 2.83602e-05 |
Alpha 1185.59 at 1 iter: 

Vector u at 1 iter: 

Vector contents:
| 2371.18 |
| 2.83602e-05 |
Vector v at 1 iter: 

Vector contents:
| 1 |
| 1.19604e-08 |
Q_tmp at 1 iter: 

[[cMatrix]]
| -1 | -2.39207e-08 | 
| -2.39207e-08 | 1 | 
Q_heap(1)

[[cMatrix]]
| 1 | 0 | 0 | 
| 0 | -1 | -2.39207e-08 | 
| 0 | -2.39207e-08 | 1 | 
===========================QR SECTION==========================
Vector x at 0 iter: 

Vector contents:
| 2120.18 |
| -6.91457 |
| -1.98891e-08 |
Alpha 2120.19 at 0 iter: 

Vector u at 0 iter: 

Vector contents:
| 4240.37 |
| -6.91457 |
| -1.98891e-08 |
Vector v at 0 iter: 

Vector contents:
| 0.999999 |
| -0.00163065 |
| -4.69042e-12 |
Q_tmp at 0 iter: 

[[cMatrix]]
| -0.999995 | 0.0032613 | 9.38083e-12 | 
| 0.0032613 | 0.999995 | -1.52969e-14 | 
| 9.38083e-12 | -1.52969e-14 | 1 | 
Q_heap(0)

[[cMatrix]]
| -0.999995 | 0.0032613 | 9.38083e-12 | 
| 0.0032613 | 0.999995 | -1.52969e-14 | 
| 9.38083e-12 | -1.52969e-14 | 1 | 
===========================QR SECTION==========================
Vector x at 1 iter: 

Vector contents:
| 1185.54 |
| -3.2573e-07 |
Alpha 1185.54 at 1 iter: 

Vector u at 1 iter: 

Vector contents:
| 2371.09 |
| -3.2573e-07 |
Vector v at 1 iter: 

Vector contents:
| 1 |
| -1.37376e-10 |
Q_tmp at 1 iter: 

[[cMatrix]]
| -1 | 2.74752e-10 | 
| 2.74752e-10 | 1 | 
Q_heap(1)

[[cMatrix]]
| 1 | 0 | 0 | 
| 0 | -1 | 2.74752e-10 | 
| 0 | 2.74752e-10 | 1 | 
===========================QR SECTION==========================
Vector x at 0 iter: 

Vector contents:
| 2120.21 |
| -3.86641 |
| 1.27684e-10 |
Alpha 2120.22 at 0 iter: 

Vector u at 0 iter: 

Vector contents:
| 4240.43 |
| -3.86641 |
| 1.27684e-10 |
Vector v at 0 iter: 

Vector contents:
| 1 |
| -0.000911797 |
| 3.01112e-14 |
Q_tmp at 0 iter: 

[[cMatrix]]
| -0.999998 | 0.00182359 | -6.02223e-14 | 
| 0.00182359 | 0.999998 | 5.49105e-17 | 
| -6.02223e-14 | 5.49105e-17 | 1 | 
Q_heap(0)

[[cMatrix]]
| -0.999998 | 0.00182359 | -6.02223e-14 | 
| 0.00182359 | 0.999998 | 5.49105e-17 | 
| -6.02223e-14 | 5.49105e-17 | 1 | 
===========================QR SECTION==========================
Vector x at 1 iter: 

Vector contents:
| 1185.53 |
| 3.74021e-09 |
Alpha 1185.53 at 1 iter: 

Vector u at 1 iter: 

Vector contents:
| 2371.06 |
| 3.74021e-09 |
Vector v at 1 iter: 

Vector contents:
| 1 |
| 1.57744e-12 |
Q_tmp at 1 iter: 

[[cMatrix]]
| -1 | -3.15489e-12 | 
| -3.15489e-12 | 1 | 
Q_heap(1)

[[cMatrix]]
| 1 | 0 | 0 | 
| 0 | -1 | -3.15489e-12 | 
| 0 | -3.15489e-12 | 1 | 
===========================QR SECTION==========================
Vector x at 0 iter: 

Vector contents:
| 2120.22 |
| -2.16192 |
| -8.19697e-13 |
Alpha 2120.23 at 0 iter: 

Vector u at 0 iter: 

Vector contents:
| 4240.45 |
| -2.16192 |
| -8.19697e-13 |
Vector v at 0 iter: 

Vector contents:
| 1 |
| -0.000509833 |
| -1.93304e-16 |
Q_tmp at 0 iter: 

[[cMatrix]]
| -0.999999 | 0.00101967 | 3.86609e-16 | 
| 0.00101967 | 0.999999 | -1.97106e-19 | 
| 3.86609e-16 | -1.97106e-19 | 1 | 
Q_heap(0)

[[cMatrix]]
| -0.999999 | 0.00101967 | 3.86609e-16 | 
| 0.00101967 | 0.999999 | -1.97106e-19 | 
| 3.86609e-16 | -1.97106e-19 | 1 | 
===========================QR SECTION==========================
Vector x at 1 iter: 

Vector contents:
| 1185.52 |
| -4.29436e-11 |
Alpha 1185.52 at 1 iter: 

Vector u at 1 iter: 

Vector contents:
| 2371.05 |
| -4.29436e-11 |
Vector v at 1 iter: 

Vector contents:
| 1 |
| -1.81117e-14 |
Q_tmp at 1 iter: 

[[cMatrix]]
| -1 | 3.62233e-14 | 
| 3.62233e-14 | 1 | 
Q_heap(1)

[[cMatrix]]
| 1 | 0 | 0 | 
| 0 | -1 | 3.62233e-14 | 
| 0 | 3.62233e-14 | 1 | 
===========================QR SECTION==========================
Vector x at 0 iter: 

Vector contents:
| 2120.23 |
| -1.20884 |
| 5.26221e-15 |
Alpha 2120.23 at 0 iter: 

Vector u at 0 iter: 

Vector contents:
| 4240.46 |
| -1.20884 |
| 5.26221e-15 |
Vector v at 0 iter: 

Vector contents:
| 1 |
| -0.000285072 |
| 1.24095e-18 |
Q_tmp at 0 iter: 

[[cMatrix]]
| -1 | 0.000570145 | -2.48191e-18 | 
| 0.000570145 | 1 | 7.07523e-22 | 
| -2.48191e-18 | 7.07523e-22 | 1 | 
Q_heap(0)

[[cMatrix]]
| -1 | 0.000570145 | -2.48191e-18 | 
| 0.000570145 | 1 | 7.07523e-22 | 
| -2.48191e-18 | 7.07523e-22 | 1 | 
===========================QR SECTION==========================
Vector x at 1 iter: 

Vector contents:
| 1185.52 |
| 4.9305e-13 |
Alpha 1185.52 at 1 iter: 

Vector u at 1 iter: 

Vector contents:
| 2371.04 |
| 4.9305e-13 |
Vector v at 1 iter: 

Vector contents:
| 1 |
| 2.07946e-16 |
Q_tmp at 1 iter: 

[[cMatrix]]
| -1 | -4.15892e-16 | 
| -4.15892e-16 | 1 | 
Q_heap(1)

[[cMatrix]]
| 1 | 0 | 0 | 
| 0 | -1 | -4.15892e-16 | 
| 0 | -4.15892e-16 | 1 | 
===========================QR SECTION==========================
Vector x at 0 iter: 

Vector contents:
| 2120.23 |
| -0.675919 |
| -3.37817e-17 |
Alpha 2120.23 at 0 iter: 

Vector u at 0 iter: 

Vector contents:
| 4240.46 |
| -0.675919 |
| -3.37817e-17 |
Vector v at 0 iter: 

Vector contents:
| 1 |
| -0.000159398 |
| -7.96652e-21 |
Q_tmp at 0 iter: 

[[cMatrix]]
| -1 | 0.000318795 | 1.5933e-20 | 
| 0.000318795 | 1 | -2.53969e-24 | 
| 1.5933e-20 | -2.53969e-24 | 1 | 
Q_heap(0)

[[cMatrix]]
| -1 | 0.000318795 | 1.5933e-20 | 
| 0.000318795 | 1 | -2.53969e-24 | 
| 1.5933e-20 | -2.53969e-24 | 1 | 
===========================QR SECTION==========================
Vector x at 1 iter: 

Vector contents:
| 1185.52 |
| -5.66082e-15 |
Alpha 1185.52 at 1 iter: 

Vector u at 1 iter: 

Vector contents:
| 2371.04 |
| -5.66082e-15 |
Vector v at 1 iter: 

Vector contents:
| 1 |
| -2.38748e-18 |
Q_tmp at 1 iter: 

[[cMatrix]]
| -1 | 4.77496e-18 | 
| 4.77496e-18 | 1 | 
Q_heap(1)

[[cMatrix]]
| 1 | 0 | 0 | 
| 0 | -1 | 4.77496e-18 | 
| 0 | 4.77496e-18 | 1 | 
===========================QR SECTION==========================
Vector x at 0 iter: 

Vector contents:
| 2120.23 |
| -0.377939 |
| 2.16868e-19 |
Alpha 2120.23 at 0 iter: 

Vector u at 0 iter: 

Vector contents:
| 4240.46 |
| -0.377939 |
| 2.16868e-19 |
Vector v at 0 iter: 

Vector contents:
| 1 |
| -8.91269e-05 |
| 5.11425e-23 |
Q_tmp at 0 iter: 

[[cMatrix]]
| -1 | 0.000178254 | -1.02285e-22 | 
| 0.000178254 | 1 | 9.11635e-27 | 
| -1.02285e-22 | 9.11635e-27 | 1 | 
Q_heap(0)

[[cMatrix]]
| -1 | 0.000178254 | -1.02285e-22 | 
| 0.000178254 | 1 | 9.11635e-27 | 
| -1.02285e-22 | 9.11635e-27 | 1 | 
===========================QR SECTION==========================
Vector x at 1 iter: 

Vector contents:
| 1185.52 |
| 6.4993e-17 |
Alpha 1185.52 at 1 iter: 

Vector u at 1 iter: 

Vector contents:
| 2371.04 |
| 6.4993e-17 |
Vector v at 1 iter: 

Vector contents:
| 1 |
| 2.74111e-20 |
Q_tmp at 1 iter: 

[[cMatrix]]
| -1 | -5.48223e-20 | 
| -5.48223e-20 | 1 | 
Q_heap(1)

[[cMatrix]]
| 1 | 0 | 0 | 
| 0 | -1 | -5.48223e-20 | 
| 0 | -5.48223e-20 | 1 | 
===========================QR SECTION==========================
Vector x at 0 iter: 

Vector contents:
| 2120.23 |
| -0.211324 |
| -1.39222e-21 |
Alpha 2120.23 at 0 iter: 

Vector u at 0 iter: 

Vector contents:
| 4240.46 |
| -0.211324 |
| -1.39222e-21 |
Vector v at 0 iter: 

Vector contents:
| 1 |
| -4.98351e-05 |
| -3.28319e-25 |
Q_tmp at 0 iter: 

[[cMatrix]]
| -1 | 9.96701e-05 | 6.56638e-25 | 
| 9.96701e-05 | 1 | -3.27236e-29 | 
| 6.56638e-25 | -3.27236e-29 | 1 | 
Q_heap(0)

[[cMatrix]]
| -1 | 9.96701e-05 | 6.56638e-25 | 
| 9.96701e-05 | 1 | -3.27236e-29 | 
| 6.56638e-25 | -3.27236e-29 | 1 | 
===========================QR SECTION==========================
Vector x at 1 iter: 

Vector contents:
| 1185.52 |
| -7.46197e-19 |
Alpha 1185.52 at 1 iter: 

Vector u at 1 iter: 

Vector contents:
| 2371.04 |
| -7.46197e-19 |
Vector v at 1 iter: 

Vector contents:
| 1 |
| -3.14713e-22 |
Q_tmp at 1 iter: 

[[cMatrix]]
| -1 | 6.29425e-22 | 
| 6.29425e-22 | 1 | 
Q_heap(1)

[[cMatrix]]
| 1 | 0 | 0 | 
| 0 | -1 | 6.29425e-22 | 
| 0 | 6.29425e-22 | 1 | 
===========================EIGEN SECTION==========================
Eigenvalue matrix after 11 iterations of the QR algorithm
[[cMatrix]]
| 2120.23 | -0.211324 | -4.31073e-17 | 
| -0.211324 | 1185.52 | 4.78074e-17 | 
| -1.39222e-21 | -7.46197e-19 | 13.6112 | 
Eigenvector matrix Q_0:
[[cMatrix]]
| -0.731141 | -0.0535457 | -0.680122 | 
| 0.506364 | -0.710678 | -0.488398 | 
| -0.457196 | -0.701477 | 0.546719 | 
Eigenvector matrix after multiplying by Q_1:
[[cMatrix]]
| 0.725186 | 0.0672081 | -0.685265 | 
| -0.532457 | 0.685751 | -0.496221 | 
| 0.436571 | 0.724727 | 0.533082 | 
Eigenvector matrix Q_1
[[cMatrix]]
| -0.999429 | -0.0332413 | 0.00603352 | 
| 0.0333308 | -0.999326 | 0.0154013 | 
| 0.0055175 | 0.0155936 | 0.999863 | 
Number of iterations: 11
Eigenvector matrix after multiplying by Q_2:
[[cMatrix]]
| -0.723784 | -0.080586 | -0.685305 | 
| 0.545161 | -0.67562 | -0.496324 | 
| -0.423009 | -0.732833 | 0.532935 | 
Eigenvector matrix Q_2
[[cMatrix]]
| -0.999826 | -0.0186345 | -3.88101e-05 | 
| 0.0186345 | -0.999826 | -0.000180097 | 
| -3.54473e-05 | -0.000180789 | 1 | 
Number of iterations: 11
Eigenvector matrix after multiplying by Q_3:
[[cMatrix]]
| 0.722904 | 0.0881277 | -0.685305 | 
| -0.552177 | 0.669897 | -0.496325 | 
| 0.415344 | 0.737205 | 0.532933 | 
Eigenvector matrix Q_3
[[cMatrix]]
| -0.999946 | -0.0104278 | 2.49301e-07 | 
| 0.0104278 | -0.999946 | 2.07941e-06 | 
| 2.27604e-07 | 2.0819e-06 | 1 | 
Number of iterations: 11
Eigenvector matrix after multiplying by Q_4:
[[cMatrix]]
| -0.722378 | -0.0923422 | -0.685305 | 
| 0.556074 | -0.666665 | -0.496325 | 
| -0.411038 | -0.739615 | 0.532933 | 
Eigenvector matrix Q_4
[[cMatrix]]
| -0.999983 | -0.00583217 | -1.60074e-09 | 
| 0.00583217 | -0.999983 | -2.3916e-08 | 
| -1.46123e-09 | -2.3925e-08 | 1 | 
Number of iterations: 11
Eigenvector matrix after multiplying by Q_5:
[[cMatrix]]
| 0.722073 | 0.0946976 | -0.685305 | 
| -0.558246 | 0.664848 | -0.496325 | 
| 0.408623 | 0.740952 | 0.532933 | 
Eigenvector matrix Q_5
[[cMatrix]]
| -0.999995 | -0.0032613 | 1.02769e-11 | 
| 0.0032613 | -0.999995 | 2.74735e-10 | 
| 9.38083e-12 | 2.74767e-10 | 1 | 
Number of iterations: 11
Eigenvector matrix after multiplying by Q_6:
[[cMatrix]]
| -0.721899 | -0.0960143 | -0.685305 | 
| 0.559457 | -0.663829 | -0.496325 | 
| -0.407271 | -0.741695 | 0.532933 | 
Eigenvector matrix Q_6
[[cMatrix]]
| -0.999998 | -0.00182359 | -6.59755e-14 | 
| 0.00182359 | -0.999998 | -3.15483e-12 | 
| -6.02223e-14 | -3.15494e-12 | 1 | 
Number of iterations: 11
Eigenvector matrix after multiplying by Q_7:
[[cMatrix]]
| 0.7218 | 0.0967503 | -0.685305 | 
| -0.560134 | 0.663258 | -0.496325 | 
| 0.406515 | 0.74211 | 0.532933 | 
Eigenvector matrix Q_7
[[cMatrix]]
| -0.999999 | -0.00101967 | 4.23544e-16 | 
| 0.00101967 | -0.999999 | 3.62231e-14 | 
| 3.86609e-16 | 3.62235e-14 | 1 | 
Number of iterations: 11
Eigenvector matrix after multiplying by Q_8:
[[cMatrix]]
| -0.721745 | -0.0971618 | -0.685305 | 
| 0.560512 | -0.662939 | -0.496325 | 
| -0.406092 | -0.742342 | 0.532933 | 
Eigenvector matrix Q_8
[[cMatrix]]
| -1 | -0.000570145 | -2.71902e-18 | 
| 0.000570145 | -1 | -4.15892e-16 | 
| -2.48191e-18 | -4.15893e-16 | 1 | 
Number of iterations: 11
Eigenvector matrix after multiplying by Q_9:
[[cMatrix]]
| 0.721714 | 0.0973919 | -0.685305 | 
| -0.560723 | 0.66276 | -0.496325 | 
| 0.405855 | 0.742471 | 0.532933 | 
Eigenvector matrix Q_9
[[cMatrix]]
| -1 | -0.000318795 | 1.74553e-20 | 
| 0.000318795 | -1 | 4.77496e-18 | 
| 1.5933e-20 | 4.77496e-18 | 1 | 
Number of iterations: 11
Eigenvector matrix after multiplying by Q_10:
[[cMatrix]]
| -0.721697 | -0.0975205 | -0.685305 | 
| 0.560841 | -0.66266 | -0.496325 | 
| -0.405723 | -0.742544 | 0.532933 | 
Eigenvector matrix Q_10
[[cMatrix]]
| -1 | -0.000178254 | -1.12057e-22 | 
| 0.000178254 | -1 | -5.48223e-20 | 
| -1.02285e-22 | -5.48223e-20 | 1 | 
Number of iterations: 11
Eigenvector matrix after multiplying by Q_11:
[[cMatrix]]
| 0.721687 | 0.0975925 | -0.685305 | 
| -0.560907 | 0.662604 | -0.496325 | 
| 0.405649 | 0.742584 | 0.532933 | 
Eigenvector matrix Q_11
[[cMatrix]]
| -1 | -9.96701e-05 | 7.19372e-25 | 
| 9.96701e-05 | -1 | 6.29425e-22 | 
| 6.56638e-25 | 6.29425e-22 | 1 | 
Number of iterations: 11
===========================SVD SECTION==========================
A*A' = 
[[cMatrix]]
| 1121.95 | -777.026 | 701.576 | 
| -777.026 | 1191 | 97.3219 | 
| 701.576 | 97.3219 | 1006.41 | 

Eigenvectors of A*A' (U) = 

[[cMatrix]]
| 0.721687 | 0.0975925 | -0.685305 | 
| -0.560907 | 0.662604 | -0.496325 | 
| 0.405649 | 0.742584 | 0.532933 | 

Singular values of A'*A (S) = 

[[cMatrix]]
| 46.0459 | 0 | 0 | 
| 0 | 34.4314 | 0 | 
| 0 | 0 | 3.68934 | 

Eigenvectors of A'*A (V) = 

[[cMatrix]]
| -0.396516 | 0.785853 | -0.474612 | 
| 0.308802 | 0.601012 | 0.737156 | 
| 0.864532 | 0.145669 | -0.480984 | 


Q_U = 
[[cMatrix]]
| -1 | -9.96701e-05 | 7.19372e-25 | 
| 9.96701e-05 | -1 | 6.29425e-22 | 
| 6.56638e-25 | 6.29425e-22 | 1 | 
Q_U iter = 11
Q_V = 
[[cMatrix]]
| 0 | 0 | 0 | 0 | 
| 0 | 0 | 0 | 0 | 
| 0 | 0 | 0 | 0 | 
| 0 | 0 | 0 | 0 | 
Q_V iter = 2685004



Original matrix A = U*S*V' = 
[[cMatrix]]
| -9.33592 | 10.4175 | 30.4346 | 
| 29.0389 | 4.38634 | -18.1246 | 
| 11.7534 | 22.5841 | 18.9269 | 
===========================KABSCH SECTION==========================

Centroid of A = 
Vector contents:
| 3.33333 |
| 5.83333 |
| 5 |

Centroid of B = 
Vector contents:
| 3.92022 |
| 1.6923 |
| 7.20464 |

A - centroidA =
[[cMatrix]]
| -1.33333 | -2.33333 | 1.66667 | 3.66667 | 0.666667 | -2.33333 | 
| 0.166667 | -3.83333 | 1.16667 | 0.166667 | 1.16667 | 1.16667 | 
| 3 | -3 | 1 | -2 | -2 | 3 | 

B - centroidB =
[[cMatrix]]
| 2.71162 | -2.31618 | 0.899847 | -1.54819 | -2.11925 | 2.37217 | 
| -1.77731 | -1.29465 | 1.31712 | 3.86424 | 0.787427 | -2.89681 | 
| 0.542067 | -4.70086 | 1.61071 | 0.378127 | 0.833237 | 1.33673 | 

H = 
[[cMatrix]]
| -9.33592 | 10.4175 | 30.4346 | 
| 29.0389 | 4.38634 | -18.1246 | 
| 11.7534 | 22.5841 | 18.9269 | 

Det of R = 1

Rotation matrix = 
[[cMatrix]]
| 0.115786 | 0.97868 | 0.169779 | 
| -0.223664 | -0.140845 | 0.964422 | 
| 0.967759 | -0.149677 | 0.202536 | 

R * B = 
[[cMatrix]]
| 1.99991 | 0.999988 | 5.00002 | 7.00012 | 4.00006 | 0.99989 | 
| 5.99976 | 1.99993 | 6.99978 | 5.99984 | 6.99984 | 6.99975 | 
| 7.99973 | 1.99991 | 5.99965 | 2.99965 | 2.9997 | 7.99974 | 

Translation matrix = 
Vector contents:
| 2.20292e-06 |
| 0.000183883 |
| 0.00027093 |

Result of the algorithm: 

R * B + t = A
[[cMatrix]]
| 1.99991 | 0.99999 | 5.00002 | 7.00012 | 4.00006 | 0.999893 | 
| 5.99995 | 2.00011 | 6.99996 | 6.00003 | 7.00002 | 6.99993 | 
| 8 | 2.00018 | 5.99992 | 2.99992 | 2.99997 | 8.00001 | 

Original matrix A = 
[[cMatrix]]
| 2 | 1 | 5 | 7 | 4 | 1 | 
| 6 | 2 | 7 | 6 | 7 | 7 | 
| 8 | 2 | 6 | 3 | 3 | 8 | 

Transformed matrix B = 
[[cMatrix]]
| 6.63184 | 1.60404 | 4.82007 | 2.37203 | 1.80097 | 6.29239 | 
| -0.08501 | 0.39765 | 3.00942 | 5.55654 | 2.47973 | -1.20451 | 
| 7.74671 | 2.50378 | 8.81535 | 7.58277 | 8.03788 | 8.54137 | 
