
Original matrix A = 
[[cMatrix]]
| 7 | 1 | 0 | 8 | 8 | 6 | 1 | 6 | 4 | 6 | 1 | 
| 2 | 4 | 2 | 2 | 9 | 7 | 7 | 0 | 5 | 9 | 7 | 
| 9 | 2 | 3 | 0 | 7 | 0 | 1 | 4 | 8 | 4 | 3 | 

Transformed matrix B = 
[[cMatrix]]
| -7.01484 | -4.57081 | -2.91556 | -3.85431 | -12.7286 | -7.77317 | -6.85392 | -3.07933 | -8.51837 | -11.0688 | -7.614 | 
| 8.82395 | 0.18665 | 1.60806 | 1.61476 | 4.31715 | -1.26332 | -1.99896 | 5.22968 | 5.69538 | 1.18068 | -0.32707 | 
| -2.63248 | 0.2699 | 1.38334 | -7.10893 | -3.65299 | -4.79394 | 0.16729 | -3.89463 | 0.00409 | -3.01467 | 0.95915 | 
===========================QR SECTION==========================
Vector x at 0 iter: 

Vector contents:
| 10187.5 |
| -1621.43 |
| 1361.19 |
Alpha 10405.2 at 0 iter: 

Vector u at 0 iter: 

Vector contents:
| 20592.7 |
| -1621.43 |
| 1361.19 |
Vector v at 0 iter: 

Vector contents:
| 0.994757 |
| -0.0783252 |
| 0.065754 |
Q_tmp at 0 iter: 

[[cMatrix]]
| -0.979083 | 0.155829 | -0.130819 | 
| 0.155829 | 0.98773 | 0.0103004 | 
| -0.130819 | 0.0103004 | 0.991353 | 
Q_heap(0)

[[cMatrix]]
| -0.979083 | 0.155829 | -0.130819 | 
| 0.155829 | 0.98773 | 0.0103004 | 
| -0.130819 | 0.0103004 | 0.991353 | 
===========================QR SECTION==========================
Vector x at 1 iter: 

Vector contents:
| 12290.8 |
| -2648.34 |
Alpha 12572.9 at 1 iter: 

Vector u at 1 iter: 

Vector contents:
| 24863.8 |
| -2648.34 |
Vector v at 1 iter: 

Vector contents:
| 0.994375 |
| -0.105915 |
Q_tmp at 1 iter: 

[[cMatrix]]
| -0.977564 | 0.210638 | 
| 0.210638 | 0.977564 | 
Q_heap(1)

[[cMatrix]]
| 1 | 0 | 0 | 
| 0 | -0.977564 | 0.210638 | 
| 0 | 0.210638 | 0.977564 | 
===========================QR SECTION==========================
Vector x at 0 iter: 

Vector contents:
| 11144.7 |
| -2464.42 |
| -663.766 |
Alpha 11433.2 at 0 iter: 

Vector u at 0 iter: 

Vector contents:
| 22577.9 |
| -2464.42 |
| -663.766 |
Vector v at 0 iter: 

Vector contents:
| 0.993671 |
| -0.108461 |
| -0.0292128 |
Q_tmp at 0 iter: 

[[cMatrix]]
| -0.974766 | 0.215549 | 0.0580558 | 
| 0.215549 | 0.976472 | -0.00633689 | 
| 0.0580558 | -0.00633689 | 0.998293 | 
Q_heap(0)

[[cMatrix]]
| -0.974766 | 0.215549 | 0.0580558 | 
| 0.215549 | 0.976472 | -0.00633689 | 
| 0.0580558 | -0.00633689 | 0.998293 | 
===========================QR SECTION==========================
Vector x at 1 iter: 

Vector contents:
| 12039.6 |
| 782.016 |
Alpha 12065 at 1 iter: 

Vector u at 1 iter: 

Vector contents:
| 24104.7 |
| 782.016 |
Vector v at 1 iter: 

Vector contents:
| 0.999474 |
| 0.0324254 |
Q_tmp at 1 iter: 

[[cMatrix]]
| -0.997897 | -0.0648168 | 
| -0.0648168 | 0.997897 | 
Q_heap(1)

[[cMatrix]]
| 1 | 0 | 0 | 
| 0 | -0.997897 | -0.0648168 | 
| 0 | -0.0648168 | 0.997897 | 
===========================QR SECTION==========================
Vector x at 0 iter: 

Vector contents:
| 12340.4 |
| -2665.9 |
| 279.371 |
Alpha 12628.1 at 0 iter: 

Vector u at 0 iter: 

Vector contents:
| 24968.5 |
| -2665.9 |
| 279.371 |
Vector v at 0 iter: 

Vector contents:
| 0.994287 |
| -0.10616 |
| 0.011125 |
Q_tmp at 0 iter: 

[[cMatrix]]
| -0.977212 | 0.211108 | -0.0221229 | 
| 0.211108 | 0.97746 | 0.00236207 | 
| -0.0221229 | 0.00236207 | 0.999752 | 
Q_heap(0)

[[cMatrix]]
| -0.977212 | 0.211108 | -0.0221229 | 
| 0.211108 | 0.97746 | 0.00236207 | 
| -0.0221229 | 0.00236207 | 0.999752 | 
===========================QR SECTION==========================
Vector x at 1 iter: 

Vector contents:
| 10987.3 |
| -193.983 |
Alpha 10989 at 1 iter: 

Vector u at 1 iter: 

Vector contents:
| 21976.3 |
| -193.983 |
Vector v at 1 iter: 

Vector contents:
| 0.999961 |
| -0.00882661 |
Q_tmp at 1 iter: 

[[cMatrix]]
| -0.999844 | 0.0176525 | 
| 0.0176525 | 0.999844 | 
Q_heap(1)

[[cMatrix]]
| 1 | 0 | 0 | 
| 0 | -0.999844 | 0.0176525 | 
| 0 | 0.0176525 | 0.999844 | 
===========================QR SECTION==========================
Vector x at 0 iter: 

Vector contents:
| 13428 |
| -2326.25 |
| -105.822 |
Alpha 13628.4 at 0 iter: 

Vector u at 0 iter: 

Vector contents:
| 27056.4 |
| -2326.25 |
| -105.822 |
Vector v at 0 iter: 

Vector contents:
| 0.996317 |
| -0.0856611 |
| -0.00389677 |
Q_tmp at 0 iter: 

[[cMatrix]]
| -0.985294 | 0.170691 | 0.00776483 | 
| 0.170691 | 0.985324 | -0.000667603 | 
| 0.00776483 | -0.000667603 | 0.99997 | 
Q_heap(0)

[[cMatrix]]
| -0.985294 | 0.170691 | 0.00776483 | 
| 0.170691 | 0.985324 | -0.000667603 | 
| 0.00776483 | -0.000667603 | 0.99997 | 
===========================QR SECTION==========================
Vector x at 1 iter: 

Vector contents:
| 10188.8 |
| 47.8834 |
Alpha 10188.9 at 1 iter: 

Vector u at 1 iter: 

Vector contents:
| 20377.7 |
| 47.8834 |
Vector v at 1 iter: 

Vector contents:
| 0.999997 |
| 0.00234979 |
Q_tmp at 1 iter: 

[[cMatrix]]
| -0.999989 | -0.00469956 | 
| -0.00469956 | 0.999989 | 
Q_heap(1)

[[cMatrix]]
| 1 | 0 | 0 | 
| 0 | -0.999989 | -0.00469956 | 
| 0 | -0.00469956 | 0.999989 | 
===========================QR SECTION==========================
Vector x at 0 iter: 

Vector contents:
| 14133.5 |
| -1739.73 |
| 37.1186 |
Alpha 14240.3 at 0 iter: 

Vector u at 0 iter: 

Vector contents:
| 28373.8 |
| -1739.73 |
| 37.1186 |
Vector v at 0 iter: 

Vector contents:
| 0.998125 |
| -0.0611996 |
| 0.00130575 |
Q_tmp at 0 iter: 

[[cMatrix]]
| -0.992506 | 0.12217 | -0.0026066 | 
| 0.12217 | 0.992509 | 0.000159822 | 
| -0.0026066 | 0.000159822 | 0.999997 | 
Q_heap(0)

[[cMatrix]]
| -0.992506 | 0.12217 | -0.0026066 | 
| 0.12217 | 0.992509 | 0.000159822 | 
| -0.0026066 | 0.000159822 | 0.999997 | 
===========================QR SECTION==========================
Vector x at 1 iter: 

Vector contents:
| 9751.78 |
| -13.1341 |
Alpha 9751.79 at 1 iter: 

Vector u at 1 iter: 

Vector contents:
| 19503.6 |
| -13.1341 |
Vector v at 1 iter: 

Vector contents:
| 1 |
| -0.000673423 |
Q_tmp at 1 iter: 

[[cMatrix]]
| -0.999999 | 0.00134684 | 
| 0.00134684 | 0.999999 | 
Q_heap(1)

[[cMatrix]]
| 1 | 0 | 0 | 
| 0 | -0.999999 | 0.00134684 | 
| 0 | 0.00134684 | 0.999999 | 
===========================QR SECTION==========================
Vector x at 0 iter: 

Vector contents:
| 14494.5 |
| -1191.42 |
| -12.4596 |
Alpha 14543.4 at 0 iter: 

Vector u at 0 iter: 

Vector contents:
| 29037.8 |
| -1191.42 |
| -12.4596 |
Vector v at 0 iter: 

Vector contents:
| 0.999159 |
| -0.0409956 |
| -0.000428721 |
Q_tmp at 0 iter: 

[[cMatrix]]
| -0.996638 | 0.0819222 | 0.000856721 | 
| 0.0819222 | 0.996639 | -3.51513e-05 | 
| 0.000856721 | -3.51513e-05 | 1 | 
Q_heap(0)

[[cMatrix]]
| -0.996638 | 0.0819222 | 0.000856721 | 
| 0.0819222 | 0.996639 | -3.51513e-05 | 
| 0.000856721 | -3.51513e-05 | 1 | 
===========================QR SECTION==========================
Vector x at 1 iter: 

Vector contents:
| 9548.61 |
| 4.31304 |
Alpha 9548.62 at 1 iter: 

Vector u at 1 iter: 

Vector contents:
| 19097.2 |
| 4.31304 |
Vector v at 1 iter: 

Vector contents:
| 1 |
| 0.000225846 |
Q_tmp at 1 iter: 

[[cMatrix]]
| -1 | -0.000451692 | 
| -0.000451692 | 1 | 
Q_heap(1)

[[cMatrix]]
| 1 | 0 | 0 | 
| 0 | -1 | -0.000451692 | 
| 0 | -0.000451692 | 1 | 
===========================QR SECTION==========================
Vector x at 0 iter: 

Vector contents:
| 14656.7 |
| -782.25 |
| 4.09512 |
Alpha 14677.6 at 0 iter: 

Vector u at 0 iter: 

Vector contents:
| 29334.3 |
| -782.25 |
| 4.09512 |
Vector v at 0 iter: 

Vector contents:
| 0.999645 |
| -0.0266573 |
| 0.000139552 |
Q_tmp at 0 iter: 

[[cMatrix]]
| -0.998579 | 0.0532956 | -0.000279005 | 
| 0.0532956 | 0.998579 | 7.44015e-06 | 
| -0.000279005 | 7.44015e-06 | 1 | 
Q_heap(0)

[[cMatrix]]
| -0.998579 | 0.0532956 | -0.000279005 | 
| 0.0532956 | 0.998579 | 7.44015e-06 | 
| -0.000279005 | 7.44015e-06 | 1 | 
===========================QR SECTION==========================
Vector x at 1 iter: 

Vector contents:
| 9461.31 |
| -1.70201 |
Alpha 9461.31 at 1 iter: 

Vector u at 1 iter: 

Vector contents:
| 18922.6 |
| -1.70201 |
Vector v at 1 iter: 

Vector contents:
| 1 |
| -8.99456e-05 |
Q_tmp at 1 iter: 

[[cMatrix]]
| -1 | 0.000179891 | 
| 0.000179891 | 1 | 
Q_heap(1)

[[cMatrix]]
| 1 | 0 | 0 | 
| 0 | -1 | 0.000179891 | 
| 0 | 0.000179891 | 1 | 
===========================QR SECTION==========================
Vector x at 0 iter: 

Vector contents:
| 14725.4 |
| -504.246 |
| -1.33364 |
Alpha 14734 at 0 iter: 

Vector u at 0 iter: 

Vector contents:
| 29459.4 |
| -504.246 |
| -1.33364 |
Vector v at 0 iter: 

Vector contents:
| 0.999854 |
| -0.0171142 |
| -4.52638e-05 |
Q_tmp at 0 iter: 

[[cMatrix]]
| -0.999414 | 0.0342233 | 9.05144e-05 | 
| 0.0342233 | 0.999414 | -1.5493e-06 | 
| 9.05144e-05 | -1.5493e-06 | 1 | 
Q_heap(0)

[[cMatrix]]
| -0.999414 | 0.0342233 | 9.05144e-05 | 
| 0.0342233 | 0.999414 | -1.5493e-06 | 
| 9.05144e-05 | -1.5493e-06 | 1 | 
===========================QR SECTION==========================
Vector x at 1 iter: 

Vector contents:
| 9425.07 |
| 0.764034 |
Alpha 9425.07 at 1 iter: 

Vector u at 1 iter: 

Vector contents:
| 18850.1 |
| 0.764034 |
Vector v at 1 iter: 

Vector contents:
| 1 |
| 4.0532e-05 |
Q_tmp at 1 iter: 

[[cMatrix]]
| -1 | -8.1064e-05 | 
| -8.1064e-05 | 1 | 
Q_heap(1)

[[cMatrix]]
| 1 | 0 | 0 | 
| 0 | -1 | -8.1064e-05 | 
| 0 | -8.1064e-05 | 1 | 
===========================QR SECTION==========================
Vector x at 0 iter: 

Vector contents:
| 14753.7 |
| -322.557 |
| 0.432658 |
Alpha 14757.2 at 0 iter: 

Vector u at 0 iter: 

Vector contents:
| 29510.9 |
| -322.557 |
| 0.432658 |
Vector v at 0 iter: 

Vector contents:
| 0.99994 |
| -0.0109294 |
| 1.46601e-05 |
Q_tmp at 0 iter: 

[[cMatrix]]
| -0.999761 | 0.0218576 | -2.93184e-05 | 
| 0.0218576 | 0.999761 | 3.20453e-07 | 
| -2.93184e-05 | 3.20453e-07 | 1 | 
Q_heap(0)

[[cMatrix]]
| -0.999761 | 0.0218576 | -2.93184e-05 | 
| 0.0218576 | 0.999761 | 3.20453e-07 | 
| -2.93184e-05 | 3.20453e-07 | 1 | 
===========================QR SECTION==========================
Vector x at 1 iter: 

Vector contents:
| 9410.25 |
| -0.367604 |
Alpha 9410.25 at 1 iter: 

Vector u at 1 iter: 

Vector contents:
| 18820.5 |
| -0.367604 |
Vector v at 1 iter: 

Vector contents:
| 1 |
| -1.95321e-05 |
Q_tmp at 1 iter: 

[[cMatrix]]
| -1 | 3.90642e-05 | 
| 3.90642e-05 | 1 | 
Q_heap(1)

[[cMatrix]]
| 1 | 0 | 0 | 
| 0 | -1 | 3.90642e-05 | 
| 0 | 3.90642e-05 | 1 | 
===========================QR SECTION==========================
Vector x at 0 iter: 

Vector contents:
| 14765.2 |
| -205.685 |
| -0.140141 |
Alpha 14766.7 at 0 iter: 

Vector u at 0 iter: 

Vector contents:
| 29531.9 |
| -205.685 |
| -0.140141 |
Vector v at 0 iter: 

Vector contents:
| 0.999976 |
| -0.00696468 |
| -4.74531e-06 |
Q_tmp at 0 iter: 

[[cMatrix]]
| -0.999903 | 0.013929 | 9.49039e-06 | 
| 0.013929 | 0.999903 | -6.60991e-08 | 
| 9.49039e-06 | -6.60991e-08 | 1 | 
Q_heap(0)

[[cMatrix]]
| -0.999903 | 0.013929 | 9.49039e-06 | 
| 0.013929 | 0.999903 | -6.60991e-08 | 
| 9.49039e-06 | -6.60991e-08 | 1 | 
===========================QR SECTION==========================
Vector x at 1 iter: 

Vector contents:
| 9404.22 |
| 0.182621 |
Alpha 9404.22 at 1 iter: 

Vector u at 1 iter: 

Vector contents:
| 18808.4 |
| 0.182621 |
Vector v at 1 iter: 

Vector contents:
| 1 |
| 9.70951e-06 |
Q_tmp at 1 iter: 

[[cMatrix]]
| -1 | -1.9419e-05 | 
| -1.9419e-05 | 1 | 
Q_heap(1)

[[cMatrix]]
| 1 | 0 | 0 | 
| 0 | -1 | -1.9419e-05 | 
| 0 | -1.9419e-05 | 1 | 
===========================QR SECTION==========================
Vector x at 0 iter: 

Vector contents:
| 14769.9 |
| -130.992 |
| 0.0453639 |
Alpha 14770.5 at 0 iter: 

Vector u at 0 iter: 

Vector contents:
| 29540.4 |
| -130.992 |
| 0.0453639 |
Vector v at 0 iter: 

Vector contents:
| 0.99999 |
| -0.00443427 |
| 1.53564e-06 |
Q_tmp at 0 iter: 

[[cMatrix]]
| -0.999961 | 0.00886845 | -3.07125e-06 | 
| 0.00886845 | 0.999961 | 1.36189e-08 | 
| -3.07125e-06 | 1.36189e-08 | 1 | 
Q_heap(0)

[[cMatrix]]
| -0.999961 | 0.00886845 | -3.07125e-06 | 
| 0.00886845 | 0.999961 | 1.36189e-08 | 
| -3.07125e-06 | 1.36189e-08 | 1 | 
===========================QR SECTION==========================
Vector x at 1 iter: 

Vector contents:
| 9401.78 |
| -0.0919763 |
Alpha 9401.78 at 1 iter: 

Vector u at 1 iter: 

Vector contents:
| 18803.6 |
| -0.0919763 |
Vector v at 1 iter: 

Vector contents:
| 1 |
| -4.89143e-06 |
Q_tmp at 1 iter: 

[[cMatrix]]
| -1 | 9.78287e-06 | 
| 9.78287e-06 | 1 | 
Q_heap(1)

[[cMatrix]]
| 1 | 0 | 0 | 
| 0 | -1 | 9.78287e-06 | 
| 0 | 9.78287e-06 | 1 | 
===========================QR SECTION==========================
Vector x at 0 iter: 

Vector contents:
| 14771.8 |
| -83.3792 |
| -0.0146805 |
Alpha 14772.1 at 0 iter: 

Vector u at 0 iter: 

Vector contents:
| 29543.9 |
| -83.3792 |
| -0.0146805 |
Vector v at 0 iter: 

Vector contents:
| 0.999996 |
| -0.0028222 |
| -4.96904e-07 |
Q_tmp at 0 iter: 

[[cMatrix]]
| -0.999984 | 0.00564438 | 9.93803e-07 | 
| 0.00564438 | 0.999984 | -2.80473e-09 | 
| 9.93803e-07 | -2.80473e-09 | 1 | 
Q_heap(0)

[[cMatrix]]
| -0.999984 | 0.00564438 | 9.93803e-07 | 
| 0.00564438 | 0.999984 | -2.80473e-09 | 
| 9.93803e-07 | -2.80473e-09 | 1 | 
===========================QR SECTION==========================
Vector x at 1 iter: 

Vector contents:
| 9400.79 |
| 0.0465876 |
Alpha 9400.79 at 1 iter: 

Vector u at 1 iter: 

Vector contents:
| 18801.6 |
| 0.0465876 |
Vector v at 1 iter: 

Vector contents:
| 1 |
| 2.47786e-06 |
Q_tmp at 1 iter: 

[[cMatrix]]
| -1 | -4.95572e-06 | 
| -4.95572e-06 | 1 | 
Q_heap(1)

[[cMatrix]]
| 1 | 0 | 0 | 
| 0 | -1 | -4.95572e-06 | 
| 0 | -4.95572e-06 | 1 | 
===========================QR SECTION==========================
Vector x at 0 iter: 

Vector contents:
| 14772.6 |
| -53.0616 |
| 0.00475037 |
Alpha 14772.7 at 0 iter: 

Vector u at 0 iter: 

Vector contents:
| 29545.3 |
| -53.0616 |
| 0.00475037 |
Vector v at 0 iter: 

Vector contents:
| 0.999998 |
| -0.00179594 |
| 1.60782e-07 |
Q_tmp at 0 iter: 

[[cMatrix]]
| -0.999994 | 0.00359187 | -3.21564e-07 | 
| 0.00359187 | 0.999994 | 5.7751e-10 | 
| -3.21564e-07 | 5.7751e-10 | 1 | 
Q_heap(0)

[[cMatrix]]
| -0.999994 | 0.00359187 | -3.21564e-07 | 
| 0.00359187 | 0.999994 | 5.7751e-10 | 
| -3.21564e-07 | 5.7751e-10 | 1 | 
===========================QR SECTION==========================
Vector x at 1 iter: 

Vector contents:
| 9400.39 |
| -0.0236524 |
Alpha 9400.39 at 1 iter: 

Vector u at 1 iter: 

Vector contents:
| 18800.8 |
| -0.0236524 |
Vector v at 1 iter: 

Vector contents:
| 1 |
| -1.25805e-06 |
Q_tmp at 1 iter: 

[[cMatrix]]
| -1 | 2.51611e-06 | 
| 2.51611e-06 | 1 | 
Q_heap(1)

[[cMatrix]]
| 1 | 0 | 0 | 
| 0 | -1 | 2.51611e-06 | 
| 0 | 2.51611e-06 | 1 | 
===========================QR SECTION==========================
Vector x at 0 iter: 

Vector contents:
| 14772.9 |
| -33.765 |
| -0.00153707 |
Alpha 14773 at 0 iter: 

Vector u at 0 iter: 

Vector contents:
| 29545.9 |
| -33.765 |
| -0.00153707 |
Vector v at 0 iter: 

Vector contents:
| 0.999999 |
| -0.0011428 |
| -5.20232e-08 |
Q_tmp at 0 iter: 

[[cMatrix]]
| -0.999997 | 0.00228559 | 1.04046e-07 | 
| 0.00228559 | 0.999997 | -1.18904e-10 | 
| 1.04046e-07 | -1.18904e-10 | 1 | 
Q_heap(0)

[[cMatrix]]
| -0.999997 | 0.00228559 | 1.04046e-07 | 
| 0.00228559 | 0.999997 | -1.18904e-10 | 
| 1.04046e-07 | -1.18904e-10 | 1 | 
===========================QR SECTION==========================
Vector x at 1 iter: 

Vector contents:
| 9400.22 |
| 0.0120196 |
Alpha 9400.22 at 1 iter: 

Vector u at 1 iter: 

Vector contents:
| 18800.4 |
| 0.0120196 |
Vector v at 1 iter: 

Vector contents:
| 1 |
| 6.39323e-07 |
Q_tmp at 1 iter: 

[[cMatrix]]
| -1 | -1.27865e-06 | 
| -1.27865e-06 | 1 | 
Q_heap(1)

[[cMatrix]]
| 1 | 0 | 0 | 
| 0 | -1 | -1.27865e-06 | 
| 0 | -1.27865e-06 | 1 | 
===========================QR SECTION==========================
Vector x at 0 iter: 

Vector contents:
| 14773 |
| -21.4851 |
| 0.00049734 |
Alpha 14773.1 at 0 iter: 

Vector u at 0 iter: 

Vector contents:
| 29546.1 |
| -21.4851 |
| 0.00049734 |
Vector v at 0 iter: 

Vector contents:
| 1 |
| -0.000727172 |
| 1.68327e-08 |
Q_tmp at 0 iter: 

[[cMatrix]]
| -0.999999 | 0.00145434 | -3.36653e-08 | 
| 0.00145434 | 0.999999 | 2.44805e-11 | 
| -3.36653e-08 | 2.44805e-11 | 1 | 
Q_heap(0)

[[cMatrix]]
| -0.999999 | 0.00145434 | -3.36653e-08 | 
| 0.00145434 | 0.999999 | 2.44805e-11 | 
| -3.36653e-08 | 2.44805e-11 | 1 | 
===========================QR SECTION==========================
Vector x at 1 iter: 

Vector contents:
| 9400.16 |
| -0.00611039 |
Alpha 9400.16 at 1 iter: 

Vector u at 1 iter: 

Vector contents:
| 18800.3 |
| -0.00611039 |
Vector v at 1 iter: 

Vector contents:
| 1 |
| -3.25015e-07 |
Q_tmp at 1 iter: 

[[cMatrix]]
| -1 | 6.5003e-07 | 
| 6.5003e-07 | 1 | 
Q_heap(1)

[[cMatrix]]
| 1 | 0 | 0 | 
| 0 | -1 | 6.5003e-07 | 
| 0 | 6.5003e-07 | 1 | 
===========================QR SECTION==========================
Vector x at 0 iter: 

Vector contents:
| 14773.1 |
| -13.6711 |
| -0.00016092 |
Alpha 14773.1 at 0 iter: 

Vector u at 0 iter: 

Vector contents:
| 29546.2 |
| -13.6711 |
| -0.00016092 |
Vector v at 0 iter: 

Vector contents:
| 1 |
| -0.000462701 |
| -5.44638e-09 |
Q_tmp at 0 iter: 

[[cMatrix]]
| -1 | 0.000925402 | 1.08928e-08 | 
| 0.000925402 | 1 | -5.0401e-12 | 
| 1.08928e-08 | -5.0401e-12 | 1 | 
Q_heap(0)

[[cMatrix]]
| -1 | 0.000925402 | 1.08928e-08 | 
| 0.000925402 | 1 | -5.0401e-12 | 
| 1.08928e-08 | -5.0401e-12 | 1 | 
===========================QR SECTION==========================
Vector x at 1 iter: 

Vector contents:
| 9400.13 |
| 0.00310682 |
Alpha 9400.13 at 1 iter: 

Vector u at 1 iter: 

Vector contents:
| 18800.3 |
| 0.00310682 |
Vector v at 1 iter: 

Vector contents:
| 1 |
| 1.65254e-07 |
Q_tmp at 1 iter: 

[[cMatrix]]
| -1 | -3.30508e-07 | 
| -3.30508e-07 | 1 | 
Q_heap(1)

[[cMatrix]]
| 1 | 0 | 0 | 
| 0 | -1 | -3.30508e-07 | 
| 0 | -3.30508e-07 | 1 | 
===========================QR SECTION==========================
Vector x at 0 iter: 

Vector contents:
| 14773.1 |
| -8.6989 |
| 5.20673e-05 |
Alpha 14773.1 at 0 iter: 

Vector u at 0 iter: 

Vector contents:
| 29546.2 |
| -8.6989 |
| 5.20673e-05 |
Vector v at 0 iter: 

Vector contents:
| 1 |
| -0.000294417 |
| 1.76223e-09 |
Q_tmp at 0 iter: 

[[cMatrix]]
| -1 | 0.000588834 | -3.52446e-09 | 
| 0.000588834 | 1 | 1.03766e-12 | 
| -3.52446e-09 | 1.03766e-12 | 1 | 
Q_heap(0)

[[cMatrix]]
| -1 | 0.000588834 | -3.52446e-09 | 
| 0.000588834 | 1 | 1.03766e-12 | 
| -3.52446e-09 | 1.03766e-12 | 1 | 
===========================QR SECTION==========================
Vector x at 1 iter: 

Vector contents:
| 9400.12 |
| -0.00157976 |
Alpha 9400.12 at 1 iter: 

Vector u at 1 iter: 

Vector contents:
| 18800.2 |
| -0.00157976 |
Vector v at 1 iter: 

Vector contents:
| 1 |
| -8.40288e-08 |
Q_tmp at 1 iter: 

[[cMatrix]]
| -1 | 1.68058e-07 | 
| 1.68058e-07 | 1 | 
Q_heap(1)

[[cMatrix]]
| 1 | 0 | 0 | 
| 0 | -1 | 1.68058e-07 | 
| 0 | 1.68058e-07 | 1 | 
===========================QR SECTION==========================
Vector x at 0 iter: 

Vector contents:
| 14773.1 |
| -5.53511 |
| -1.68469e-05 |
Alpha 14773.1 at 0 iter: 

Vector u at 0 iter: 

Vector contents:
| 29546.2 |
| -5.53511 |
| -1.68469e-05 |
Vector v at 0 iter: 

Vector contents:
| 1 |
| -0.000187337 |
| -5.70187e-10 |
Q_tmp at 0 iter: 

[[cMatrix]]
| -1 | 0.000374674 | 1.14037e-09 | 
| 0.000374674 | 1 | -2.13634e-13 | 
| 1.14037e-09 | -2.13634e-13 | 1 | 
Q_heap(0)

[[cMatrix]]
| -1 | 0.000374674 | 1.14037e-09 | 
| 0.000374674 | 1 | -2.13634e-13 | 
| 1.14037e-09 | -2.13634e-13 | 1 | 
===========================QR SECTION==========================
Vector x at 1 iter: 

Vector contents:
| 9400.12 |
| 0.0008033 |
Alpha 9400.12 at 1 iter: 

Vector u at 1 iter: 

Vector contents:
| 18800.2 |
| 0.0008033 |
Vector v at 1 iter: 

Vector contents:
| 1 |
| 4.27282e-08 |
Q_tmp at 1 iter: 

[[cMatrix]]
| -1 | -8.54564e-08 | 
| -8.54564e-08 | 1 | 
Q_heap(1)

[[cMatrix]]
| 1 | 0 | 0 | 
| 0 | -1 | -8.54564e-08 | 
| 0 | -8.54564e-08 | 1 | 
===========================QR SECTION==========================
Vector x at 0 iter: 

Vector contents:
| 14773.1 |
| -3.52198 |
| 5.45097e-06 |
Alpha 14773.1 at 0 iter: 

Vector u at 0 iter: 

Vector contents:
| 29546.2 |
| -3.52198 |
| 5.45097e-06 |
Vector v at 0 iter: 

Vector contents:
| 1 |
| -0.000119202 |
| 1.84489e-10 |
Q_tmp at 0 iter: 

[[cMatrix]]
| -1 | 0.000238405 | -3.68979e-10 | 
| 0.000238405 | 1 | 4.39831e-14 | 
| -3.68979e-10 | 4.39831e-14 | 1 | 
Q_heap(0)

[[cMatrix]]
| -1 | 0.000238405 | -3.68979e-10 | 
| 0.000238405 | 1 | 4.39831e-14 | 
| -3.68979e-10 | 4.39831e-14 | 1 | 
===========================QR SECTION==========================
Vector x at 1 iter: 

Vector contents:
| 9400.11 |
| -0.000408477 |
Alpha 9400.11 at 1 iter: 

Vector u at 1 iter: 

Vector contents:
| 18800.2 |
| -0.000408477 |
Vector v at 1 iter: 

Vector contents:
| 1 |
| -2.17273e-08 |
Q_tmp at 1 iter: 

[[cMatrix]]
| -1 | 4.34545e-08 | 
| 4.34545e-08 | 1 | 
Q_heap(1)

[[cMatrix]]
| 1 | 0 | 0 | 
| 0 | -1 | 4.34545e-08 | 
| 0 | 4.34545e-08 | 1 | 
===========================QR SECTION==========================
Vector x at 0 iter: 

Vector contents:
| 14773.1 |
| -2.24103 |
| -1.76371e-06 |
Alpha 14773.1 at 0 iter: 

Vector u at 0 iter: 

Vector contents:
| 29546.2 |
| -2.24103 |
| -1.76371e-06 |
Vector v at 0 iter: 

Vector contents:
| 1 |
| -7.58482e-05 |
| -5.96933e-11 |
Q_tmp at 0 iter: 

[[cMatrix]]
| -1 | 0.000151696 | 1.19387e-10 | 
| 0.000151696 | 1 | -9.05526e-15 | 
| 1.19387e-10 | -9.05526e-15 | 1 | 
Q_heap(0)

[[cMatrix]]
| -1 | 0.000151696 | 1.19387e-10 | 
| 0.000151696 | 1 | -9.05526e-15 | 
| 1.19387e-10 | -9.05526e-15 | 1 | 
===========================QR SECTION==========================
Vector x at 1 iter: 

Vector contents:
| 9400.11 |
| 0.000207711 |
Alpha 9400.11 at 1 iter: 

Vector u at 1 iter: 

Vector contents:
| 18800.2 |
| 0.000207711 |
Vector v at 1 iter: 

Vector contents:
| 1 |
| 1.10483e-08 |
Q_tmp at 1 iter: 

[[cMatrix]]
| -1 | -2.20967e-08 | 
| -2.20967e-08 | 1 | 
Q_heap(1)

[[cMatrix]]
| 1 | 0 | 0 | 
| 0 | -1 | -2.20967e-08 | 
| 0 | -2.20967e-08 | 1 | 
===========================EIGEN SECTION==========================
Eigenvalue matrix after 19 iterations of the QR algorithm
[[cMatrix]]
| 14773.1 | -2.24103 | -1.76371e-06 | 
| -2.24103 | 9400.11 | 0.000207712 | 
| -1.76371e-06 | 0.000207712 | 4779.99 | 
Eigenvector matrix Q_0:
[[cMatrix]]
| -0.979083 | -0.179888 | -0.09506 | 
| 0.155829 | -0.9634 | 0.218123 | 
| -0.130819 | 0.198747 | 0.971281 | 
Eigenvector matrix after multiplying by Q_1:
[[cMatrix]]
| 0.910083 | 0.395044 | -0.125257 | 
| -0.346894 | 0.891521 | 0.2913 | 
| 0.226746 | -0.221657 | 0.948396 | 
Eigenvector matrix Q_1
[[cMatrix]]
| -0.974766 | -0.218859 | 0.0439626 | 
| 0.215549 | -0.974008 | -0.0696154 | 
| 0.0580558 | -0.0583826 | 0.996605 | 
Number of iterations: 19
Eigenvector matrix after multiplying by Q_2:
[[cMatrix]]
| -0.803177 | -0.580429 | -0.134202 | 
| 0.520751 | -0.793444 | 0.315064 | 
| -0.289353 | 0.183166 | 0.939534 | 
Eigenvector matrix Q_2
[[cMatrix]]
| -0.977212 | -0.211465 | -0.0183929 | 
| 0.211108 | -0.977266 | 0.0196163 | 
| -0.0221229 | 0.0152865 | 0.999638 | 
Number of iterations: 19
Eigenvector matrix after multiplying by Q_3:
[[cMatrix]]
| 0.691249 | 0.709566 | -0.136713 | 
| -0.646081 | 0.691612 | 0.322881 | 
| 0.323658 | -0.134863 | 0.936513 | 
Eigenvector matrix Q_3
[[cMatrix]]
| -0.985294 | -0.170726 | 0.00696257 | 
| 0.170691 | -0.98531 | -0.00529819 | 
| 0.00776483 | -0.00403182 | 0.999962 | 
Number of iterations: 19
Eigenvector matrix after multiplying by Q_4:
[[cMatrix]]
| -0.599025 | -0.788865 | -0.137339 | 
| 0.724891 | -0.607114 | 0.325493 | 
| -0.34015 | 0.0954223 | 0.935517 | 
Eigenvector matrix Q_4
[[cMatrix]]
| -0.992506 | -0.122173 | -0.00244205 | 
| 0.12217 | -0.992508 | 0.00149658 | 
| -0.0026066 | 0.00118702 | 0.999996 | 
Number of iterations: 19
Eigenvector matrix after multiplying by Q_5:
[[cMatrix]]
| 0.532268 | 0.835344 | -0.137447 | 
| -0.771912 | 0.545553 | 0.326381 | 
| 0.347625 | -0.0676253 | 0.935192 | 
Eigenvector matrix Q_5
[[cMatrix]]
| -0.996638 | -0.0819226 | 0.000819717 | 
| 0.0819222 | -0.996639 | -0.000485325 | 
| 0.000856721 | -0.000416541 | 1 | 
Number of iterations: 19
Eigenvector matrix after multiplying by Q_6:
[[cMatrix]]
| -0.486953 | -0.862548 | -0.137434 | 
| 0.799799 | -0.503581 | 0.326691 | 
| -0.350996 | 0.0491635 | 0.935085 | 
Eigenvector matrix Q_6
[[cMatrix]]
| -0.998579 | -0.0532956 | -0.000269418 | 
| 0.0532956 | -0.998579 | 0.000187076 | 
| -0.000279005 | 0.000172451 | 1 | 
Number of iterations: 19
Eigenvector matrix after multiplying by Q_7:
[[cMatrix]]
| 0.457136 | 0.878719 | -0.137406 | 
| -0.816535 | 0.475889 | 0.326803 | 
| 0.352558 | -0.0371968 | 0.93505 | 
Eigenvector matrix Q_7
[[cMatrix]]
| -0.999414 | -0.0342233 | 8.77401e-05 | 
| 0.0342233 | -0.999414 | -8.25659e-05 | 
| 9.05144e-05 | -7.95147e-05 | 1 | 
Number of iterations: 19
Eigenvector matrix after multiplying by Q_8:
[[cMatrix]]
| -0.437816 | -0.888506 | -0.137384 | 
| 0.826732 | -0.457915 | 0.326845 | 
| -0.353314 | 0.0295181 | 0.935039 | 
Eigenvector matrix Q_8
[[cMatrix]]
| -0.999761 | -0.0218576 | -2.84645e-05 | 
| 0.0218576 | -0.999761 | 3.93753e-05 | 
| -2.93184e-05 | 3.87438e-05 | 1 | 
Number of iterations: 19
Eigenvector matrix after multiplying by Q_9:
[[cMatrix]]
| 0.425396 | 0.894521 | -0.137371 | 
| -0.833027 | 0.446349 | 0.326862 | 
| 0.3537 | -0.024612 | 0.935035 | 
Eigenvector matrix Q_9
[[cMatrix]]
| -0.999903 | -0.013929 | 9.2199e-06 | 
| 0.013929 | -0.999903 | -1.94832e-05 | 
| 9.49039e-06 | -1.93529e-05 | 1 | 
Number of iterations: 19
Eigenvector matrix after multiplying by Q_10:
[[cMatrix]]
| -0.417446 | -0.898259 | -0.137363 | 
| 0.836952 | -0.43894 | 0.326869 | 
| -0.353907 | 0.0214834 | 0.935034 | 
Eigenvector matrix Q_10
[[cMatrix]]
| -0.999961 | -0.00886845 | -2.98449e-06 | 
| 0.00886845 | -0.999961 | 9.7961e-06 | 
| -3.07125e-06 | 9.76925e-06 | 1 | 
Number of iterations: 19
Eigenvector matrix after multiplying by Q_11:
[[cMatrix]]
| 0.412369 | 0.900602 | -0.137359 | 
| -0.839416 | 0.434208 | 0.326871 | 
| 0.354024 | -0.0194901 | 0.935033 | 
Eigenvector matrix Q_11
[[cMatrix]]
| -0.999984 | -0.00564438 | 9.65831e-07 | 
| 0.00564438 | -0.999984 | -4.95844e-06 | 
| 9.93803e-07 | -4.95291e-06 | 1 | 
Number of iterations: 19
Eigenvector matrix after multiplying by Q_12:
[[cMatrix]]
| -0.409132 | -0.902078 | -0.137357 | 
| 0.84097 | -0.431189 | 0.326873 | 
| -0.354092 | 0.0182208 | 0.935033 | 
Eigenvector matrix Q_12
[[cMatrix]]
| -0.999994 | -0.00359187 | -3.12526e-07 | 
| 0.00359187 | -0.999994 | 2.51667e-06 | 
| -3.21564e-07 | 2.51553e-06 | 1 | 
Number of iterations: 19
Eigenvector matrix after multiplying by Q_13:
[[cMatrix]]
| 0.407069 | 0.903011 | -0.137356 | 
| -0.841953 | 0.429265 | 0.326873 | 
| 0.354132 | -0.0174126 | 0.935033 | 
Eigenvector matrix Q_13
[[cMatrix]]
| -0.999997 | -0.00228559 | 1.01124e-07 | 
| 0.00228559 | -0.999997 | -1.27876e-06 | 
| 1.04046e-07 | -1.27853e-06 | 1 | 
Number of iterations: 19
Eigenvector matrix after multiplying by Q_14:
[[cMatrix]]
| -0.405755 | -0.903602 | -0.137356 | 
| 0.842577 | -0.42804 | 0.326874 | 
| -0.354157 | 0.0168982 | 0.935033 | 
Eigenvector matrix Q_14
[[cMatrix]]
| -0.999999 | -0.00145434 | -3.272e-08 | 
| 0.00145434 | -0.999999 | 6.50054e-07 | 
| -3.36653e-08 | 6.50006e-07 | 1 | 
Number of iterations: 19
Eigenvector matrix after multiplying by Q_15:
[[cMatrix]]
| 0.404919 | 0.903977 | -0.137355 | 
| -0.842972 | 0.42726 | 0.326874 | 
| 0.354173 | -0.0165707 | 0.935033 | 
Eigenvector matrix Q_15
[[cMatrix]]
| -1 | -0.000925402 | 1.05869e-08 | 
| 0.000925402 | -1 | -3.30513e-07 | 
| 1.08928e-08 | -3.30503e-07 | 1 | 
Number of iterations: 19
Eigenvector matrix after multiplying by Q_16:
[[cMatrix]]
| -0.404386 | -0.904215 | -0.137355 | 
| 0.843224 | -0.426763 | 0.326874 | 
| -0.354183 | 0.0163623 | 0.935033 | 
Eigenvector matrix Q_16
[[cMatrix]]
| -1 | -0.000588834 | -3.4255e-09 | 
| 0.000588834 | -1 | 1.68059e-07 | 
| -3.52446e-09 | 1.68057e-07 | 1 | 
Number of iterations: 19
Eigenvector matrix after multiplying by Q_17:
[[cMatrix]]
| 0.404048 | 0.904367 | -0.137355 | 
| -0.843384 | 0.426447 | 0.326874 | 
| 0.354189 | -0.0162297 | 0.935033 | 
Eigenvector matrix Q_17
[[cMatrix]]
| -1 | -0.000374674 | 1.10835e-09 | 
| 0.000374674 | -1 | -8.54566e-08 | 
| 1.14037e-09 | -8.54561e-08 | 1 | 
Number of iterations: 19
Eigenvector matrix after multiplying by Q_18:
[[cMatrix]]
| -0.403832 | -0.904463 | -0.137355 | 
| 0.843485 | -0.426246 | 0.326874 | 
| -0.354193 | 0.0161453 | 0.935033 | 
Eigenvector matrix Q_18
[[cMatrix]]
| -1 | -0.000238405 | -3.58619e-10 | 
| 0.000238405 | -1 | 4.34546e-08 | 
| -3.68979e-10 | 4.34545e-08 | 1 | 
Number of iterations: 19
Eigenvector matrix after multiplying by Q_19:
[[cMatrix]]
| 0.403695 | 0.904524 | -0.137355 | 
| -0.84355 | 0.426118 | 0.326874 | 
| 0.354195 | -0.0160916 | 0.935033 | 
Eigenvector matrix Q_19
[[cMatrix]]
| -1 | -0.000151696 | 1.16035e-10 | 
| 0.000151696 | -1 | -2.20967e-08 | 
| 1.19387e-10 | -2.20967e-08 | 1 | 
Number of iterations: 19
===========================SVD SECTION==========================
A*A' = 
[[cMatrix]]
| 10187.5 | -1621.43 | 1361.19 | 
| -1621.43 | 12730.8 | -3017.68 | 
| 1361.19 | -3017.68 | 6034.88 | 

Eigenvectors of A*A' (U) = 

[[cMatrix]]
| 0.403695 | 0.904524 | -0.137355 | 
| -0.84355 | 0.426118 | 0.326874 | 
| 0.354195 | -0.0160916 | 0.935033 | 

Singular values of A'*A (S) = 

[[cMatrix]]
| 121.545 | 0 | 0 | 
| 0 | 96.9542 | 0 | 
| 0 | 0 | 69.1374 | 

Eigenvectors of A'*A (V) = 

[[cMatrix]]
| -0.693443 | -0.0863735 | -0.715306 | 
| 0.0558222 | -0.996244 | 0.066297 | 
| -0.718346 | 0.00613011 | 0.69566 | 


Q_U = 
[[cMatrix]]
| -1 | -0.000151696 | 1.16035e-10 | 
| 0.000151696 | -1 | -2.20967e-08 | 
| 1.19387e-10 | -2.20967e-08 | 1 | 
Q_U iter = 19
Q_V = 
[[cMatrix]]
| 0 | 0 | 0 | 0 | 
| 0 | 0 | 0 | 0 | 
| 0 | 0 | 0 | 0 | 
| 0 | 0 | 0 | 0 | 
Q_V iter = 2685004



Original matrix A = U*S*V' = 
[[cMatrix]]
| -34.8071 | -85.2586 | -41.3157 | 
| 51.3642 | -45.3839 | 89.626 | 
| -75.9598 | 8.24329 | 14.0367 | 
===========================KABSCH SECTION==========================

Centroid of A = 
Vector contents:
| 4.36364 |
| 4.90909 |
| 3.72727 |

Centroid of B = 
Vector contents:
| -6.90834 |
| 2.27881 |
| -2.02853 |

A - centroidA =
[[cMatrix]]
| 2.63636 | -3.36364 | -4.36364 | 3.63636 | 3.63636 | 1.63636 | -3.36364 | 1.63636 | -0.363636 | 1.63636 | -3.36364 | 
| -2.90909 | -0.909091 | -2.90909 | -2.90909 | 4.09091 | 2.09091 | 2.09091 | -4.90909 | 0.0909091 | 4.09091 | 2.09091 | 
| 5.27273 | -1.72727 | -0.727273 | -3.72727 | 3.27273 | -3.72727 | -2.72727 | 0.272727 | 4.27273 | 0.272727 | -0.727273 | 

B - centroidB =
[[cMatrix]]
| -0.106502 | 2.33753 | 3.99278 | 3.05403 | -5.82029 | -0.864832 | 0.0544182 | 3.82901 | -1.61003 | -4.16044 | -0.705662 | 
| 6.54514 | -2.09216 | -0.670755 | -0.664055 | 2.03834 | -3.54213 | -4.27777 | 2.95087 | 3.41657 | -1.09813 | -2.60588 | 
| -0.603946 | 2.29843 | 3.41187 | -5.0804 | -1.62446 | -2.76541 | 2.19582 | -1.8661 | 2.03262 | -0.986136 | 2.98768 | 

H = 
[[cMatrix]]
| -34.8071 | -85.2586 | -41.3157 | 
| 51.3642 | -45.3839 | 89.626 | 
| -75.9598 | 8.24329 | 14.0367 | 

Det of R = 1

Rotation matrix = 
[[cMatrix]]
| -0.259815 | 0.314333 | -0.913059 | 
| -0.887698 | -0.449936 | 0.097793 | 
| -0.38 | 0.835966 | 0.395931 | 

R * B = 
[[cMatrix]]
| 6.99983 | 0.999802 | -9.70779e-05 | 7.99985 | 7.99951 | 5.99963 | 0.999668 | 5.99994 | 3.99971 | 5.99954 | 0.999664 | 
| 1.99941 | 3.99991 | 1.99989 | 1.99972 | 8.9995 | 6.99983 | 6.99997 | -0.000373887 | 4.99958 | 8.99969 | 6.99989 | 
| 8.99988 | 1.9998 | 2.9999 | -0.000126044 | 6.99954 | -0.000358973 | 0.999663 | 3.99997 | 7.99975 | 3.99954 | 2.99966 | 

Translation matrix = 
Vector contents:
| 0.000267287 |
| 0.000270667 |
| 0.000252169 |

Result of the algorithm: 

R * B + t = A
[[cMatrix]]
| 7.0001 | 1.00007 | 0.000170209 | 8.00012 | 7.99978 | 5.9999 | 0.999936 | 6.00021 | 3.99998 | 5.9998 | 0.999932 | 
| 1.99968 | 4.00018 | 2.00016 | 1.99999 | 8.99977 | 7.0001 | 7.00024 | -0.000103221 | 4.99985 | 8.99996 | 7.00016 | 
| 9.00013 | 2.00006 | 3.00016 | 0.000126125 | 6.99979 | -0.000106804 | 0.999915 | 4.00023 | 8 | 3.9998 | 2.99991 | 

Original matrix A = 
[[cMatrix]]
| 7 | 1 | 0 | 8 | 8 | 6 | 1 | 6 | 4 | 6 | 1 | 
| 2 | 4 | 2 | 2 | 9 | 7 | 7 | 0 | 5 | 9 | 7 | 
| 9 | 2 | 3 | 0 | 7 | 0 | 1 | 4 | 8 | 4 | 3 | 

Transformed matrix B = 
[[cMatrix]]
| -7.01484 | -4.57081 | -2.91556 | -3.85431 | -12.7286 | -7.77317 | -6.85392 | -3.07933 | -8.51837 | -11.0688 | -7.614 | 
| 8.82395 | 0.18665 | 1.60806 | 1.61476 | 4.31715 | -1.26332 | -1.99896 | 5.22968 | 5.69538 | 1.18068 | -0.32707 | 
| -2.63248 | 0.2699 | 1.38334 | -7.10893 | -3.65299 | -4.79394 | 0.16729 | -3.89463 | 0.00409 | -3.01467 | 0.95915 | 
