
Original matrix A = 
[[cMatrix]]
| 0 | 4 | 4 | 0 | 9 | 0 | 4 | 2 | 
| 4 | 0 | 1 | 8 | 3 | 5 | 6 | 4 | 
| 9 | 7 | 3 | 1 | 2 | 8 | 7 | 4 | 

Transformed matrix B = 
[[cMatrix]]
| -3.08961 | 1.44165 | 0.10627 | -7.71051 | -0.92005 | -4.15476 | -4.40879 | -3.13443 | 
| -8.03976 | -4.51525 | -0.91728 | -0.826 | 2.20481 | -7.13358 | -4.4618 | -2.67063 | 
| 4.77668 | 6.52182 | 5.01471 | 2.20586 | 9.3964 | 4.56618 | 7.85207 | 4.36384 | 
===========================QR SECTION==========================
Vector x at 0 iter: 

Vector contents:
| 4106.99 |
| 1509.91 |
| 2420.09 |
Alpha 5000.4 at 0 iter: 

Vector u at 0 iter: 

Vector contents:
| 9107.39 |
| 1509.91 |
| 2420.09 |
Vector v at 0 iter: 

Vector contents:
| 0.954288 |
| 0.158211 |
| 0.253581 |
Q_tmp at 0 iter: 

[[cMatrix]]
| -0.821332 | -0.301957 | -0.483979 | 
| -0.301957 | 0.949939 | -0.0802384 | 
| -0.483979 | -0.0802384 | 0.871393 | 
Q_heap(0)

[[cMatrix]]
| -0.821332 | -0.301957 | -0.483979 | 
| -0.301957 | 0.949939 | -0.0802384 | 
| -0.483979 | -0.0802384 | 0.871393 | 
===========================QR SECTION==========================
Vector x at 1 iter: 

Vector contents:
| 6116.68 |
| 361.787 |
Alpha 6127.37 at 1 iter: 

Vector u at 1 iter: 

Vector contents:
| 12244.1 |
| 361.787 |
Vector v at 1 iter: 

Vector contents:
| 0.999564 |
| 0.0295351 |
Q_tmp at 1 iter: 

[[cMatrix]]
| -0.998255 | -0.0590444 | 
| -0.0590444 | 0.998255 | 
Q_heap(1)

[[cMatrix]]
| 1 | 0 | 0 | 
| 0 | -0.998255 | -0.0590444 | 
| 0 | -0.0590444 | 0.998255 | 
===========================QR SECTION==========================
Vector x at 0 iter: 

Vector contents:
| 7129.69 |
| 2305.3 |
| -203.469 |
Alpha 7495.89 at 0 iter: 

Vector u at 0 iter: 

Vector contents:
| 14625.6 |
| 2305.3 |
| -203.469 |
Vector v at 0 iter: 

Vector contents:
| 0.987711 |
| 0.155685 |
| -0.0137409 |
Q_tmp at 0 iter: 

[[cMatrix]]
| -0.951147 | -0.307543 | 0.0271441 | 
| -0.307543 | 0.951525 | 0.0042785 | 
| 0.0271441 | 0.0042785 | 0.999622 | 
Q_heap(0)

[[cMatrix]]
| -0.951147 | -0.307543 | 0.0271441 | 
| -0.307543 | 0.951525 | 0.0042785 | 
| 0.0271441 | 0.0042785 | 0.999622 | 
===========================QR SECTION==========================
Vector x at 1 iter: 

Vector contents:
| 4766.63 |
| 99.2353 |
Alpha 4767.66 at 1 iter: 

Vector u at 1 iter: 

Vector contents:
| 9534.29 |
| 99.2353 |
Vector v at 1 iter: 

Vector contents:
| 0.999946 |
| 0.0104077 |
Q_tmp at 1 iter: 

[[cMatrix]]
| -0.999783 | -0.0208142 | 
| -0.0208142 | 0.999783 | 
Q_heap(1)

[[cMatrix]]
| 1 | 0 | 0 | 
| 0 | -0.999783 | -0.0208142 | 
| 0 | -0.0208142 | 0.999783 | 
===========================QR SECTION==========================
Vector x at 0 iter: 

Vector contents:
| 8353.63 |
| 1464 |
| 9.78361 |
Alpha 8480.95 at 0 iter: 

Vector u at 0 iter: 

Vector contents:
| 16834.6 |
| 1464 |
| 9.78361 |
Vector v at 0 iter: 

Vector contents:
| 0.99624 |
| 0.086637 |
| 0.000578976 |
Q_tmp at 0 iter: 

[[cMatrix]]
| -0.984987 | -0.172622 | -0.0011536 | 
| -0.172622 | 0.984988 | -0.000100321 | 
| -0.0011536 | -0.000100321 | 0.999999 | 
Q_heap(0)

[[cMatrix]]
| -0.984987 | -0.172622 | -0.0011536 | 
| -0.172622 | 0.984988 | -0.000100321 | 
| -0.0011536 | -0.000100321 | 0.999999 | 
===========================QR SECTION==========================
Vector x at 1 iter: 

Vector contents:
| 4217.23 |
| -11.1852 |
Alpha 4217.24 at 1 iter: 

Vector u at 1 iter: 

Vector contents:
| 8434.48 |
| -11.1852 |
Vector v at 1 iter: 

Vector contents:
| 0.999999 |
| -0.00132613 |
Q_tmp at 1 iter: 

[[cMatrix]]
| -0.999996 | 0.00265225 | 
| 0.00265225 | 0.999996 | 
Q_heap(1)

[[cMatrix]]
| 1 | 0 | 0 | 
| 0 | -0.999996 | 0.00265225 | 
| 0 | 0.00265225 | 0.999996 | 
===========================QR SECTION==========================
Vector x at 0 iter: 

Vector contents:
| 8737.79 |
| 727.978 |
| -0.415463 |
Alpha 8768.07 at 0 iter: 

Vector u at 0 iter: 

Vector contents:
| 17505.9 |
| 727.978 |
| -0.415463 |
Vector v at 0 iter: 

Vector contents:
| 0.999136 |
| 0.0415489 |
| -2.37123e-05 |
Q_tmp at 0 iter: 

[[cMatrix]]
| -0.996547 | -0.083026 | 4.73837e-05 | 
| -0.083026 | 0.996547 | 1.97044e-06 | 
| 4.73837e-05 | 1.97044e-06 | 1 | 
Q_heap(0)

[[cMatrix]]
| -0.996547 | -0.083026 | 4.73837e-05 | 
| -0.083026 | 0.996547 | 1.97044e-06 | 
| 4.73837e-05 | 1.97044e-06 | 1 | 
===========================QR SECTION==========================
Vector x at 1 iter: 

Vector contents:
| 4079.17 |
| 1.03401 |
Alpha 4079.17 at 1 iter: 

Vector u at 1 iter: 

Vector contents:
| 8158.34 |
| 1.03401 |
Vector v at 1 iter: 

Vector contents:
| 1 |
| 0.000126742 |
Q_tmp at 1 iter: 

[[cMatrix]]
| -1 | -0.000253484 | 
| -0.000253484 | 1 | 
Q_heap(1)

[[cMatrix]]
| 1 | 0 | 0 | 
| 0 | -1 | -0.000253484 | 
| 0 | -0.000253484 | 1 | 
===========================QR SECTION==========================
Vector x at 0 iter: 

Vector contents:
| 8826.66 |
| 338.677 |
| 0.0170649 |
Alpha 8833.16 at 0 iter: 

Vector u at 0 iter: 

Vector contents:
| 17659.8 |
| 338.677 |
| 0.0170649 |
Vector v at 0 iter: 

Vector contents:
| 0.999816 |
| 0.0191743 |
| 9.66137e-07 |
Q_tmp at 0 iter: 

[[cMatrix]]
| -0.999265 | -0.0383416 | -1.93192e-06 | 
| -0.0383416 | 0.999265 | -3.70501e-08 | 
| -1.93192e-06 | -3.70501e-08 | 1 | 
Q_heap(0)

[[cMatrix]]
| -0.999265 | -0.0383416 | -1.93192e-06 | 
| -0.0383416 | 0.999265 | -3.70501e-08 | 
| -1.93192e-06 | -3.70501e-08 | 1 | 
===========================QR SECTION==========================
Vector x at 1 iter: 

Vector contents:
| 4049.11 |
| -0.0928053 |
Alpha 4049.11 at 1 iter: 

Vector u at 1 iter: 

Vector contents:
| 8098.23 |
| -0.0928053 |
Vector v at 1 iter: 

Vector contents:
| 1 |
| -1.146e-05 |
Q_tmp at 1 iter: 

[[cMatrix]]
| -1 | 2.29199e-05 | 
| 2.29199e-05 | 1 | 
Q_heap(1)

[[cMatrix]]
| 1 | 0 | 0 | 
| 0 | -1 | 2.29199e-05 | 
| 0 | 2.29199e-05 | 1 | 
===========================QR SECTION==========================
Vector x at 0 iter: 

Vector contents:
| 8845.61 |
| 155.249 |
| -0.000695769 |
Alpha 8846.97 at 0 iter: 

Vector u at 0 iter: 

Vector contents:
| 17692.6 |
| 155.249 |
| -0.000695769 |
Vector v at 0 iter: 

Vector contents:
| 0.999962 |
| 0.0087745 |
| -3.93239e-08 |
Q_tmp at 0 iter: 

[[cMatrix]]
| -0.999846 | -0.0175483 | 7.86448e-08 | 
| -0.0175483 | 0.999846 | 6.90095e-10 | 
| 7.86448e-08 | 6.90095e-10 | 1 | 
Q_heap(0)

[[cMatrix]]
| -0.999846 | -0.0175483 | 7.86448e-08 | 
| -0.0175483 | 0.999846 | 6.90095e-10 | 
| 7.86448e-08 | 6.90095e-10 | 1 | 
===========================QR SECTION==========================
Vector x at 1 iter: 

Vector contents:
| 4042.79 |
| 0.00828281 |
Alpha 4042.79 at 1 iter: 

Vector u at 1 iter: 

Vector contents:
| 8085.58 |
| 0.00828281 |
Vector v at 1 iter: 

Vector contents:
| 1 |
| 1.02439e-06 |
Q_tmp at 1 iter: 

[[cMatrix]]
| -1 | -2.04879e-06 | 
| -2.04879e-06 | 1 | 
Q_heap(1)

[[cMatrix]]
| 1 | 0 | 0 | 
| 0 | -1 | -2.04879e-06 | 
| 0 | -2.04879e-06 | 1 | 
===========================QR SECTION==========================
Vector x at 0 iter: 

Vector contents:
| 8849.58 |
| 70.9441 |
| 2.83234e-05 |
Alpha 8849.87 at 0 iter: 

Vector u at 0 iter: 

Vector contents:
| 17699.4 |
| 70.9441 |
| 2.83234e-05 |
Vector v at 0 iter: 

Vector contents:
| 0.999992 |
| 0.00400824 |
| 1.60023e-09 |
Q_tmp at 0 iter: 

[[cMatrix]]
| -0.999968 | -0.00801641 | -3.20044e-09 | 
| -0.00801641 | 0.999968 | -1.28282e-11 | 
| -3.20044e-09 | -1.28282e-11 | 1 | 
Q_heap(0)

[[cMatrix]]
| -0.999968 | -0.00801641 | -3.20044e-09 | 
| -0.00801641 | 0.999968 | -1.28282e-11 | 
| -3.20044e-09 | -1.28282e-11 | 1 | 
===========================QR SECTION==========================
Vector x at 1 iter: 

Vector contents:
| 4041.47 |
| -0.000738385 |
Alpha 4041.47 at 1 iter: 

Vector u at 1 iter: 

Vector contents:
| 8082.93 |
| -0.000738385 |
Vector v at 1 iter: 

Vector contents:
| 1 |
| -9.13511e-08 |
Q_tmp at 1 iter: 

[[cMatrix]]
| -1 | 1.82702e-07 | 
| 1.82702e-07 | 1 | 
Q_heap(1)

[[cMatrix]]
| 1 | 0 | 0 | 
| 0 | -1 | 1.82702e-07 | 
| 0 | 1.82702e-07 | 1 | 
===========================QR SECTION==========================
Vector x at 0 iter: 

Vector contents:
| 8850.41 |
| 32.398 |
| -1.15262e-06 |
Alpha 8850.47 at 0 iter: 

Vector u at 0 iter: 

Vector contents:
| 17700.9 |
| 32.398 |
| -1.15262e-06 |
Vector v at 0 iter: 

Vector contents:
| 0.999998 |
| 0.0018303 |
| -6.51163e-11 |
Q_tmp at 0 iter: 

[[cMatrix]]
| -0.999993 | -0.0036606 | 1.30232e-10 | 
| -0.0036606 | 0.999993 | 2.38365e-13 | 
| 1.30232e-10 | 2.38365e-13 | 1 | 
Q_heap(0)

[[cMatrix]]
| -0.999993 | -0.0036606 | 1.30232e-10 | 
| -0.0036606 | 0.999993 | 2.38365e-13 | 
| 1.30232e-10 | 2.38365e-13 | 1 | 
===========================QR SECTION==========================
Vector x at 1 iter: 

Vector contents:
| 4041.19 |
| 6.58089e-05 |
Alpha 4041.19 at 1 iter: 

Vector u at 1 iter: 

Vector contents:
| 8082.38 |
| 6.58089e-05 |
Vector v at 1 iter: 

Vector contents:
| 1 |
| 8.14226e-09 |
Q_tmp at 1 iter: 

[[cMatrix]]
| -1 | -1.62845e-08 | 
| -1.62845e-08 | 1 | 
Q_heap(1)

[[cMatrix]]
| 1 | 0 | 0 | 
| 0 | -1 | -1.62845e-08 | 
| 0 | -1.62845e-08 | 1 | 
===========================QR SECTION==========================
Vector x at 0 iter: 

Vector contents:
| 8850.58 |
| 14.7932 |
| 4.69024e-08 |
Alpha 8850.6 at 0 iter: 

Vector u at 0 iter: 

Vector contents:
| 17701.2 |
| 14.7932 |
| 4.69024e-08 |
Vector v at 0 iter: 

Vector contents:
| 1 |
| 0.000835718 |
| 2.64967e-12 |
Q_tmp at 0 iter: 

[[cMatrix]]
| -0.999999 | -0.00167143 | -5.29935e-12 | 
| -0.00167143 | 0.999999 | -4.42876e-15 | 
| -5.29935e-12 | -4.42876e-15 | 1 | 
Q_heap(0)

[[cMatrix]]
| -0.999999 | -0.00167143 | -5.29935e-12 | 
| -0.00167143 | 0.999999 | -4.42876e-15 | 
| -5.29935e-12 | -4.42876e-15 | 1 | 
===========================QR SECTION==========================
Vector x at 1 iter: 

Vector contents:
| 4041.13 |
| -5.86495e-06 |
Alpha 4041.13 at 1 iter: 

Vector u at 1 iter: 

Vector contents:
| 8082.27 |
| -5.86495e-06 |
Vector v at 1 iter: 

Vector contents:
| 1 |
| -7.25657e-10 |
Q_tmp at 1 iter: 

[[cMatrix]]
| -1 | 1.45131e-09 | 
| 1.45131e-09 | 1 | 
Q_heap(1)

[[cMatrix]]
| 1 | 0 | 0 | 
| 0 | -1 | 1.45131e-09 | 
| 0 | 1.45131e-09 | 1 | 
===========================QR SECTION==========================
Vector x at 0 iter: 

Vector contents:
| 8850.62 |
| 6.75449 |
| -1.90853e-09 |
Alpha 8850.62 at 0 iter: 

Vector u at 0 iter: 

Vector contents:
| 17701.2 |
| 6.75449 |
| -1.90853e-09 |
Vector v at 0 iter: 

Vector contents:
| 1 |
| 0.000381583 |
| -1.07819e-13 |
Q_tmp at 0 iter: 

[[cMatrix]]
| -1 | -0.000763166 | 2.15638e-13 | 
| -0.000763166 | 1 | 8.22836e-17 | 
| 2.15638e-13 | 8.22836e-17 | 1 | 
Q_heap(0)

[[cMatrix]]
| -1 | -0.000763166 | 2.15638e-13 | 
| -0.000763166 | 1 | 8.22836e-17 | 
| 2.15638e-13 | 8.22836e-17 | 1 | 
===========================QR SECTION==========================
Vector x at 1 iter: 

Vector contents:
| 4041.12 |
| 5.22685e-07 |
Alpha 4041.12 at 1 iter: 

Vector u at 1 iter: 

Vector contents:
| 8082.24 |
| 5.22685e-07 |
Vector v at 1 iter: 

Vector contents:
| 1 |
| 6.46707e-11 |
Q_tmp at 1 iter: 

[[cMatrix]]
| -1 | -1.29341e-10 | 
| -1.29341e-10 | 1 | 
Q_heap(1)

[[cMatrix]]
| 1 | 0 | 0 | 
| 0 | -1 | -1.29341e-10 | 
| 0 | -1.29341e-10 | 1 | 
===========================QR SECTION==========================
Vector x at 0 iter: 

Vector contents:
| 8850.63 |
| 3.08405 |
| 7.76605e-11 |
Alpha 8850.63 at 0 iter: 

Vector u at 0 iter: 

Vector contents:
| 17701.3 |
| 3.08405 |
| 7.76605e-11 |
Vector v at 0 iter: 

Vector contents:
| 1 |
| 0.000174228 |
| 4.38729e-15 |
Q_tmp at 0 iter: 

[[cMatrix]]
| -1 | -0.000348455 | -8.77458e-15 | 
| -0.000348455 | 1 | -1.52877e-18 | 
| -8.77458e-15 | -1.52877e-18 | 1 | 
Q_heap(0)

[[cMatrix]]
| -1 | -0.000348455 | -8.77458e-15 | 
| -0.000348455 | 1 | -1.52877e-18 | 
| -8.77458e-15 | -1.52877e-18 | 1 | 
===========================QR SECTION==========================
Vector x at 1 iter: 

Vector contents:
| 4041.12 |
| -4.65816e-08 |
Alpha 4041.12 at 1 iter: 

Vector u at 1 iter: 

Vector contents:
| 8082.24 |
| -4.65816e-08 |
Vector v at 1 iter: 

Vector contents:
| 1 |
| -5.76345e-12 |
Q_tmp at 1 iter: 

[[cMatrix]]
| -1 | 1.15269e-11 | 
| 1.15269e-11 | 1 | 
Q_heap(1)

[[cMatrix]]
| 1 | 0 | 0 | 
| 0 | -1 | 1.15269e-11 | 
| 0 | 1.15269e-11 | 1 | 
===========================QR SECTION==========================
Vector x at 0 iter: 

Vector contents:
| 8850.63 |
| 1.40815 |
| -3.16011e-12 |
Alpha 8850.63 at 0 iter: 

Vector u at 0 iter: 

Vector contents:
| 17701.3 |
| 1.40815 |
| -3.16011e-12 |
Vector v at 0 iter: 

Vector contents:
| 1 |
| 7.95508e-05 |
| -1.78525e-16 |
Q_tmp at 0 iter: 

[[cMatrix]]
| -1 | -0.000159102 | 3.57049e-16 | 
| -0.000159102 | 1 | 2.84035e-20 | 
| 3.57049e-16 | 2.84035e-20 | 1 | 
Q_heap(0)

[[cMatrix]]
| -1 | -0.000159102 | 3.57049e-16 | 
| -0.000159102 | 1 | 2.84035e-20 | 
| 3.57049e-16 | 2.84035e-20 | 1 | 
===========================QR SECTION==========================
Vector x at 1 iter: 

Vector contents:
| 4041.12 |
| 4.15134e-09 |
Alpha 4041.12 at 1 iter: 

Vector u at 1 iter: 

Vector contents:
| 8082.24 |
| 4.15134e-09 |
Vector v at 1 iter: 

Vector contents:
| 1 |
| 5.13638e-13 |
Q_tmp at 1 iter: 

[[cMatrix]]
| -1 | -1.02728e-12 | 
| -1.02728e-12 | 1 | 
Q_heap(1)

[[cMatrix]]
| 1 | 0 | 0 | 
| 0 | -1 | -1.02728e-12 | 
| 0 | -1.02728e-12 | 1 | 
===========================QR SECTION==========================
Vector x at 0 iter: 

Vector contents:
| 8850.63 |
| 0.642948 |
| 1.28589e-13 |
Alpha 8850.63 at 0 iter: 

Vector u at 0 iter: 

Vector contents:
| 17701.3 |
| 0.642948 |
| 1.28589e-13 |
Vector v at 0 iter: 

Vector contents:
| 1 |
| 3.63222e-05 |
| 7.2644e-18 |
Q_tmp at 0 iter: 

[[cMatrix]]
| -1 | -7.26444e-05 | -1.45288e-17 | 
| -7.26444e-05 | 1 | -5.27718e-22 | 
| -1.45288e-17 | -5.27718e-22 | 1 | 
Q_heap(0)

[[cMatrix]]
| -1 | -7.26444e-05 | -1.45288e-17 | 
| -7.26444e-05 | 1 | -5.27718e-22 | 
| -1.45288e-17 | -5.27718e-22 | 1 | 
===========================QR SECTION==========================
Vector x at 1 iter: 

Vector contents:
| 4041.12 |
| -3.69967e-10 |
Alpha 4041.12 at 1 iter: 

Vector u at 1 iter: 

Vector contents:
| 8082.24 |
| -3.69967e-10 |
Vector v at 1 iter: 

Vector contents:
| 1 |
| -4.57753e-14 |
Q_tmp at 1 iter: 

[[cMatrix]]
| -1 | 9.15506e-14 | 
| 9.15506e-14 | 1 | 
Q_heap(1)

[[cMatrix]]
| 1 | 0 | 0 | 
| 0 | -1 | 9.15506e-14 | 
| 0 | 9.15506e-14 | 1 | 
===========================EIGEN SECTION==========================
Eigenvalue matrix after 12 iterations of the QR algorithm
[[cMatrix]]
| 8850.63 | 0.642948 | 1.28874e-13 | 
| 0.642948 | 4041.12 | -3.69967e-10 | 
| 1.28589e-13 | -3.69967e-10 | 360.144 | 
Eigenvector matrix Q_0:
[[cMatrix]]
| -0.821332 | 0.330006 | -0.465306 | 
| -0.301957 | -0.943544 | -0.136187 | 
| -0.483979 | 0.0286476 | 0.874611 | 
Eigenvector matrix after multiplying by Q_1:
[[cMatrix]]
| 0.667086 | -0.554375 | -0.497659 | 
| 0.573689 | 0.808437 | -0.13157 | 
| 0.475265 | -0.197733 | 0.857336 | 
Eigenvector matrix Q_1
[[cMatrix]]
| -0.951147 | 0.306911 | 0.0335395 | 
| -0.307543 | -0.951408 | -0.0155277 | 
| 0.0271441 | -0.025084 | 0.999317 | 
Number of iterations: 12
Eigenvector matrix after multiplying by Q_2:
[[cMatrix]]
| -0.5608 | 0.659833 | -0.500124 | 
| -0.704479 | -0.697631 | -0.130463 | 
| -0.434986 | 0.279163 | 0.856069 | 
Eigenvector matrix Q_2
[[cMatrix]]
| -0.984987 | 0.172619 | -0.00161143 | 
| -0.172622 | -0.984985 | 0.00251211 | 
| -0.0011536 | 0.00275257 | 0.999996 | 
Number of iterations: 12
Eigenvector matrix after multiplying by Q_3:
[[cMatrix]]
| 0.504057 | -0.703988 | -0.500328 | 
| 0.759962 | 0.636765 | -0.130337 | 
| 0.410347 | -0.314533 | 0.85597 | 
Eigenvector matrix Q_3
[[cMatrix]]
| -0.996547 | 0.083026 | 6.84295e-05 | 
| -0.083026 | -0.996547 | -0.000250639 | 
| 4.73837e-05 | -0.000255455 | 1 | 
Number of iterations: 12
Eigenvector matrix after multiplying by Q_4:
[[cMatrix]]
| -0.476693 | 0.722785 | -0.500346 | 
| -0.783818 | -0.607162 | -0.130324 | 
| -0.397987 | 0.330055 | 0.855961 | 
Eigenvector matrix Q_4
[[cMatrix]]
| -0.999265 | 0.0383416 | -2.81071e-06 | 
| -0.0383416 | -0.999265 | 2.2866e-05 | 
| -1.93192e-06 | 2.2957e-05 | 1 | 
Number of iterations: 12
Eigenvector matrix after multiplying by Q_5:
[[cMatrix]]
| 0.463936 | -0.731038 | -0.500347 | 
| 0.794351 | 0.593314 | -0.130323 | 
| 0.392134 | -0.33699 | 0.855961 | 
Eigenvector matrix Q_5
[[cMatrix]]
| -0.999846 | 0.0175483 | 1.14598e-07 | 
| -0.0175483 | -0.999846 | -2.04778e-06 | 
| 7.86448e-08 | -2.04948e-06 | 1 | 
Number of iterations: 12
Eigenvector matrix after multiplying by Q_6:
[[cMatrix]]
| -0.458061 | 0.734733 | -0.500347 | 
| -0.799082 | -0.586927 | -0.130323 | 
| -0.38942 | 0.340123 | 0.855961 | 
Eigenvector matrix Q_6
[[cMatrix]]
| -0.999968 | 0.00801641 | -4.66505e-09 | 
| -0.00801641 | -0.999968 | 1.82684e-07 | 
| -3.20044e-09 | 1.82715e-07 | 1 | 
Number of iterations: 12
Eigenvector matrix after multiplying by Q_7:
[[cMatrix]]
| 0.455368 | -0.736405 | -0.500347 | 
| 0.801225 | 0.583998 | -0.130323 | 
| 0.388172 | -0.341546 | 0.855961 | 
Eigenvector matrix Q_7
[[cMatrix]]
| -0.999993 | 0.0036606 | 1.89843e-10 | 
| -0.0036606 | -0.999993 | -1.62842e-08 | 
| 1.30232e-10 | -1.62848e-08 | 1 | 
Number of iterations: 12
Eigenvector matrix after multiplying by Q_8:
[[cMatrix]]
| -0.454137 | 0.737165 | -0.500347 | 
| -0.8022 | -0.582658 | -0.130323 | 
| -0.387601 | 0.342194 | 0.855961 | 
Eigenvector matrix Q_8
[[cMatrix]]
| -0.999999 | 0.00167143 | -7.72512e-12 | 
| -0.00167143 | -0.999999 | 1.45131e-09 | 
| -5.29935e-12 | 1.45132e-09 | 1 | 
Number of iterations: 12
Eigenvector matrix after multiplying by Q_9:
[[cMatrix]]
| 0.453574 | -0.737512 | -0.500347 | 
| 0.802645 | 0.582046 | -0.130323 | 
| 0.38734 | -0.34249 | 0.855961 | 
Eigenvector matrix Q_9
[[cMatrix]]
| -1 | 0.000763166 | 3.14347e-13 | 
| -0.000763166 | -1 | -1.29341e-10 | 
| 2.15638e-13 | -1.29342e-10 | 1 | 
Number of iterations: 12
Eigenvector matrix after multiplying by Q_10:
[[cMatrix]]
| -0.453317 | 0.73767 | -0.500347 | 
| -0.802848 | -0.581766 | -0.130323 | 
| -0.38722 | 0.342625 | 0.855961 | 
Eigenvector matrix Q_10
[[cMatrix]]
| -1 | 0.000348455 | -1.27912e-14 | 
| -0.000348455 | -1 | 1.15269e-11 | 
| -8.77458e-15 | 1.15269e-11 | 1 | 
Number of iterations: 12
Eigenvector matrix after multiplying by Q_11:
[[cMatrix]]
| 0.4532 | -0.737742 | -0.500347 | 
| 0.80294 | 0.581638 | -0.130323 | 
| 0.387166 | -0.342687 | 0.855961 | 
Eigenvector matrix Q_11
[[cMatrix]]
| -1 | 0.000159102 | 5.2049e-16 | 
| -0.000159102 | -1 | -1.02728e-12 | 
| 3.57049e-16 | -1.02728e-12 | 1 | 
Number of iterations: 12
Eigenvector matrix after multiplying by Q_12:
[[cMatrix]]
| -0.453146 | 0.737775 | -0.500347 | 
| -0.802982 | -0.58158 | -0.130323 | 
| -0.387141 | 0.342715 | 0.855961 | 
Eigenvector matrix Q_12
[[cMatrix]]
| -1 | 7.26444e-05 | -2.11794e-17 | 
| -7.26444e-05 | -1 | 9.15506e-14 | 
| -1.45288e-17 | 9.15506e-14 | 1 | 
Number of iterations: 12
===========================SVD SECTION==========================
A*A' = 
[[cMatrix]]
| 4106.99 | 1509.91 | 2420.09 | 
| 1509.91 | 7079.95 | 1905.72 | 
| 2420.09 | 1905.72 | 2064.95 | 

Eigenvectors of A*A' (U) = 

[[cMatrix]]
| -0.453146 | 0.737775 | -0.500347 | 
| -0.802982 | -0.58158 | -0.130323 | 
| -0.387141 | 0.342715 | 0.855961 | 

Singular values of A'*A (S) = 

[[cMatrix]]
| 94.0778 | 0 | 0 | 
| 0 | 63.5698 | 0 | 
| 0 | 0 | 18.9775 | 

Eigenvectors of A'*A (V) = 

[[cMatrix]]
| -0.784722 | 0.192438 | 0.589207 | 
| 0.348853 | -0.648572 | 0.676487 | 
| 0.512361 | 0.736425 | 0.441816 | 


Q_U = 
[[cMatrix]]
| -1 | 7.26444e-05 | -2.11794e-17 | 
| -7.26444e-05 | -1 | 9.15506e-14 | 
| -1.45288e-17 | 9.15506e-14 | 1 | 
Q_U iter = 12
Q_V = 
[[cMatrix]]
| 0 | 0 | 0 | 0 | 
| 0 | 0 | 0 | 0 | 
| 0 | 0 | 0 | 0 | 
| 0 | 0 | 0 | 0 | 
Q_V iter = 2685004



Original matrix A = U*S*V' = 
[[cMatrix]]
| 36.8841 | -51.7135 | 8.50086 | 
| 50.7082 | -4.04809 | -67.0242 | 
| 42.3442 | -15.8469 | 4.55994 | 
===========================KABSCH SECTION==========================

Centroid of A = 
Vector contents:
| 2.875 |
| 3.875 |
| 5.125 |

Centroid of B = 
Vector contents:
| -2.73378 |
| -3.29494 |
| 5.58719 |

A - centroidA =
[[cMatrix]]
| -2.875 | 1.125 | 1.125 | -2.875 | 6.125 | -2.875 | 1.125 | -0.875 | 
| 0.125 | -3.875 | -2.875 | 4.125 | -0.875 | 1.125 | 2.125 | 0.125 | 
| 3.875 | 1.875 | -2.125 | -4.125 | -3.125 | 2.875 | 1.875 | -1.125 | 

B - centroidB =
[[cMatrix]]
| -0.355831 | 4.17543 | 2.84005 | -4.97673 | 1.81373 | -1.42098 | -1.67501 | -0.400651 | 
| -4.74482 | -1.22031 | 2.37766 | 2.46894 | 5.49975 | -3.83864 | -1.16686 | 0.624306 | 
| -0.810515 | 0.934625 | -0.572485 | -3.38133 | 3.8092 | -1.02101 | 2.26488 | -1.22336 | 

H = 
[[cMatrix]]
| 36.8841 | -51.7135 | 8.50086 | 
| 50.7082 | -4.04809 | -67.0242 | 
| 42.3442 | -15.8469 | 4.55995 | 

Det of R = 1

Rotation matrix = 
[[cMatrix]]
| 0.202761 | 0.441412 | 0.874087 | 
| -0.975059 | 0.0089122 | 0.221716 | 
| 0.0900802 | -0.897286 | 0.432205 | 

R * B = 
[[cMatrix]]
| -7.04754e-05 | 3.99986 | 3.99994 | 0.000112697 | 8.99995 | -3.79563e-05 | 3.99997 | 1.99998 | 
| 3.99997 | 5.43947e-05 | 1.00005 | 7.99992 | 3.00008 | 4.99995 | 5.99999 | 3.99999 | 
| 9.00015 | 7.0001 | 3.00002 | 0.999978 | 1.99995 | 8.00012 | 7.00007 | 4.00004 | 

Translation matrix = 
Vector contents:
| 3.6617e-05 |
| 4.71831e-07 |
| -5.31605e-05 |

Result of the algorithm: 

R * B + t = A
[[cMatrix]]
| -3.38583e-05 | 3.9999 | 3.99998 | 0.000149314 | 8.99999 | -1.33925e-06 | 4 | 2.00002 | 
| 3.99997 | 5.48665e-05 | 1.00005 | 7.99992 | 3.00008 | 4.99996 | 5.99999 | 3.99999 | 
| 9.0001 | 7.00004 | 2.99996 | 0.999924 | 1.9999 | 8.00007 | 7.00002 | 3.99999 | 

Original matrix A = 
[[cMatrix]]
| 0 | 4 | 4 | 0 | 9 | 0 | 4 | 2 | 
| 4 | 0 | 1 | 8 | 3 | 5 | 6 | 4 | 
| 9 | 7 | 3 | 1 | 2 | 8 | 7 | 4 | 

Transformed matrix B = 
[[cMatrix]]
| -3.08961 | 1.44165 | 0.10627 | -7.71051 | -0.92005 | -4.15476 | -4.40879 | -3.13443 | 
| -8.03976 | -4.51525 | -0.91728 | -0.826 | 2.20481 | -7.13358 | -4.4618 | -2.67063 | 
| 4.77668 | 6.52182 | 5.01471 | 2.20586 | 9.3964 | 4.56618 | 7.85207 | 4.36384 | 
