
Original matrix A = 
[[cMatrix]]
| 7 | 8 | 5 | 0 | 4 | 3 | 1 | 2 | 4 | 1 | 
| 9 | 7 | 8 | 2 | 7 | 1 | 2 | 6 | 0 | 7 | 
| 3 | 8 | 1 | 6 | 4 | 3 | 3 | 7 | 8 | 4 | 

Transformed matrix B = 
[[cMatrix]]
| -6.19311 | -10.9789 | -3.53148 | -5.81949 | -5.87721 | -3.93706 | -3.36297 | -7.8805 | -8.83364 | -4.84989 | 
| -5.81571 | -3.72182 | -5.58082 | -2.01565 | -5.10687 | 0.11137 | -1.56218 | -5.00599 | 1.27784 | -6.22607 | 
| -8.17453 | -6.52776 | -6.81052 | 1.439 | -4.51423 | -1.86739 | -0.50004 | -1.35565 | -0.57787 | -1.92734 | 
===========================QR SECTION==========================
Vector x at 0 iter: 

Vector contents:
| 3133.65 |
| -104.609 |
| 1252.25 |
Alpha 3376.22 at 0 iter: 

Vector u at 0 iter: 

Vector contents:
| 6509.87 |
| -104.609 |
| 1252.25 |
Vector v at 0 iter: 

Vector contents:
| 0.981874 |
| -0.015778 |
| 0.188875 |
Q_tmp at 0 iter: 

[[cMatrix]]
| -0.928155 | 0.030984 | -0.370903 | 
| 0.030984 | 0.999502 | 0.00596012 | 
| -0.370903 | 0.00596012 | 0.928653 | 
Q_heap(0)

[[cMatrix]]
| -0.928155 | 0.030984 | -0.370903 | 
| 0.030984 | 0.999502 | 0.00596012 | 
| -0.370903 | 0.00596012 | 0.928653 | 
===========================QR SECTION==========================
Vector x at 1 iter: 

Vector contents:
| 6129.42 |
| 6567.01 |
Alpha 8983.06 at 1 iter: 

Vector u at 1 iter: 

Vector contents:
| 15112.5 |
| 6567.01 |
Vector v at 1 iter: 

Vector contents:
| 0.917151 |
| 0.398541 |
Q_tmp at 1 iter: 

[[cMatrix]]
| -0.68233 | -0.731044 | 
| -0.731044 | 0.68233 | 
Q_heap(1)

[[cMatrix]]
| 1 | 0 | 0 | 
| 0 | -0.68233 | -0.731044 | 
| 0 | -0.731044 | 0.68233 | 
===========================QR SECTION==========================
Vector x at 0 iter: 

Vector contents:
| 4892.04 |
| 4108.67 |
| -497.458 |
Alpha 6407.86 at 0 iter: 

Vector u at 0 iter: 

Vector contents:
| 11299.9 |
| 4108.67 |
| -497.458 |
Vector v at 0 iter: 

Vector contents:
| 0.939 |
| 0.341423 |
| -0.0413378 |
Q_tmp at 0 iter: 

[[cMatrix]]
| -0.763443 | -0.641192 | 0.0776325 | 
| -0.641192 | 0.766861 | 0.0282274 | 
| 0.0776325 | 0.0282274 | 0.996582 | 
Q_heap(0)

[[cMatrix]]
| -0.763443 | -0.641192 | 0.0776325 | 
| -0.641192 | 0.766861 | 0.0282274 | 
| 0.0776325 | 0.0282274 | 0.996582 | 
===========================QR SECTION==========================
Vector x at 1 iter: 

Vector contents:
| 8262.41 |
| -191.832 |
Alpha 8264.63 at 1 iter: 

Vector u at 1 iter: 

Vector contents:
| 16527 |
| -191.832 |
Vector v at 1 iter: 

Vector contents:
| 0.999933 |
| -0.0116064 |
Q_tmp at 1 iter: 

[[cMatrix]]
| -0.999731 | 0.0232112 | 
| 0.0232112 | 0.999731 | 
Q_heap(1)

[[cMatrix]]
| 1 | 0 | 0 | 
| 0 | -0.999731 | 0.0232112 | 
| 0 | 0.0232112 | 0.999731 | 
===========================QR SECTION==========================
Vector x at 0 iter: 

Vector contents:
| 12884.9 |
| 5328.53 |
| 59.6291 |
Alpha 13943.4 at 0 iter: 

Vector u at 0 iter: 

Vector contents:
| 26828.3 |
| 5328.53 |
| 59.6291 |
Vector v at 0 iter: 

Vector contents:
| 0.980838 |
| 0.19481 |
| 0.00218003 |
Q_tmp at 0 iter: 

[[cMatrix]]
| -0.924088 | -0.382155 | -0.00427652 | 
| -0.382155 | 0.924098 | -0.000849386 | 
| -0.00427652 | -0.000849386 | 0.99999 | 
Q_heap(0)

[[cMatrix]]
| -0.924088 | -0.382155 | -0.00427652 | 
| -0.382155 | 0.924098 | -0.000849386 | 
| -0.00427652 | -0.000849386 | 0.99999 | 
===========================QR SECTION==========================
Vector x at 1 iter: 

Vector contents:
| 3812.09 |
| -32.0711 |
Alpha 3812.22 at 1 iter: 

Vector u at 1 iter: 

Vector contents:
| 7624.31 |
| -32.0711 |
Vector v at 1 iter: 

Vector contents:
| 0.999991 |
| -0.00420639 |
Q_tmp at 1 iter: 

[[cMatrix]]
| -0.999965 | 0.0084127 | 
| 0.0084127 | 0.999965 | 
Q_heap(1)

[[cMatrix]]
| 1 | 0 | 0 | 
| 0 | -0.999965 | 0.0084127 | 
| 0 | 0.0084127 | 0.999965 | 
===========================QR SECTION==========================
Vector x at 0 iter: 

Vector contents:
| 15691.2 |
| 1456.72 |
| -3.27262 |
Alpha 15758.6 at 0 iter: 

Vector u at 0 iter: 

Vector contents:
| 31449.8 |
| 1456.72 |
| -3.27262 |
Vector v at 0 iter: 

Vector contents:
| 0.998929 |
| 0.0462692 |
| -0.000103947 |
Q_tmp at 0 iter: 

[[cMatrix]]
| -0.995718 | -0.0924394 | 0.000207671 | 
| -0.0924394 | 0.995718 | 9.61911e-06 | 
| 0.000207671 | 9.61911e-06 | 1 | 
Q_heap(0)

[[cMatrix]]
| -0.995718 | -0.0924394 | 0.000207671 | 
| -0.0924394 | 0.995718 | 9.61911e-06 | 
| 0.000207671 | 9.61911e-06 | 1 | 
===========================QR SECTION==========================
Vector x at 1 iter: 

Vector contents:
| 3373.34 |
| 7.42416 |
Alpha 3373.35 at 1 iter: 

Vector u at 1 iter: 

Vector contents:
| 6746.68 |
| 7.42416 |
Vector v at 1 iter: 

Vector contents:
| 0.999999 |
| 0.00110042 |
Q_tmp at 1 iter: 

[[cMatrix]]
| -0.999998 | -0.00220083 | 
| -0.00220083 | 0.999998 | 
Q_heap(1)

[[cMatrix]]
| 1 | 0 | 0 | 
| 0 | -0.999998 | -0.00220083 | 
| 0 | -0.00220083 | 0.999998 | 
===========================QR SECTION==========================
Vector x at 0 iter: 

Vector contents:
| 15855.3 |
| 311.828 |
| 0.158909 |
Alpha 15858.4 at 0 iter: 

Vector u at 0 iter: 

Vector contents:
| 31713.8 |
| 311.828 |
| 0.158909 |
Vector v at 0 iter: 

Vector contents:
| 0.999952 |
| 0.00983211 |
| 5.01049e-06 |
Q_tmp at 0 iter: 

[[cMatrix]]
| -0.999807 | -0.0196633 | -1.00205e-05 | 
| -0.0196633 | 0.999807 | -9.85273e-08 | 
| -1.00205e-05 | -9.85273e-08 | 1 | 
Q_heap(0)

[[cMatrix]]
| -0.999807 | -0.0196633 | -1.00205e-05 | 
| -0.0196633 | 0.999807 | -9.85273e-08 | 
| -1.00205e-05 | -9.85273e-08 | 1 | 
===========================QR SECTION==========================
Vector x at 1 iter: 

Vector contents:
| 3352.13 |
| -1.69488 |
Alpha 3352.13 at 1 iter: 

Vector u at 1 iter: 

Vector contents:
| 6704.27 |
| -1.69488 |
Vector v at 1 iter: 

Vector contents:
| 1 |
| -0.000252806 |
Q_tmp at 1 iter: 

[[cMatrix]]
| -1 | 0.000505612 | 
| 0.000505612 | 1 | 
Q_heap(1)

[[cMatrix]]
| 1 | 0 | 0 | 
| 0 | -1 | 0.000505612 | 
| 0 | 0.000505612 | 1 | 
===========================QR SECTION==========================
Vector x at 0 iter: 

Vector contents:
| 15862.8 |
| 65.9139 |
| -0.0076676 |
Alpha 15862.9 at 0 iter: 

Vector u at 0 iter: 

Vector contents:
| 31725.7 |
| 65.9139 |
| -0.0076676 |
Vector v at 0 iter: 

Vector contents:
| 0.999998 |
| 0.00207761 |
| -2.41684e-07 |
Q_tmp at 0 iter: 

[[cMatrix]]
| -0.999991 | -0.00415522 | 4.83366e-07 | 
| -0.00415522 | 0.999991 | 1.00425e-09 | 
| 4.83366e-07 | 1.00425e-09 | 1 | 
Q_heap(0)

[[cMatrix]]
| -0.999991 | -0.00415522 | 4.83366e-07 | 
| -0.00415522 | 0.999991 | 1.00425e-09 | 
| 4.83366e-07 | 1.00425e-09 | 1 | 
===========================QR SECTION==========================
Vector x at 1 iter: 

Vector contents:
| 3351.18 |
| 0.387001 |
Alpha 3351.18 at 1 iter: 

Vector u at 1 iter: 

Vector contents:
| 6702.37 |
| 0.387001 |
Vector v at 1 iter: 

Vector contents:
| 1 |
| 5.77409e-05 |
Q_tmp at 1 iter: 

[[cMatrix]]
| -1 | -0.000115482 | 
| -0.000115482 | 1 | 
Q_heap(1)

[[cMatrix]]
| 1 | 0 | 0 | 
| 0 | -1 | -0.000115482 | 
| 0 | -0.000115482 | 1 | 
===========================QR SECTION==========================
Vector x at 0 iter: 

Vector contents:
| 15863.1 |
| 13.9249 |
| 0.000369868 |
Alpha 15863.1 at 0 iter: 

Vector u at 0 iter: 

Vector contents:
| 31726.2 |
| 13.9249 |
| 0.000369868 |
Vector v at 0 iter: 

Vector contents:
| 1 |
| 0.000438908 |
| 1.16581e-08 |
Q_tmp at 0 iter: 

[[cMatrix]]
| -1 | -0.000877817 | -2.33162e-08 | 
| -0.000877817 | 1 | -1.02337e-11 | 
| -2.33162e-08 | -1.02337e-11 | 1 | 
Q_heap(0)

[[cMatrix]]
| -1 | -0.000877817 | -2.33162e-08 | 
| -0.000877817 | 1 | -1.02337e-11 | 
| -2.33162e-08 | -1.02337e-11 | 1 | 
===========================QR SECTION==========================
Vector x at 1 iter: 

Vector contents:
| 3351.14 |
| -0.0883668 |
Alpha 3351.14 at 1 iter: 

Vector u at 1 iter: 

Vector contents:
| 6702.28 |
| -0.0883668 |
Vector v at 1 iter: 

Vector contents:
| 1 |
| -1.31846e-05 |
Q_tmp at 1 iter: 

[[cMatrix]]
| -1 | 2.63692e-05 | 
| 2.63692e-05 | 1 | 
Q_heap(1)

[[cMatrix]]
| 1 | 0 | 0 | 
| 0 | -1 | 2.63692e-05 | 
| 0 | 2.63692e-05 | 1 | 
===========================QR SECTION==========================
Vector x at 0 iter: 

Vector contents:
| 15863.1 |
| 2.94169 |
| -1.78414e-05 |
Alpha 15863.1 at 0 iter: 

Vector u at 0 iter: 

Vector contents:
| 31726.2 |
| 2.94169 |
| -1.78414e-05 |
Vector v at 0 iter: 

Vector contents:
| 1 |
| 9.27209e-05 |
| -5.62354e-10 |
Q_tmp at 0 iter: 

[[cMatrix]]
| -1 | -0.000185442 | 1.12471e-09 | 
| -0.000185442 | 1 | 1.04284e-13 | 
| 1.12471e-09 | 1.04284e-13 | 1 | 
Q_heap(0)

[[cMatrix]]
| -1 | -0.000185442 | 1.12471e-09 | 
| -0.000185442 | 1 | 1.04284e-13 | 
| 1.12471e-09 | 1.04284e-13 | 1 | 
===========================QR SECTION==========================
Vector x at 1 iter: 

Vector contents:
| 3351.14 |
| 0.0201775 |
Alpha 3351.14 at 1 iter: 

Vector u at 1 iter: 

Vector contents:
| 6702.28 |
| 0.0201775 |
Vector v at 1 iter: 

Vector contents:
| 1 |
| 3.01054e-06 |
Q_tmp at 1 iter: 

[[cMatrix]]
| -1 | -6.02108e-06 | 
| -6.02108e-06 | 1 | 
Q_heap(1)

[[cMatrix]]
| 1 | 0 | 0 | 
| 0 | -1 | -6.02108e-06 | 
| 0 | -6.02108e-06 | 1 | 
===========================QR SECTION==========================
Vector x at 0 iter: 

Vector contents:
| 15863.1 |
| 0.621442 |
| 8.60616e-07 |
Alpha 15863.1 at 0 iter: 

Vector u at 0 iter: 

Vector contents:
| 31726.2 |
| 0.621442 |
| 8.60616e-07 |
Vector v at 0 iter: 

Vector contents:
| 1 |
| 1.95876e-05 |
| 2.71263e-11 |
Q_tmp at 0 iter: 

[[cMatrix]]
| -1 | -3.91752e-05 | -5.42526e-11 | 
| -3.91752e-05 | 1 | -1.06268e-15 | 
| -5.42526e-11 | -1.06268e-15 | 1 | 
Q_heap(0)

[[cMatrix]]
| -1 | -3.91752e-05 | -5.42526e-11 | 
| -3.91752e-05 | 1 | -1.06268e-15 | 
| -5.42526e-11 | -1.06268e-15 | 1 | 
===========================QR SECTION==========================
Vector x at 1 iter: 

Vector contents:
| 3351.14 |
| -0.00460728 |
Alpha 3351.14 at 1 iter: 

Vector u at 1 iter: 

Vector contents:
| 6702.28 |
| -0.00460728 |
Vector v at 1 iter: 

Vector contents:
| 1 |
| -6.8742e-07 |
Q_tmp at 1 iter: 

[[cMatrix]]
| -1 | 1.37484e-06 | 
| 1.37484e-06 | 1 | 
Q_heap(1)

[[cMatrix]]
| 1 | 0 | 0 | 
| 0 | -1 | 1.37484e-06 | 
| 0 | 1.37484e-06 | 1 | 
===========================QR SECTION==========================
Vector x at 0 iter: 

Vector contents:
| 15863.1 |
| 0.131282 |
| -4.15137e-08 |
Alpha 15863.1 at 0 iter: 

Vector u at 0 iter: 

Vector contents:
| 31726.2 |
| 0.131282 |
| -4.15137e-08 |
Vector v at 0 iter: 

Vector contents:
| 1 |
| 4.13795e-06 |
| -1.3085e-12 |
Q_tmp at 0 iter: 

[[cMatrix]]
| -1 | -8.2759e-06 | 2.61699e-12 | 
| -8.2759e-06 | 1 | 1.0829e-17 | 
| 2.61699e-12 | 1.0829e-17 | 1 | 
Q_heap(0)

[[cMatrix]]
| -1 | -8.2759e-06 | 2.61699e-12 | 
| -8.2759e-06 | 1 | 1.0829e-17 | 
| 2.61699e-12 | 1.0829e-17 | 1 | 
===========================QR SECTION==========================
Vector x at 1 iter: 

Vector contents:
| 3351.14 |
| 0.00105202 |
Alpha 3351.14 at 1 iter: 

Vector u at 1 iter: 

Vector contents:
| 6702.28 |
| 0.00105202 |
Vector v at 1 iter: 

Vector contents:
| 1 |
| 1.56964e-07 |
Q_tmp at 1 iter: 

[[cMatrix]]
| -1 | -3.13928e-07 | 
| -3.13928e-07 | 1 | 
Q_heap(1)

[[cMatrix]]
| 1 | 0 | 0 | 
| 0 | -1 | -3.13928e-07 | 
| 0 | -3.13928e-07 | 1 | 
===========================EIGEN SECTION==========================
Eigenvalue matrix after 9 iterations of the QR algorithm
[[cMatrix]]
| 15863.1 | 0.131282 | -4.15137e-08 | 
| 0.131282 | 3351.14 | 0.00105202 | 
| -4.15137e-08 | 0.00105202 | 765.191 | 
Eigenvector matrix Q_0:
[[cMatrix]]
| -0.928155 | 0.250005 | -0.275729 | 
| 0.030984 | -0.686348 | -0.726613 | 
| -0.370903 | -0.682953 | 0.629291 | 
Eigenvector matrix after multiplying by Q_1:
[[cMatrix]]
| 0.526887 | -0.786738 | -0.32161 | 
| 0.360018 | 0.549356 | -0.754053 | 
| 0.76992 | 0.281515 | 0.572688 | 
Eigenvector matrix Q_1
[[cMatrix]]
| -0.763443 | 0.642822 | 0.0627287 | 
| -0.641192 | -0.765999 | 0.0460195 | 
| 0.0776325 | -0.00508792 | 0.996969 | 
Number of iterations: 9
Eigenvector matrix after multiplying by Q_2:
[[cMatrix]]
| -0.184858 | 0.925351 | -0.330988 | 
| -0.539403 | -0.377064 | -0.752906 | 
| -0.821506 | 0.0393549 | 0.56884 | 
Eigenvector matrix Q_2
[[cMatrix]]
| -0.924088 | 0.382106 | -0.00749133 | 
| -0.382155 | -0.924072 | 0.0069248 | 
| -0.00427652 | 0.00926198 | 0.999948 | 
Number of iterations: 9
Eigenvector matrix after multiplying by Q_3:
[[cMatrix]]
| 0.0984593 | -0.937743 | -0.333082 | 
| 0.571792 | 0.327251 | -0.752303 | 
| 0.814469 | -0.116383 | 0.568415 | 
Eigenvector matrix Q_3
[[cMatrix]]
| -0.995718 | 0.0924387 | 0.000411114 | 
| -0.0924394 | -0.995716 | -0.00218179 | 
| 0.000207671 | -0.00221045 | 0.999998 | 
Number of iterations: 9
Eigenvector matrix after multiplying by Q_4:
[[cMatrix]]
| -0.0799979 | 0.939329 | -0.333558 | 
| -0.578109 | -0.316325 | -0.752149 | 
| -0.812029 | 0.132663 | 0.56834 | 
Eigenvector matrix Q_4
[[cMatrix]]
| -0.999807 | 0.0196633 | -1.99625e-05 | 
| -0.0196633 | -0.999807 | 0.000505416 | 
| -1.00205e-05 | 0.000505711 | 1 | 
Number of iterations: 9
Eigenvector matrix after multiplying by Q_5:
[[cMatrix]]
| 0.0760939 | -0.939615 | -0.333667 | 
| 0.579418 | 0.314007 | -0.752113 | 
| 0.811471 | -0.136101 | 0.568324 | 
Eigenvector matrix Q_5
[[cMatrix]]
| -0.999991 | 0.00415522 | 9.63219e-07 | 
| -0.00415522 | -0.999991 | -0.00011548 | 
| 4.83366e-07 | -0.000115483 | 1 | 
Number of iterations: 9
Eigenvector matrix after multiplying by Q_6:
[[cMatrix]]
| -0.075269 | 0.939673 | -0.333692 | 
| -0.579693 | -0.313518 | -0.752105 | 
| -0.811351 | 0.136829 | 0.56832 | 
Eigenvector matrix Q_6
[[cMatrix]]
| -1 | 0.000877817 | -4.64635e-08 | 
| -0.000877817 | -1 | 2.63692e-05 | 
| -2.33162e-08 | 2.63692e-05 | 1 | 
Number of iterations: 9
Eigenvector matrix after multiplying by Q_7:
[[cMatrix]]
| 0.0750948 | -0.939684 | -0.333697 | 
| 0.579752 | 0.313415 | -0.752103 | 
| 0.811325 | -0.136982 | 0.568319 | 
Eigenvector matrix Q_7
[[cMatrix]]
| -1 | 0.000185442 | 2.24127e-09 | 
| -0.000185442 | -1 | -6.02108e-06 | 
| 1.12471e-09 | -6.02108e-06 | 1 | 
Number of iterations: 9
Eigenvector matrix after multiplying by Q_8:
[[cMatrix]]
| -0.075058 | 0.939687 | -0.333699 | 
| -0.579764 | -0.313393 | -0.752103 | 
| -0.81132 | 0.137015 | 0.568319 | 
Eigenvector matrix Q_8
[[cMatrix]]
| -1 | 3.91752e-05 | -1.08112e-10 | 
| -3.91752e-05 | -1 | 1.37484e-06 | 
| -5.42526e-11 | 1.37484e-06 | 1 | 
Number of iterations: 9
Eigenvector matrix after multiplying by Q_9:
[[cMatrix]]
| 0.0750502 | -0.939687 | -0.333699 | 
| 0.579766 | 0.313389 | -0.752103 | 
| 0.811319 | -0.137022 | 0.568319 | 
Eigenvector matrix Q_9
[[cMatrix]]
| -1 | 8.2759e-06 | 5.21503e-12 | 
| -8.2759e-06 | -1 | -3.13928e-07 | 
| 2.61699e-12 | -3.13928e-07 | 1 | 
Number of iterations: 9
===========================SVD SECTION==========================
A*A' = 
[[cMatrix]]
| 3133.65 | -104.609 | 1252.25 | 
| -104.609 | 6094.03 | 6990.66 | 
| 1252.25 | 6990.66 | 10751.8 | 

Eigenvectors of A*A' (U) = 

[[cMatrix]]
| 0.0750502 | -0.939687 | -0.333699 | 
| 0.579766 | 0.313389 | -0.752103 | 
| 0.811319 | -0.137022 | 0.568319 | 

Singular values of A'*A (S) = 

[[cMatrix]]
| 125.949 | 0 | 0 | 
| 0 | 57.889 | 0 | 
| 0 | 0 | 27.6621 | 

Eigenvectors of A'*A (V) = 

[[cMatrix]]
| -0.509007 | 0.556853 | -0.656373 | 
| -0.835838 | -0.137589 | 0.531455 | 
| 0.205636 | 0.819136 | 0.535473 | 


Q_U = 
[[cMatrix]]
| -1 | 8.2759e-06 | 5.21503e-12 | 
| -8.2759e-06 | -1 | -3.13928e-07 | 
| 2.61699e-12 | -3.13928e-07 | 1 | 
Q_U iter = 9
Q_V = 
[[cMatrix]]
| 0 | 0 | 0 | 0 | 
| 0 | 0 | 0 | 0 | 
| 0 | 0 | 0 | 0 | 
| 0 | 0 | 0 | 0 | 
Q_V iter = 2685004



Original matrix A = U*S*V' = 
[[cMatrix]]
| -29.044 | -5.32201 | -47.5581 | 
| -13.4102 | -74.5866 | 18.7359 | 
| -66.7485 | -75.9636 | 22.9335 | 
===========================KABSCH SECTION==========================

Centroid of A = 
Vector contents:
| 3.5 |
| 4.9 |
| 4.7 |

Centroid of B = 
Vector contents:
| -6.12643 |
| -3.36459 |
| -3.08163 |

A - centroidA =
[[cMatrix]]
| 3.5 | 4.5 | 1.5 | -3.5 | 0.5 | -0.5 | -2.5 | -1.5 | 0.5 | -2.5 | 
| 4.1 | 2.1 | 3.1 | -2.9 | 2.1 | -3.9 | -2.9 | 1.1 | -4.9 | 2.1 | 
| -1.7 | 3.3 | -3.7 | 1.3 | -0.7 | -1.7 | -1.7 | 2.3 | 3.3 | -0.7 | 

B - centroidB =
[[cMatrix]]
| -0.066684 | -4.85248 | 2.59495 | 0.306936 | 0.249216 | 2.18937 | 2.76346 | -1.75407 | -2.70721 | 1.27654 | 
| -2.45112 | -0.35723 | -2.21623 | 1.34894 | -1.74228 | 3.47596 | 1.80241 | -1.6414 | 4.64243 | -2.86148 | 
| -5.0929 | -3.44613 | -3.72889 | 4.52063 | -1.4326 | 1.21424 | 2.58159 | 1.72598 | 2.50376 | 1.15429 | 

H = 
[[cMatrix]]
| -29.044 | -5.32201 | -47.5581 | 
| -13.4102 | -74.5866 | 18.7359 | 
| -66.7485 | -75.9636 | 22.9335 | 

Det of R = 1

Rotation matrix = 
[[cMatrix]]
| -0.342438 | 0.373066 | -0.862297 | 
| -0.110785 | -0.927419 | -0.357243 | 
| -0.932986 | -0.0268016 | 0.358916 | 

R * B = 
[[cMatrix]]
| 6.99999 | 7.99998 | 4.99999 | -1.68291e-06 | 3.99999 | 2.99999 | 0.999996 | 1.99999 | 3.99999 | 0.999993 | 
| 8.99999 | 6.99998 | 8 | 1.99999 | 6.99999 | 0.999993 | 2 | 5.99999 | -1.65585e-05 | 7 | 
| 2.99999 | 8 | 0.999993 | 6 | 4 | 3 | 3 | 7 | 8.00001 | 3.99999 | 

Translation matrix = 
Vector contents:
| 9.72737e-06 |
| 8.70977e-06 |
| 2.02191e-06 |

Result of the algorithm: 

R * B + t = A
[[cMatrix]]
| 7 | 7.99999 | 5 | 8.04446e-06 | 4 | 3 | 1.00001 | 2 | 4 | 1 | 
| 9 | 6.99999 | 8.00001 | 2 | 7 | 1 | 2.00001 | 6 | -7.84871e-06 | 7.00001 | 
| 2.99999 | 8 | 0.999995 | 6.00001 | 4 | 3 | 3 | 7 | 8.00001 | 4 | 

Original matrix A = 
[[cMatrix]]
| 7 | 8 | 5 | 0 | 4 | 3 | 1 | 2 | 4 | 1 | 
| 9 | 7 | 8 | 2 | 7 | 1 | 2 | 6 | 0 | 7 | 
| 3 | 8 | 1 | 6 | 4 | 3 | 3 | 7 | 8 | 4 | 

Transformed matrix B = 
[[cMatrix]]
| -6.19311 | -10.9789 | -3.53148 | -5.81949 | -5.87721 | -3.93706 | -3.36297 | -7.8805 | -8.83364 | -4.84989 | 
| -5.81571 | -3.72182 | -5.58082 | -2.01565 | -5.10687 | 0.11137 | -1.56218 | -5.00599 | 1.27784 | -6.22607 | 
| -8.17453 | -6.52776 | -6.81052 | 1.439 | -4.51423 | -1.86739 | -0.50004 | -1.35565 | -0.57787 | -1.92734 | 
