
Original matrix A = 
[[cMatrix]]
| 8 | 0 | 1 | 2 | 
| 0 | 3 | 1 | 0 | 
| 5 | 2 | 8 | 4 | 

Transformed matrix B = 
[[cMatrix]]
| 4.48203 | 0.93956 | -1.3955 | 0.19038 | 
| 0.47684 | -3.36473 | -4.23618 | -1.18202 | 
| -8.28758 | -0.8921 | -6.79024 | -4.3089 | 
===========================QR SECTION==========================
Vector x at 0 iter: 

Vector contents:
| 585.906 |
| 504.609 |
| -519.912 |
Alpha 931.785 at 0 iter: 

Vector u at 0 iter: 

Vector contents:
| 1517.69 |
| 504.609 |
| -519.912 |
Vector v at 0 iter: 

Vector contents:
| 0.902441 |
| 0.300048 |
| -0.309147 |
Q_tmp at 0 iter: 

[[cMatrix]]
| -0.628799 | -0.54155 | 0.557974 | 
| -0.54155 | 0.819943 | 0.185518 | 
| 0.557974 | 0.185518 | 0.808856 | 
Q_heap(0)

[[cMatrix]]
| -0.628799 | -0.54155 | 0.557974 | 
| -0.54155 | 0.819943 | 0.185518 | 
| 0.557974 | 0.185518 | 0.808856 | 
===========================QR SECTION==========================
Vector x at 1 iter: 

Vector contents:
| -0.188727 |
| -55.9529 |
Alpha 55.9533 at 1 iter: 

Vector u at 1 iter: 

Vector contents:
| -56.142 |
| -55.9529 |
Vector v at 1 iter: 

Vector contents:
| -0.708298 |
| -0.705913 |
Q_tmp at 1 iter: 

[[cMatrix]]
| -0.00337293 | -0.999994 | 
| -0.999994 | 0.00337293 | 
Q_heap(1)

[[cMatrix]]
| 1 | 0 | 0 | 
| 0 | -0.00337293 | -0.999994 | 
| 0 | -0.999994 | 0.00337293 | 
===========================QR SECTION==========================
Vector x at 0 iter: 

Vector contents:
| 1739 |
| -324.868 |
| -34.9163 |
Alpha 1769.43 at 0 iter: 

Vector u at 0 iter: 

Vector contents:
| 3508.43 |
| -324.868 |
| -34.9163 |
Vector v at 0 iter: 

Vector contents:
| 0.995691 |
| -0.0921973 |
| -0.00990923 |
Q_tmp at 0 iter: 

[[cMatrix]]
| -0.982803 | 0.1836 | 0.0197331 | 
| 0.1836 | 0.982999 | -0.00182721 | 
| 0.0197331 | -0.00182721 | 0.999804 | 
Q_heap(0)

[[cMatrix]]
| -0.982803 | 0.1836 | 0.0197331 | 
| 0.1836 | 0.982999 | -0.00182721 | 
| 0.0197331 | -0.00182721 | 0.999804 | 
===========================QR SECTION==========================
Vector x at 1 iter: 

Vector contents:
| 349.982 |
| 43.4725 |
Alpha 352.671 at 1 iter: 

Vector u at 1 iter: 

Vector contents:
| 702.653 |
| 43.4725 |
Vector v at 1 iter: 

Vector contents:
| 0.998092 |
| 0.0617511 |
Q_tmp at 1 iter: 

[[cMatrix]]
| -0.992374 | -0.123266 | 
| -0.123266 | 0.992374 | 
Q_heap(1)

[[cMatrix]]
| 1 | 0 | 0 | 
| 0 | -0.992374 | -0.123266 | 
| 0 | -0.123266 | 0.992374 | 
===========================QR SECTION==========================
Vector x at 0 iter: 

Vector contents:
| 1812.72 |
| -65.6255 |
| 0.103168 |
Alpha 1813.91 at 0 iter: 

Vector u at 0 iter: 

Vector contents:
| 3626.63 |
| -65.6255 |
| 0.103168 |
Vector v at 0 iter: 

Vector contents:
| 0.999836 |
| -0.0180925 |
| 2.84428e-05 |
Q_tmp at 0 iter: 

[[cMatrix]]
| -0.999345 | 0.0361791 | -5.68763e-05 | 
| 0.0361791 | 0.999345 | 1.0292e-06 | 
| -5.68763e-05 | 1.0292e-06 | 1 | 
Q_heap(0)

[[cMatrix]]
| -0.999345 | 0.0361791 | -5.68763e-05 | 
| 0.0361791 | 0.999345 | 1.0292e-06 | 
| -5.68763e-05 | 1.0292e-06 | 1 | 
===========================QR SECTION==========================
Vector x at 1 iter: 

Vector contents:
| 346.734 |
| -0.630763 |
Alpha 346.735 at 1 iter: 

Vector u at 1 iter: 

Vector contents:
| 693.469 |
| -0.630763 |
Vector v at 1 iter: 

Vector contents:
| 1 |
| -0.000909577 |
Q_tmp at 1 iter: 

[[cMatrix]]
| -0.999998 | 0.00181915 | 
| 0.00181915 | 0.999998 | 
Q_heap(1)

[[cMatrix]]
| 1 | 0 | 0 | 
| 0 | -0.999998 | 0.00181915 | 
| 0 | 0.00181915 | 0.999998 | 
===========================QR SECTION==========================
Vector x at 0 iter: 

Vector contents:
| 1815.55 |
| -12.5446 |
| -0.000295036 |
Alpha 1815.6 at 0 iter: 

Vector u at 0 iter: 

Vector contents:
| 3631.15 |
| -12.5446 |
| -0.000295036 |
Vector v at 0 iter: 

Vector contents:
| 0.999994 |
| -0.00345469 |
| -8.1251e-08 |
Q_tmp at 0 iter: 

[[cMatrix]]
| -0.999976 | 0.00690934 | 1.62501e-07 | 
| 0.00690934 | 0.999976 | -5.61394e-10 | 
| 1.62501e-07 | -5.61394e-10 | 1 | 
Q_heap(0)

[[cMatrix]]
| -0.999976 | 0.00690934 | 1.62501e-07 | 
| 0.00690934 | 0.999976 | -5.61394e-10 | 
| 1.62501e-07 | -5.61394e-10 | 1 | 
===========================QR SECTION==========================
Vector x at 1 iter: 

Vector contents:
| 346.413 |
| 0.00942896 |
Alpha 346.413 at 1 iter: 

Vector u at 1 iter: 

Vector contents:
| 692.826 |
| 0.00942896 |
Vector v at 1 iter: 

Vector contents:
| 1 |
| 1.36094e-05 |
Q_tmp at 1 iter: 

[[cMatrix]]
| -1 | -2.72188e-05 | 
| -2.72188e-05 | 1 | 
Q_heap(1)

[[cMatrix]]
| 1 | 0 | 0 | 
| 0 | -1 | -2.72188e-05 | 
| 0 | -2.72188e-05 | 1 | 
===========================QR SECTION==========================
Vector x at 0 iter: 

Vector contents:
| 1815.65 |
| -2.39349 |
| 8.42944e-07 |
Alpha 1815.66 at 0 iter: 

Vector u at 0 iter: 

Vector contents:
| 3631.31 |
| -2.39349 |
| 8.42944e-07 |
Vector v at 0 iter: 

Vector contents:
| 1 |
| -0.000659125 |
| 2.32132e-10 |
Q_tmp at 0 iter: 

[[cMatrix]]
| -0.999999 | 0.00131825 | -4.64264e-10 | 
| 0.00131825 | 0.999999 | 3.06008e-13 | 
| -4.64264e-10 | 3.06008e-13 | 1 | 
Q_heap(0)

[[cMatrix]]
| -0.999999 | 0.00131825 | -4.64264e-10 | 
| 0.00131825 | 0.999999 | 3.06008e-13 | 
| -4.64264e-10 | 3.06008e-13 | 1 | 
===========================QR SECTION==========================
Vector x at 1 iter: 

Vector contents:
| 346.401 |
| -0.000141189 |
Alpha 346.401 at 1 iter: 

Vector u at 1 iter: 

Vector contents:
| 692.803 |
| -0.000141189 |
Vector v at 1 iter: 

Vector contents:
| 1 |
| -2.03793e-07 |
Q_tmp at 1 iter: 

[[cMatrix]]
| -1 | 4.07587e-07 | 
| 4.07587e-07 | 1 | 
Q_heap(1)

[[cMatrix]]
| 1 | 0 | 0 | 
| 0 | -1 | 4.07587e-07 | 
| 0 | 4.07587e-07 | 1 | 
===========================QR SECTION==========================
Vector x at 0 iter: 

Vector contents:
| 1815.66 |
| -0.456643 |
| -2.40828e-09 |
Alpha 1815.66 at 0 iter: 

Vector u at 0 iter: 

Vector contents:
| 3631.32 |
| -0.456643 |
| -2.40828e-09 |
Vector v at 0 iter: 

Vector contents:
| 1 |
| -0.000125751 |
| -6.63199e-13 |
Q_tmp at 0 iter: 

[[cMatrix]]
| -1 | 0.000251503 | 1.3264e-12 | 
| 0.000251503 | 1 | -1.66796e-16 | 
| 1.3264e-12 | -1.66796e-16 | 1 | 
Q_heap(0)

[[cMatrix]]
| -1 | 0.000251503 | 1.3264e-12 | 
| 0.000251503 | 1 | -1.66796e-16 | 
| 1.3264e-12 | -1.66796e-16 | 1 | 
===========================QR SECTION==========================
Vector x at 1 iter: 

Vector contents:
| 346.401 |
| 2.11428e-06 |
Alpha 346.401 at 1 iter: 

Vector u at 1 iter: 

Vector contents:
| 692.802 |
| 2.11428e-06 |
Vector v at 1 iter: 

Vector contents:
| 1 |
| 3.05178e-09 |
Q_tmp at 1 iter: 

[[cMatrix]]
| -1 | -6.10356e-09 | 
| -6.10356e-09 | 1 | 
Q_heap(1)

[[cMatrix]]
| 1 | 0 | 0 | 
| 0 | -1 | -6.10356e-09 | 
| 0 | -6.10356e-09 | 1 | 
===========================QR SECTION==========================
Vector x at 0 iter: 

Vector contents:
| 1815.66 |
| -0.0871209 |
| 6.88044e-12 |
Alpha 1815.66 at 0 iter: 

Vector u at 0 iter: 

Vector contents:
| 3631.32 |
| -0.0871209 |
| 6.88044e-12 |
Vector v at 0 iter: 

Vector contents:
| 1 |
| -2.39915e-05 |
| 1.89475e-15 |
Q_tmp at 0 iter: 

[[cMatrix]]
| -1 | 4.79831e-05 | -3.7895e-15 | 
| 4.79831e-05 | 1 | 9.0916e-20 | 
| -3.7895e-15 | 9.0916e-20 | 1 | 
Q_heap(0)

[[cMatrix]]
| -1 | 4.79831e-05 | -3.7895e-15 | 
| 4.79831e-05 | 1 | 9.0916e-20 | 
| -3.7895e-15 | 9.0916e-20 | 1 | 
===========================QR SECTION==========================
Vector x at 1 iter: 

Vector contents:
| 346.401 |
| -3.16611e-08 |
Alpha 346.401 at 1 iter: 

Vector u at 1 iter: 

Vector contents:
| 692.802 |
| -3.16611e-08 |
Vector v at 1 iter: 

Vector contents:
| 1 |
| -4.57e-11 |
Q_tmp at 1 iter: 

[[cMatrix]]
| -1 | 9.14001e-11 | 
| 9.14001e-11 | 1 | 
Q_heap(1)

[[cMatrix]]
| 1 | 0 | 0 | 
| 0 | -1 | 9.14001e-11 | 
| 0 | 9.14001e-11 | 1 | 
===========================QR SECTION==========================
Vector x at 0 iter: 

Vector contents:
| 1815.66 |
| -0.0166214 |
| -1.96573e-14 |
Alpha 1815.66 at 0 iter: 

Vector u at 0 iter: 

Vector contents:
| 3631.32 |
| -0.0166214 |
| -1.96573e-14 |
Vector v at 0 iter: 

Vector contents:
| 1 |
| -4.57723e-06 |
| -5.41328e-18 |
Q_tmp at 0 iter: 

[[cMatrix]]
| -1 | 9.15446e-06 | 1.08266e-17 | 
| 9.15446e-06 | 1 | -4.95557e-23 | 
| 1.08266e-17 | -4.95557e-23 | 1 | 
Q_heap(0)

[[cMatrix]]
| -1 | 9.15446e-06 | 1.08266e-17 | 
| 9.15446e-06 | 1 | -4.95557e-23 | 
| 1.08266e-17 | -4.95557e-23 | 1 | 
===========================QR SECTION==========================
Vector x at 1 iter: 

Vector contents:
| 346.401 |
| 4.74121e-10 |
Alpha 346.401 at 1 iter: 

Vector u at 1 iter: 

Vector contents:
| 692.802 |
| 4.74121e-10 |
Vector v at 1 iter: 

Vector contents:
| 1 |
| 6.84353e-13 |
Q_tmp at 1 iter: 

[[cMatrix]]
| -1 | -1.36871e-12 | 
| -1.36871e-12 | 1 | 
Q_heap(1)

[[cMatrix]]
| 1 | 0 | 0 | 
| 0 | -1 | -1.36871e-12 | 
| 0 | -1.36871e-12 | 1 | 
===========================EIGEN SECTION==========================
Eigenvalue matrix after 7 iterations of the QR algorithm
[[cMatrix]]
| 1815.66 | -0.0166214 | -1.97004e-14 | 
| -0.0166214 | 346.401 | 4.74121e-10 | 
| -1.96573e-14 | 4.74121e-10 | 5.18732 | 
Eigenvector matrix Q_0:
[[cMatrix]]
| -0.628799 | -0.556144 | 0.543429 | 
| -0.54155 | -0.188282 | -0.819313 | 
| 0.557974 | -0.809478 | -0.182788 | 
Eigenvector matrix after multiplying by Q_1:
[[cMatrix]]
| 0.526601 | 0.592503 | 0.609616 | 
| 0.481501 | 0.383103 | -0.788282 | 
| -0.700605 | 0.708641 | -0.0835482 | 
Eigenvector matrix Q_1
[[cMatrix]]
| -0.982803 | -0.184632 | -0.00304916 | 
| 0.1836 | -0.975277 | -0.122984 | 
| 0.0197331 | -0.121429 | 0.992404 | 
Number of iterations: 7
Eigenvector matrix after multiplying by Q_2:
[[cMatrix]]
| -0.504855 | -0.610058 | 0.610697 | 
| -0.467281 | -0.401705 | -0.78758 | 
| 0.725789 | -0.68298 | -0.0822654 | 
Eigenvector matrix Q_2
[[cMatrix]]
| -0.999345 | -0.0361791 | 8.93901e-06 | 
| 0.0361791 | -0.999344 | 0.00181899 | 
| -5.68763e-05 | 0.00181812 | 0.999998 | 
Number of iterations: 7
Eigenvector matrix after multiplying by Q_3:
[[cMatrix]]
| 0.500628 | 0.613515 | 0.610714 | 
| 0.464494 | 0.404946 | -0.787569 | 
| -0.730491 | 0.677952 | -0.0822468 | 
Eigenvector matrix Q_3
[[cMatrix]]
| -0.999976 | -0.00690934 | -2.55633e-08 | 
| 0.00690934 | -0.999976 | -2.72187e-05 | 
| 1.62501e-07 | -2.72183e-05 | 1 | 
Number of iterations: 7
Eigenvector matrix after multiplying by Q_4:
[[cMatrix]]
| -0.499819 | -0.614174 | 0.610714 | 
| -0.46396 | -0.405558 | -0.787568 | 
| 0.731384 | -0.676988 | -0.0822465 | 
Eigenvector matrix Q_4
[[cMatrix]]
| -0.999999 | -0.00131825 | 7.30365e-11 | 
| 0.00131825 | -0.999999 | 4.07587e-07 | 
| -4.64264e-10 | 4.07586e-07 | 1 | 
Number of iterations: 7
Eigenvector matrix after multiplying by Q_5:
[[cMatrix]]
| 0.499664 | 0.6143 | 0.610714 | 
| 0.463858 | 0.405675 | -0.787568 | 
| -0.731554 | 0.676804 | -0.0822465 | 
Eigenvector matrix Q_5
[[cMatrix]]
| -1 | -0.000251503 | -2.08665e-13 | 
| 0.000251503 | -1 | -6.10356e-09 | 
| 1.3264e-12 | -6.10356e-09 | 1 | 
Number of iterations: 7
Eigenvector matrix after multiplying by Q_6:
[[cMatrix]]
| -0.499635 | -0.614324 | 0.610714 | 
| -0.463838 | -0.405697 | -0.787568 | 
| 0.731587 | -0.676769 | -0.0822465 | 
Eigenvector matrix Q_6
[[cMatrix]]
| -1 | -4.79831e-05 | 5.96153e-16 | 
| 4.79831e-05 | -1 | 9.14001e-11 | 
| -3.7895e-15 | 9.14001e-11 | 1 | 
Number of iterations: 7
Eigenvector matrix after multiplying by Q_7:
[[cMatrix]]
| 0.499629 | 0.614328 | 0.610714 | 
| 0.463835 | 0.405701 | -0.787568 | 
| -0.731593 | 0.676762 | -0.0822465 | 
Eigenvector matrix Q_7
[[cMatrix]]
| -1 | -9.15446e-06 | -1.7032e-18 | 
| 9.15446e-06 | -1 | -1.36871e-12 | 
| 1.08266e-17 | -1.36871e-12 | 1 | 
Number of iterations: 7
===========================SVD SECTION==========================
A*A' = 
[[cMatrix]]
| 585.906 | 504.609 | -519.912 | 
| 504.609 | 450.857 | -520.677 | 
| -519.912 | -520.677 | 1130.48 | 

Eigenvectors of A*A' (U) = 

[[cMatrix]]
| 0.499629 | 0.614328 | 0.610714 | 
| 0.463835 | 0.405701 | -0.787568 | 
| -0.731593 | 0.676762 | -0.0822465 | 

Singular values of A'*A (S) = 

[[cMatrix]]
| 42.6105 | 0 | 0 | 
| 0 | 18.6119 | 0 | 
| 0 | 0 | 2.27757 | 

Eigenvectors of A'*A (V) = 

[[cMatrix]]
| 0.936299 | 0.261184 | 0.234789 | 
| -0.283969 | 0.169639 | 0.943708 | 
| 0.206656 | -0.950266 | 0.233001 | 


Q_U = 
[[cMatrix]]
| -1 | -9.15446e-06 | -1.7032e-18 | 
| 9.15446e-06 | -1 | -1.36871e-12 | 
| 1.08266e-17 | -1.36871e-12 | 1 | 
Q_U iter = 7
Q_V = 
[[cMatrix]]
| 0 | 0 | 0 | 0 | 
| 0 | 0 | 0 | 0 | 
| 0 | 0 | 0 | 0 | 
| 0 | 0 | 0 | 0 | 
Q_V iter = 2685004



Original matrix A = U*S*V' = 
[[cMatrix]]
| 23.2462 | -2.79329 | -6.14144 | 
| 20.0562 | -6.02428 | -3.50885 | 
| -25.9419 | 10.8123 | -18.4552 | 
===========================KABSCH SECTION==========================

Centroid of A = 
Vector contents:
| 2.75 |
| 1 |
| 4.75 |

Centroid of B = 
Vector contents:
| 1.05412 |
| -2.07652 |
| -5.0697 |

A - centroidA =
[[cMatrix]]
| 5.25 | -2.75 | -1.75 | -0.75 | 
| -1 | 2 | 0 | -1 | 
| 0.25 | -2.75 | 3.25 | -0.75 | 

B - centroidB =
[[cMatrix]]
| 3.42791 | -0.114558 | -2.44962 | -0.863738 | 
| 2.55336 | -1.28821 | -2.15966 | 0.894502 | 
| -3.21788 | 4.1776 | -1.72054 | 0.760805 | 

H = 
[[cMatrix]]
| 23.2462 | -2.79329 | -6.14144 | 
| 20.0562 | -6.02428 | -3.50885 | 
| -25.9419 | 10.8123 | -18.4552 | 

Det of R = 1

Rotation matrix = 
[[cMatrix]]
| 0.771644 | 0.355338 | -0.52754 | 
| 0.53867 | -0.806127 | 0.244938 | 
| -0.338227 | -0.473174 | -0.813456 | 

R * B = 
[[cMatrix]]
| 8 | 7.60945e-06 | 1.00002 | 2.00001 | 
| 5.71222e-07 | 3 | 0.999995 | -3.28524e-06 | 
| 5.00001 | 2 | 8.00001 | 4.00001 | 

Translation matrix = 
Vector contents:
| -8.54439e-06 |
| 1.27588e-06 |
| -7.22376e-06 |

Result of the algorithm: 

R * B + t = A
[[cMatrix]]
| 7.99999 | -9.34939e-07 | 1.00001 | 2 | 
| 1.8471e-06 | 3 | 0.999997 | -2.00937e-06 | 
| 5 | 1.99999 | 8 | 4 | 

Original matrix A = 
[[cMatrix]]
| 8 | 0 | 1 | 2 | 
| 0 | 3 | 1 | 0 | 
| 5 | 2 | 8 | 4 | 

Transformed matrix B = 
[[cMatrix]]
| 4.48203 | 0.93956 | -1.3955 | 0.19038 | 
| 0.47684 | -3.36473 | -4.23618 | -1.18202 | 
| -8.28758 | -0.8921 | -6.79024 | -4.3089 | 
