
Original matrix A = 
[[cMatrix]]
| 3 | 8 | 2 | 8 | 5 | 5 | 3 | 2 | 0 | 
| 0 | 5 | 5 | 0 | 6 | 3 | 6 | 6 | 1 | 
| 4 | 2 | 5 | 6 | 4 | 4 | 6 | 4 | 4 | 

Transformed matrix B = 
[[cMatrix]]
| -4.59409 | -3.67342 | -5.167 | -7.71925 | -4.87343 | -4.97037 | -6.34236 | -4.16362 | -3.85196 | 
| 1.60869 | 8.88719 | 3.88721 | 5.0461 | 6.94475 | 5.02903 | 5.11604 | 4.68784 | -0.00964 | 
| 1.143 | 0.72371 | -3.49166 | 3.86653 | -2.24055 | 0.06609 | -3.82108 | -4.08515 | -1.47047 | 
===========================QR SECTION==========================
Vector x at 0 iter: 

Vector contents:
| 261.793 |
| -179.166 |
| -654.74 |
Alpha 727.544 at 0 iter: 

Vector u at 0 iter: 

Vector contents:
| 989.337 |
| -179.166 |
| -654.74 |
Vector v at 0 iter: 

Vector contents:
| 0.82457 |
| -0.149327 |
| -0.545697 |
Q_tmp at 0 iter: 

[[cMatrix]]
| -0.359832 | 0.246261 | 0.899931 | 
| 0.246261 | 0.955403 | -0.162975 | 
| 0.899931 | -0.162975 | 0.404429 | 
Q_heap(0)

[[cMatrix]]
| -0.359832 | 0.246261 | 0.899931 | 
| 0.246261 | 0.955403 | -0.162975 | 
| 0.899931 | -0.162975 | 0.404429 | 
===========================QR SECTION==========================
Vector x at 1 iter: 

Vector contents:
| 2826.65 |
| -519.361 |
Alpha 2873.96 at 1 iter: 

Vector u at 1 iter: 

Vector contents:
| 5700.61 |
| -519.361 |
Vector v at 1 iter: 

Vector contents:
| 0.995875 |
| -0.0907305 |
Q_tmp at 1 iter: 

[[cMatrix]]
| -0.983536 | 0.180712 | 
| 0.180712 | 0.983536 | 
Q_heap(1)

[[cMatrix]]
| 1 | 0 | 0 | 
| 0 | -0.983536 | 0.180712 | 
| 0 | 0.180712 | 0.983536 | 
===========================QR SECTION==========================
Vector x at 0 iter: 

Vector contents:
| 3612.12 |
| -244.167 |
| 594.633 |
Alpha 3668.87 at 0 iter: 

Vector u at 0 iter: 

Vector contents:
| 7280.99 |
| -244.167 |
| 594.633 |
Vector v at 0 iter: 

Vector contents:
| 0.996125 |
| -0.0334049 |
| 0.0813527 |
Q_tmp at 0 iter: 

[[cMatrix]]
| -0.984532 | 0.0665508 | -0.162075 | 
| 0.0665508 | 0.997768 | 0.00543515 | 
| -0.162075 | 0.00543515 | 0.986763 | 
Q_heap(0)

[[cMatrix]]
| -0.984532 | 0.0665508 | -0.162075 | 
| 0.0665508 | 0.997768 | 0.00543515 | 
| -0.162075 | 0.00543515 | 0.986763 | 
===========================QR SECTION==========================
Vector x at 1 iter: 

Vector contents:
| 2883.55 |
| 207.528 |
Alpha 2891.01 at 1 iter: 

Vector u at 1 iter: 

Vector contents:
| 5774.56 |
| 207.528 |
Vector v at 1 iter: 

Vector contents:
| 0.999355 |
| 0.0359152 |
Q_tmp at 1 iter: 

[[cMatrix]]
| -0.99742 | -0.071784 | 
| -0.071784 | 0.99742 | 
Q_heap(1)

[[cMatrix]]
| 1 | 0 | 0 | 
| 0 | -0.99742 | -0.071784 | 
| 0 | -0.071784 | 0.99742 | 
===========================QR SECTION==========================
Vector x at 0 iter: 

Vector contents:
| 3738.94 |
| -159.233 |
| -21.1112 |
Alpha 3742.39 at 0 iter: 

Vector u at 0 iter: 

Vector contents:
| 7481.33 |
| -159.233 |
| -21.1112 |
Vector v at 0 iter: 

Vector contents:
| 0.99977 |
| -0.0212792 |
| -0.00282121 |
Q_tmp at 0 iter: 

[[cMatrix]]
| -0.999078 | 0.0425485 | 0.00564112 | 
| 0.0425485 | 0.999094 | -0.000120066 | 
| 0.00564112 | -0.000120066 | 0.999984 | 
Q_heap(0)

[[cMatrix]]
| -0.999078 | 0.0425485 | 0.00564112 | 
| 0.0425485 | 0.999094 | -0.000120066 | 
| 0.00564112 | -0.000120066 | 0.999984 | 
===========================QR SECTION==========================
Vector x at 1 iter: 

Vector contents:
| 2884.45 |
| -11.1782 |
Alpha 2884.48 at 1 iter: 

Vector u at 1 iter: 

Vector contents:
| 5768.93 |
| -11.1782 |
Vector v at 1 iter: 

Vector contents:
| 0.999998 |
| -0.00193765 |
Q_tmp at 1 iter: 

[[cMatrix]]
| -0.999992 | 0.0038753 | 
| 0.0038753 | 0.999992 | 
Q_heap(1)

[[cMatrix]]
| 1 | 0 | 0 | 
| 0 | -0.999992 | 0.0038753 | 
| 0 | 0.0038753 | 0.999992 | 
===========================QR SECTION==========================
Vector x at 0 iter: 

Vector contents:
| 3751.06 |
| -122.666 |
| 0.721987 |
Alpha 3753.07 at 0 iter: 

Vector u at 0 iter: 

Vector contents:
| 7504.13 |
| -122.666 |
| 0.721987 |
Vector v at 0 iter: 

Vector contents:
| 0.999866 |
| -0.0163443 |
| 9.6199e-05 |
Q_tmp at 0 iter: 

[[cMatrix]]
| -0.999466 | 0.0326842 | -0.000192372 | 
| 0.0326842 | 0.999466 | 3.14461e-06 | 
| -0.000192372 | 3.14461e-06 | 1 | 
Q_heap(0)

[[cMatrix]]
| -0.999466 | 0.0326842 | -0.000192372 | 
| 0.0326842 | 0.999466 | 3.14461e-06 | 
| -0.000192372 | 3.14461e-06 | 1 | 
===========================QR SECTION==========================
Vector x at 1 iter: 

Vector contents:
| 2876.34 |
| 0.544005 |
Alpha 2876.34 at 1 iter: 

Vector u at 1 iter: 

Vector contents:
| 5752.68 |
| 0.544005 |
Vector v at 1 iter: 

Vector contents:
| 1 |
| 9.45655e-05 |
Q_tmp at 1 iter: 

[[cMatrix]]
| -1 | -0.000189131 | 
| -0.000189131 | 1 | 
Q_heap(1)

[[cMatrix]]
| 1 | 0 | 0 | 
| 0 | -1 | -0.000189131 | 
| 0 | -0.000189131 | 1 | 
===========================QR SECTION==========================
Vector x at 0 iter: 

Vector contents:
| 3758.15 |
| -94.0109 |
| -0.0246204 |
Alpha 3759.33 at 0 iter: 

Vector u at 0 iter: 

Vector contents:
| 7517.48 |
| -94.0109 |
| -0.0246204 |
Vector v at 0 iter: 

Vector contents:
| 0.999922 |
| -0.0125047 |
| -3.27484e-06 |
Q_tmp at 0 iter: 

[[cMatrix]]
| -0.999687 | 0.0250074 | 6.54916e-06 | 
| 0.0250074 | 0.999687 | -8.19015e-08 | 
| 6.54916e-06 | -8.19015e-08 | 1 | 
Q_heap(0)

[[cMatrix]]
| -0.999687 | 0.0250074 | 6.54916e-06 | 
| 0.0250074 | 0.999687 | -8.19015e-08 | 
| 6.54916e-06 | -8.19015e-08 | 1 | 
===========================QR SECTION==========================
Vector x at 1 iter: 

Vector contents:
| 2871.55 |
| -0.0254592 |
Alpha 2871.55 at 1 iter: 

Vector u at 1 iter: 

Vector contents:
| 5743.11 |
| -0.0254592 |
Vector v at 1 iter: 

Vector contents:
| 1 |
| -4.433e-06 |
Q_tmp at 1 iter: 

[[cMatrix]]
| -1 | 8.86599e-06 | 
| 8.86599e-06 | 1 | 
Q_heap(1)

[[cMatrix]]
| 1 | 0 | 0 | 
| 0 | -1 | 8.86599e-06 | 
| 0 | 8.86599e-06 | 1 | 
===========================QR SECTION==========================
Vector x at 0 iter: 

Vector contents:
| 3762.3 |
| -71.81 |
| 0.000838182 |
Alpha 3762.98 at 0 iter: 

Vector u at 0 iter: 

Vector contents:
| 7525.28 |
| -71.81 |
| 0.000838182 |
Vector v at 0 iter: 

Vector contents:
| 0.999954 |
| -0.00954207 |
| 1.11377e-07 |
Q_tmp at 0 iter: 

[[cMatrix]]
| -0.999818 | 0.0190833 | -2.22744e-07 | 
| 0.0190833 | 0.999818 | 2.12554e-09 | 
| -2.22744e-07 | 2.12554e-09 | 1 | 
Q_heap(0)

[[cMatrix]]
| -0.999818 | 0.0190833 | -2.22744e-07 | 
| 0.0190833 | 0.999818 | 2.12554e-09 | 
| -2.22744e-07 | 2.12554e-09 | 1 | 
===========================QR SECTION==========================
Vector x at 1 iter: 

Vector contents:
| 2868.76 |
| 0.00116728 |
Alpha 2868.76 at 1 iter: 

Vector u at 1 iter: 

Vector contents:
| 5737.53 |
| 0.00116728 |
Vector v at 1 iter: 

Vector contents:
| 1 |
| 2.03446e-07 |
Q_tmp at 1 iter: 

[[cMatrix]]
| -1 | -4.06892e-07 | 
| -4.06892e-07 | 1 | 
Q_heap(1)

[[cMatrix]]
| 1 | 0 | 0 | 
| 0 | -1 | -4.06892e-07 | 
| 0 | -4.06892e-07 | 1 | 
===========================QR SECTION==========================
Vector x at 0 iter: 

Vector contents:
| 3764.71 |
| -54.7454 |
| -2.85075e-05 |
Alpha 3765.11 at 0 iter: 

Vector u at 0 iter: 

Vector contents:
| 7529.83 |
| -54.7454 |
| -2.85075e-05 |
Vector v at 0 iter: 

Vector contents:
| 0.999974 |
| -0.00727028 |
| -3.78584e-09 |
Q_tmp at 0 iter: 

[[cMatrix]]
| -0.999894 | 0.0145402 | 7.57149e-09 | 
| 0.0145402 | 0.999894 | -5.50483e-11 | 
| 7.57149e-09 | -5.50483e-11 | 1 | 
Q_heap(0)

[[cMatrix]]
| -0.999894 | 0.0145402 | 7.57149e-09 | 
| 0.0145402 | 0.999894 | -5.50483e-11 | 
| 7.57149e-09 | -5.50483e-11 | 1 | 
===========================QR SECTION==========================
Vector x at 1 iter: 

Vector contents:
| 2867.14 |
| -5.29198e-05 |
Alpha 2867.14 at 1 iter: 

Vector u at 1 iter: 

Vector contents:
| 5734.28 |
| -5.29198e-05 |
Vector v at 1 iter: 

Vector contents:
| 1 |
| -9.22867e-09 |
Q_tmp at 1 iter: 

[[cMatrix]]
| -1 | 1.84573e-08 | 
| 1.84573e-08 | 1 | 
Q_heap(1)

[[cMatrix]]
| 1 | 0 | 0 | 
| 0 | -1 | 1.84573e-08 | 
| 0 | 1.84573e-08 | 1 | 
===========================QR SECTION==========================
Vector x at 0 iter: 

Vector contents:
| 3766.12 |
| -41.6887 |
| 9.69023e-07 |
Alpha 3766.35 at 0 iter: 

Vector u at 0 iter: 

Vector contents:
| 7532.46 |
| -41.6887 |
| 9.69023e-07 |
Vector v at 0 iter: 

Vector contents:
| 0.999985 |
| -0.00553446 |
| 1.28644e-10 |
Q_tmp at 0 iter: 

[[cMatrix]]
| -0.999939 | 0.0110687 | -2.57285e-10 | 
| 0.0110687 | 0.999939 | 1.42395e-12 | 
| -2.57285e-10 | 1.42395e-12 | 1 | 
Q_heap(0)

[[cMatrix]]
| -0.999939 | 0.0110687 | -2.57285e-10 | 
| 0.0110687 | 0.999939 | 1.42395e-12 | 
| -2.57285e-10 | 1.42395e-12 | 1 | 
===========================QR SECTION==========================
Vector x at 1 iter: 

Vector contents:
| 2866.2 |
| 2.38408e-06 |
Alpha 2866.2 at 1 iter: 

Vector u at 1 iter: 

Vector contents:
| 5732.4 |
| 2.38408e-06 |
Vector v at 1 iter: 

Vector contents:
| 1 |
| 4.15896e-10 |
Q_tmp at 1 iter: 

[[cMatrix]]
| -1 | -8.31792e-10 | 
| -8.31792e-10 | 1 | 
Q_heap(1)

[[cMatrix]]
| 1 | 0 | 0 | 
| 0 | -1 | -8.31792e-10 | 
| 0 | -8.31792e-10 | 1 | 
===========================QR SECTION==========================
Vector x at 0 iter: 

Vector contents:
| 3766.93 |
| -31.7252 |
| -3.29281e-08 |
Alpha 3767.06 at 0 iter: 

Vector u at 0 iter: 

Vector contents:
| 7533.99 |
| -31.7252 |
| -3.29281e-08 |
Vector v at 0 iter: 

Vector contents:
| 0.999991 |
| -0.00421091 |
| -4.37057e-12 |
Q_tmp at 0 iter: 

[[cMatrix]]
| -0.999965 | 0.00842174 | 8.74105e-12 | 
| 0.00842174 | 0.999965 | -3.68081e-14 | 
| 8.74105e-12 | -3.68081e-14 | 1 | 
Q_heap(0)

[[cMatrix]]
| -0.999965 | 0.00842174 | 8.74105e-12 | 
| 0.00842174 | 0.999965 | -3.68081e-14 | 
| 8.74105e-12 | -3.68081e-14 | 1 | 
===========================QR SECTION==========================
Vector x at 1 iter: 

Vector contents:
| 2865.66 |
| -1.0702e-07 |
Alpha 2865.66 at 1 iter: 

Vector u at 1 iter: 

Vector contents:
| 5731.31 |
| -1.0702e-07 |
Vector v at 1 iter: 

Vector contents:
| 1 |
| -1.86729e-11 |
Q_tmp at 1 iter: 

[[cMatrix]]
| -1 | 3.73459e-11 | 
| 3.73459e-11 | 1 | 
Q_heap(1)

[[cMatrix]]
| 1 | 0 | 0 | 
| 0 | -1 | 3.73459e-11 | 
| 0 | 3.73459e-11 | 1 | 
===========================QR SECTION==========================
Vector x at 0 iter: 

Vector contents:
| 3767.4 |
| -24.1338 |
| 1.11871e-09 |
Alpha 3767.48 at 0 iter: 

Vector u at 0 iter: 

Vector contents:
| 7534.88 |
| -24.1338 |
| 1.11871e-09 |
Vector v at 0 iter: 

Vector contents:
| 0.999995 |
| -0.00320293 |
| 1.4847e-13 |
Q_tmp at 0 iter: 

[[cMatrix]]
| -0.999979 | 0.00640583 | -2.96938e-13 | 
| 0.00640583 | 0.999979 | 9.51078e-16 | 
| -2.96938e-13 | 9.51078e-16 | 1 | 
Q_heap(0)

[[cMatrix]]
| -0.999979 | 0.00640583 | -2.96938e-13 | 
| 0.00640583 | 0.999979 | 9.51078e-16 | 
| -2.96938e-13 | 9.51078e-16 | 1 | 
===========================QR SECTION==========================
Vector x at 1 iter: 

Vector contents:
| 2865.34 |
| 4.79425e-09 |
Alpha 2865.34 at 1 iter: 

Vector u at 1 iter: 

Vector contents:
| 5730.68 |
| 4.79425e-09 |
Vector v at 1 iter: 

Vector contents:
| 1 |
| 8.36593e-13 |
Q_tmp at 1 iter: 

[[cMatrix]]
| -1 | -1.67319e-12 | 
| -1.67319e-12 | 1 | 
Q_heap(1)

[[cMatrix]]
| 1 | 0 | 0 | 
| 0 | -1 | -1.67319e-12 | 
| 0 | -1.67319e-12 | 1 | 
===========================QR SECTION==========================
Vector x at 0 iter: 

Vector contents:
| 3767.67 |
| -18.3549 |
| -3.80031e-11 |
Alpha 3767.72 at 0 iter: 

Vector u at 0 iter: 

Vector contents:
| 7535.39 |
| -18.3549 |
| -3.80031e-11 |
Vector v at 0 iter: 

Vector contents:
| 0.999997 |
| -0.00243582 |
| -5.04327e-15 |
Q_tmp at 0 iter: 

[[cMatrix]]
| -0.999988 | 0.00487162 | 1.00865e-14 | 
| 0.00487162 | 0.999988 | -2.4569e-17 | 
| 1.00865e-14 | -2.4569e-17 | 1 | 
Q_heap(0)

[[cMatrix]]
| -0.999988 | 0.00487162 | 1.00865e-14 | 
| 0.00487162 | 0.999988 | -2.4569e-17 | 
| 1.00865e-14 | -2.4569e-17 | 1 | 
===========================QR SECTION==========================
Vector x at 1 iter: 

Vector contents:
| 2865.16 |
| -2.14517e-10 |
Alpha 2865.16 at 1 iter: 

Vector u at 1 iter: 

Vector contents:
| 5730.32 |
| -2.14517e-10 |
Vector v at 1 iter: 

Vector contents:
| 1 |
| -3.74354e-14 |
Q_tmp at 1 iter: 

[[cMatrix]]
| -1 | 7.48708e-14 | 
| 7.48708e-14 | 1 | 
Q_heap(1)

[[cMatrix]]
| 1 | 0 | 0 | 
| 0 | -1 | 7.48708e-14 | 
| 0 | 7.48708e-14 | 1 | 
===========================QR SECTION==========================
Vector x at 0 iter: 

Vector contents:
| 3767.83 |
| -13.958 |
| 1.2909e-12 |
Alpha 3767.85 at 0 iter: 

Vector u at 0 iter: 

Vector contents:
| 7535.68 |
| -13.958 |
| 1.2909e-12 |
Vector v at 0 iter: 

Vector contents:
| 0.999998 |
| -0.00185225 |
| 1.71305e-16 |
Q_tmp at 0 iter: 

[[cMatrix]]
| -0.999993 | 0.00370449 | -3.4261e-16 | 
| 0.00370449 | 0.999993 | 6.34599e-19 | 
| -3.4261e-16 | 6.34599e-19 | 1 | 
Q_heap(0)

[[cMatrix]]
| -0.999993 | 0.00370449 | -3.4261e-16 | 
| 0.00370449 | 0.999993 | 6.34599e-19 | 
| -3.4261e-16 | 6.34599e-19 | 1 | 
===========================QR SECTION==========================
Vector x at 1 iter: 

Vector contents:
| 2865.05 |
| 9.59195e-12 |
Alpha 2865.05 at 1 iter: 

Vector u at 1 iter: 

Vector contents:
| 5730.11 |
| 9.59195e-12 |
Vector v at 1 iter: 

Vector contents:
| 1 |
| 1.67396e-15 |
Q_tmp at 1 iter: 

[[cMatrix]]
| -1 | -3.34791e-15 | 
| -3.34791e-15 | 1 | 
Q_heap(1)

[[cMatrix]]
| 1 | 0 | 0 | 
| 0 | -1 | -3.34791e-15 | 
| 0 | -3.34791e-15 | 1 | 
===========================QR SECTION==========================
Vector x at 0 iter: 

Vector contents:
| 3767.92 |
| -10.6136 |
| -4.38483e-14 |
Alpha 3767.94 at 0 iter: 

Vector u at 0 iter: 

Vector contents:
| 7535.86 |
| -10.6136 |
| -4.38483e-14 |
Vector v at 0 iter: 

Vector contents:
| 0.999999 |
| -0.00140841 |
| -5.81862e-18 |
Q_tmp at 0 iter: 

[[cMatrix]]
| -0.999996 | 0.00281681 | 1.16372e-17 | 
| 0.00281681 | 0.999996 | -1.639e-20 | 
| 1.16372e-17 | -1.639e-20 | 1 | 
Q_heap(0)

[[cMatrix]]
| -0.999996 | 0.00281681 | 1.16372e-17 | 
| 0.00281681 | 0.999996 | -1.639e-20 | 
| 1.16372e-17 | -1.639e-20 | 1 | 
===========================QR SECTION==========================
Vector x at 1 iter: 

Vector contents:
| 2864.99 |
| -4.28728e-13 |
Alpha 2864.99 at 1 iter: 

Vector u at 1 iter: 

Vector contents:
| 5729.99 |
| -4.28728e-13 |
Vector v at 1 iter: 

Vector contents:
| 1 |
| -7.48219e-17 |
Q_tmp at 1 iter: 

[[cMatrix]]
| -1 | 1.49644e-16 | 
| 1.49644e-16 | 1 | 
Q_heap(1)

[[cMatrix]]
| 1 | 0 | 0 | 
| 0 | -1 | 1.49644e-16 | 
| 0 | 1.49644e-16 | 1 | 
===========================QR SECTION==========================
Vector x at 0 iter: 

Vector contents:
| 3767.97 |
| -8.07014 |
| 1.48937e-15 |
Alpha 3767.98 at 0 iter: 

Vector u at 0 iter: 

Vector contents:
| 7535.95 |
| -8.07014 |
| 1.48937e-15 |
Vector v at 0 iter: 

Vector contents:
| 0.999999 |
| -0.00107088 |
| 1.97635e-19 |
Q_tmp at 0 iter: 

[[cMatrix]]
| -0.999998 | 0.00214177 | -3.9527e-19 | 
| 0.00214177 | 0.999998 | 4.23288e-22 | 
| -3.9527e-19 | 4.23288e-22 | 1 | 
Q_heap(0)

[[cMatrix]]
| -0.999998 | 0.00214177 | -3.9527e-19 | 
| 0.00214177 | 0.999998 | 4.23288e-22 | 
| -3.9527e-19 | 4.23288e-22 | 1 | 
===========================QR SECTION==========================
Vector x at 1 iter: 

Vector contents:
| 2864.96 |
| 1.91584e-14 |
Alpha 2864.96 at 1 iter: 

Vector u at 1 iter: 

Vector contents:
| 5729.92 |
| 1.91584e-14 |
Vector v at 1 iter: 

Vector contents:
| 1 |
| 3.34357e-18 |
Q_tmp at 1 iter: 

[[cMatrix]]
| -1 | -6.68715e-18 | 
| -6.68715e-18 | 1 | 
Q_heap(1)

[[cMatrix]]
| 1 | 0 | 0 | 
| 0 | -1 | -6.68715e-18 | 
| 0 | -6.68715e-18 | 1 | 
===========================QR SECTION==========================
Vector x at 0 iter: 

Vector contents:
| 3768 |
| -6.13607 |
| -5.05879e-17 |
Alpha 3768.01 at 0 iter: 

Vector u at 0 iter: 

Vector contents:
| 7536.01 |
| -6.13607 |
| -5.05879e-17 |
Vector v at 0 iter: 

Vector contents:
| 1 |
| -0.000814233 |
| -6.71282e-21 |
Q_tmp at 0 iter: 

[[cMatrix]]
| -0.999999 | 0.00162847 | 1.34256e-20 | 
| 0.00162847 | 0.999999 | -1.09316e-23 | 
| 1.34256e-20 | -1.09316e-23 | 1 | 
Q_heap(0)

[[cMatrix]]
| -0.999999 | 0.00162847 | 1.34256e-20 | 
| 0.00162847 | 0.999999 | -1.09316e-23 | 
| 1.34256e-20 | -1.09316e-23 | 1 | 
===========================QR SECTION==========================
Vector x at 1 iter: 

Vector contents:
| 2864.94 |
| -8.5601e-16 |
Alpha 2864.94 at 1 iter: 

Vector u at 1 iter: 

Vector contents:
| 5729.87 |
| -8.5601e-16 |
Vector v at 1 iter: 

Vector contents:
| 1 |
| -1.49394e-19 |
Q_tmp at 1 iter: 

[[cMatrix]]
| -1 | 2.98789e-19 | 
| 2.98789e-19 | 1 | 
Q_heap(1)

[[cMatrix]]
| 1 | 0 | 0 | 
| 0 | -1 | 2.98789e-19 | 
| 0 | 2.98789e-19 | 1 | 
===========================QR SECTION==========================
Vector x at 0 iter: 

Vector contents:
| 3768.02 |
| -4.66545 |
| 1.71825e-18 |
Alpha 3768.02 at 0 iter: 

Vector u at 0 iter: 

Vector contents:
| 7536.04 |
| -4.66545 |
| 1.71825e-18 |
Vector v at 0 iter: 

Vector contents:
| 1 |
| -0.000619085 |
| 2.28005e-22 |
Q_tmp at 0 iter: 

[[cMatrix]]
| -0.999999 | 0.00123817 | -4.5601e-22 | 
| 0.00123817 | 0.999999 | 2.82309e-25 | 
| -4.5601e-22 | 2.82309e-25 | 1 | 
Q_heap(0)

[[cMatrix]]
| -0.999999 | 0.00123817 | -4.5601e-22 | 
| 0.00123817 | 0.999999 | 2.82309e-25 | 
| -4.5601e-22 | 2.82309e-25 | 1 | 
===========================QR SECTION==========================
Vector x at 1 iter: 

Vector contents:
| 2864.93 |
| 3.82442e-17 |
Alpha 2864.93 at 1 iter: 

Vector u at 1 iter: 

Vector contents:
| 5729.85 |
| 3.82442e-17 |
Vector v at 1 iter: 

Vector contents:
| 1 |
| 6.67456e-21 |
Q_tmp at 1 iter: 

[[cMatrix]]
| -1 | -1.33491e-20 | 
| -1.33491e-20 | 1 | 
Q_heap(1)

[[cMatrix]]
| 1 | 0 | 0 | 
| 0 | -1 | -1.33491e-20 | 
| 0 | -1.33491e-20 | 1 | 
===========================QR SECTION==========================
Vector x at 0 iter: 

Vector contents:
| 3768.03 |
| -3.54726 |
| -5.83616e-20 |
Alpha 3768.03 at 0 iter: 

Vector u at 0 iter: 

Vector contents:
| 7536.06 |
| -3.54726 |
| -5.83616e-20 |
Vector v at 0 iter: 

Vector contents:
| 1 |
| -0.000470705 |
| -7.7443e-24 |
Q_tmp at 0 iter: 

[[cMatrix]]
| -1 | 0.00094141 | 1.54886e-23 | 
| 0.00094141 | 1 | -7.29057e-27 | 
| 1.54886e-23 | -7.29057e-27 | 1 | 
Q_heap(0)

[[cMatrix]]
| -1 | 0.00094141 | 1.54886e-23 | 
| 0.00094141 | 1 | -7.29057e-27 | 
| 1.54886e-23 | -7.29057e-27 | 1 | 
===========================QR SECTION==========================
Vector x at 1 iter: 

Vector contents:
| 2864.92 |
| -1.70858e-18 |
Alpha 2864.92 at 1 iter: 

Vector u at 1 iter: 

Vector contents:
| 5729.84 |
| -1.70858e-18 |
Vector v at 1 iter: 

Vector contents:
| 1 |
| -2.98189e-22 |
Q_tmp at 1 iter: 

[[cMatrix]]
| -1 | 5.96378e-22 | 
| 5.96378e-22 | 1 | 
Q_heap(1)

[[cMatrix]]
| 1 | 0 | 0 | 
| 0 | -1 | 5.96378e-22 | 
| 0 | 5.96378e-22 | 1 | 
===========================QR SECTION==========================
Vector x at 0 iter: 

Vector contents:
| 3768.04 |
| -2.69706 |
| 1.98228e-21 |
Alpha 3768.04 at 0 iter: 

Vector u at 0 iter: 

Vector contents:
| 7536.07 |
| -2.69706 |
| 1.98228e-21 |
Vector v at 0 iter: 

Vector contents:
| 1 |
| -0.000357887 |
| 2.63039e-25 |
Q_tmp at 0 iter: 

[[cMatrix]]
| -1 | 0.000715774 | -5.26078e-25 | 
| 0.000715774 | 1 | 1.88276e-28 | 
| -5.26078e-25 | 1.88276e-28 | 1 | 
Q_heap(0)

[[cMatrix]]
| -1 | 0.000715774 | -5.26078e-25 | 
| 0.000715774 | 1 | 1.88276e-28 | 
| -5.26078e-25 | 1.88276e-28 | 1 | 
===========================QR SECTION==========================
Vector x at 1 iter: 

Vector contents:
| 2864.91 |
| 7.63293e-20 |
Alpha 2864.91 at 1 iter: 

Vector u at 1 iter: 

Vector contents:
| 5729.83 |
| 7.63293e-20 |
Vector v at 1 iter: 

Vector contents:
| 1 |
| 1.33214e-23 |
Q_tmp at 1 iter: 

[[cMatrix]]
| -1 | -2.66428e-23 | 
| -2.66428e-23 | 1 | 
Q_heap(1)

[[cMatrix]]
| 1 | 0 | 0 | 
| 0 | -1 | -2.66428e-23 | 
| 0 | -2.66428e-23 | 1 | 
===========================QR SECTION==========================
Vector x at 0 iter: 

Vector contents:
| 3768.04 |
| -2.05063 |
| -6.73291e-23 |
Alpha 3768.04 at 0 iter: 

Vector u at 0 iter: 

Vector contents:
| 7536.08 |
| -2.05063 |
| -6.73291e-23 |
Vector v at 0 iter: 

Vector contents:
| 1 |
| -0.000272108 |
| -8.93423e-27 |
Q_tmp at 0 iter: 

[[cMatrix]]
| -1 | 0.000544217 | 1.78685e-26 | 
| 0.000544217 | 1 | -4.86216e-30 | 
| 1.78685e-26 | -4.86216e-30 | 1 | 
Q_heap(0)

[[cMatrix]]
| -1 | 0.000544217 | 1.78685e-26 | 
| 0.000544217 | 1 | -4.86216e-30 | 
| 1.78685e-26 | -4.86216e-30 | 1 | 
===========================QR SECTION==========================
Vector x at 1 iter: 

Vector contents:
| 2864.91 |
| -3.4099e-21 |
Alpha 2864.91 at 1 iter: 

Vector u at 1 iter: 

Vector contents:
| 5729.82 |
| -3.4099e-21 |
Vector v at 1 iter: 

Vector contents:
| 1 |
| -5.95115e-25 |
Q_tmp at 1 iter: 

[[cMatrix]]
| -1 | 1.19023e-24 | 
| 1.19023e-24 | 1 | 
Q_heap(1)

[[cMatrix]]
| 1 | 0 | 0 | 
| 0 | -1 | 1.19023e-24 | 
| 0 | 1.19023e-24 | 1 | 
===========================QR SECTION==========================
Vector x at 0 iter: 

Vector contents:
| 3768.04 |
| -1.55913 |
| 2.28686e-24 |
Alpha 3768.04 at 0 iter: 

Vector u at 0 iter: 

Vector contents:
| 7536.08 |
| -1.55913 |
| 2.28686e-24 |
Vector v at 0 iter: 

Vector contents:
| 1 |
| -0.000206889 |
| 3.03455e-28 |
Q_tmp at 0 iter: 

[[cMatrix]]
| -1 | 0.000413778 | -6.0691e-28 | 
| 0.000413778 | 1 | 1.25563e-31 | 
| -6.0691e-28 | 1.25563e-31 | 1 | 
Q_heap(0)

[[cMatrix]]
| -1 | 0.000413778 | -6.0691e-28 | 
| 0.000413778 | 1 | 1.25563e-31 | 
| -6.0691e-28 | 1.25563e-31 | 1 | 
===========================QR SECTION==========================
Vector x at 1 iter: 

Vector contents:
| 2864.91 |
| 1.52331e-22 |
Alpha 2864.91 at 1 iter: 

Vector u at 1 iter: 

Vector contents:
| 5729.82 |
| 1.52331e-22 |
Vector v at 1 iter: 

Vector contents:
| 1 |
| 2.65857e-26 |
Q_tmp at 1 iter: 

[[cMatrix]]
| -1 | -5.31714e-26 | 
| -5.31714e-26 | 1 | 
Q_heap(1)

[[cMatrix]]
| 1 | 0 | 0 | 
| 0 | -1 | -5.31714e-26 | 
| 0 | -5.31714e-26 | 1 | 
===========================QR SECTION==========================
Vector x at 0 iter: 

Vector contents:
| 3768.04 |
| -1.18544 |
| -7.76743e-26 |
Alpha 3768.04 at 0 iter: 

Vector u at 0 iter: 

Vector contents:
| 7536.09 |
| -1.18544 |
| -7.76743e-26 |
Vector v at 0 iter: 

Vector contents:
| 1 |
| -0.000157301 |
| -1.0307e-29 |
Q_tmp at 0 iter: 

[[cMatrix]]
| -1 | 0.000314603 | 2.0614e-29 | 
| 0.000314603 | 1 | -3.24261e-33 | 
| 2.0614e-29 | -3.24261e-33 | 1 | 
Q_heap(0)

[[cMatrix]]
| -1 | 0.000314603 | 2.0614e-29 | 
| 0.000314603 | 1 | -3.24261e-33 | 
| 2.0614e-29 | -3.24261e-33 | 1 | 
===========================QR SECTION==========================
Vector x at 1 iter: 

Vector contents:
| 2864.91 |
| -6.80509e-24 |
Alpha 2864.91 at 1 iter: 

Vector u at 1 iter: 

Vector contents:
| 5729.82 |
| -6.80509e-24 |
Vector v at 1 iter: 

Vector contents:
| 1 |
| -1.18766e-27 |
Q_tmp at 1 iter: 

[[cMatrix]]
| -1 | 2.37533e-27 | 
| 2.37533e-27 | 1 | 
Q_heap(1)

[[cMatrix]]
| 1 | 0 | 0 | 
| 0 | -1 | 2.37533e-27 | 
| 0 | 2.37533e-27 | 1 | 
===========================EIGEN SECTION==========================
Eigenvalue matrix after 20 iterations of the QR algorithm
[[cMatrix]]
| 3768.04 | -1.18544 | -6.32945e-17 | 
| -1.18544 | 2864.91 | -1.64209e-17 | 
| -7.76743e-26 | -6.80506e-24 | 127.983 | 
Eigenvector matrix Q_0:
[[cMatrix]]
| -0.359832 | -0.0795781 | 0.929617 | 
| 0.246261 | -0.969125 | 0.0123615 | 
| 0.899931 | 0.233377 | 0.368319 | 
Eigenvector matrix after multiplying by Q_1:
[[cMatrix]]
| 0.198302 | 0.0280377 | 0.97974 | 
| -0.308952 | 0.950421 | 0.0353339 | 
| -0.930175 | -0.309699 | 0.197132 | 
Eigenvector matrix Q_1
[[cMatrix]]
| -0.984532 | -0.0547448 | -0.166434 | 
| 0.0665508 | -0.995584 | -0.0662027 | 
| -0.162075 | -0.076255 | 0.983828 | 
Number of iterations: 20
Eigenvector matrix after multiplying by Q_2:
[[cMatrix]]
| -0.191399 | -0.0325308 | 0.980973 | 
| 0.349305 | -0.936274 | 0.0371051 | 
| 0.917252 | 0.349761 | 0.190565 | 
Eigenvector matrix Q_2
[[cMatrix]]
| -0.999078 | -0.0425263 | 0.00580596 | 
| 0.0425485 | -0.999087 | 0.00375173 | 
| 0.00564112 | 0.0039953 | 0.999976 | 
Number of iterations: 20
Eigenvector matrix after multiplying by Q_3:
[[cMatrix]]
| 0.190045 | 0.0385805 | 0.981017 | 
| -0.379727 | 0.92435 | 0.0372097 | 
| -0.905367 | -0.37959 | 0.190318 | 
Eigenvector matrix Q_3
[[cMatrix]]
| -0.999466 | -0.0326842 | -0.000198554 | 
| 0.0326842 | -0.999466 | -0.000185885 | 
| -0.000192372 | -0.000192276 | 1 | 
Number of iterations: 20
Eigenvector matrix after multiplying by Q_4:
[[cMatrix]]
| -0.189014 | -0.0433122 | 0.981019 | 
| 0.402724 | -0.914564 | 0.0372153 | 
| 0.895593 | 0.402114 | 0.190309 | 
Eigenvector matrix Q_4
[[cMatrix]]
| -0.999687 | -0.0250074 | 6.77087e-06 | 
| 0.0250074 | -0.999687 | 8.78132e-06 | 
| 6.54916e-06 | 8.9479e-06 | 1 | 
Number of iterations: 20
Eigenvector matrix after multiplying by Q_5:
[[cMatrix]]
| 0.188153 | 0.0469109 | 0.981019 | 
| -0.420104 | 0.906713 | 0.0372156 | 
| -0.887756 | -0.419132 | 0.190308 | 
Eigenvector matrix Q_5
[[cMatrix]]
| -0.999818 | -0.0190833 | -2.30509e-07 | 
| 0.0190833 | -0.999818 | -4.04693e-07 | 
| -2.22744e-07 | -4.09018e-07 | 1 | 
Number of iterations: 20
Eigenvector matrix after multiplying by Q_6:
[[cMatrix]]
| -0.187451 | -0.0496417 | 0.981019 | 
| 0.433243 | -0.900508 | 0.0372156 | 
| 0.881568 | 0.431996 | 0.190308 | 
Eigenvector matrix Q_6
[[cMatrix]]
| -0.999894 | -0.0145402 | 7.83986e-09 | 
| 0.0145402 | -0.999894 | 1.84003e-08 | 
| 7.57149e-09 | 1.85124e-08 | 1 | 
Number of iterations: 20
Eigenvector matrix after multiplying by Q_7:
[[cMatrix]]
| 0.18689 | 0.0517135 | 0.981019 | 
| -0.443184 | 0.895658 | 0.0372156 | 
| -0.876732 | -0.441727 | 0.190308 | 
Eigenvector matrix Q_7
[[cMatrix]]
| -0.999939 | -0.0110687 | -2.66491e-10 | 
| 0.0110687 | -0.999939 | -8.30317e-10 | 
| -2.57285e-10 | -8.33216e-10 | 1 | 
Number of iterations: 20
Eigenvector matrix after multiplying by Q_8:
[[cMatrix]]
| -0.186448 | -0.0532856 | 0.981019 | 
| 0.450712 | -0.891894 | 0.0372156 | 
| 0.872981 | 0.449095 | 0.190308 | 
Eigenvector matrix Q_8
[[cMatrix]]
| -0.999965 | -0.00842174 | 9.05557e-12 | 
| 0.00842174 | -0.999965 | 3.73077e-11 | 
| 8.74105e-12 | 3.73827e-11 | 1 | 
Number of iterations: 20
Eigenvector matrix after multiplying by Q_9:
[[cMatrix]]
| 0.186103 | 0.0544789 | 0.981019 | 
| -0.456416 | 0.888988 | 0.0372156 | 
| -0.870087 | -0.454678 | 0.190308 | 
Eigenvector matrix Q_9
[[cMatrix]]
| -0.999979 | -0.00640583 | -3.07656e-13 | 
| 0.00640583 | -0.999979 | -1.6722e-12 | 
| -2.96938e-13 | -1.67414e-12 | 1 | 
Number of iterations: 20
Eigenvector matrix after multiplying by Q_10:
[[cMatrix]]
| -0.185835 | -0.0553849 | 0.981019 | 
| 0.460741 | -0.886754 | 0.0372156 | 
| 0.867861 | 0.458911 | 0.190308 | 
Eigenvector matrix Q_10
[[cMatrix]]
| -0.999988 | -0.00487162 | 1.04513e-14 | 
| 0.00487162 | -0.999988 | 7.48454e-14 | 
| 1.00865e-14 | 7.48954e-14 | 1 | 
Number of iterations: 20
Eigenvector matrix after multiplying by Q_11:
[[cMatrix]]
| 0.185629 | 0.0560729 | 0.981019 | 
| -0.464023 | 0.885041 | 0.0372156 | 
| -0.866155 | -0.462123 | 0.190308 | 
Eigenvector matrix Q_11
[[cMatrix]]
| -0.999993 | -0.00370449 | -3.55012e-16 | 
| 0.00370449 | -0.999993 | -3.34726e-15 | 
| -3.4261e-16 | -3.34855e-15 | 1 | 
Number of iterations: 20
Eigenvector matrix after multiplying by Q_12:
[[cMatrix]]
| -0.18547 | -0.0565956 | 0.981019 | 
| 0.466514 | -0.883731 | 0.0372156 | 
| 0.86485 | 0.464561 | 0.190308 | 
Eigenvector matrix Q_12
[[cMatrix]]
| -0.999996 | -0.00281681 | 1.20587e-17 | 
| 0.00281681 | -0.999996 | 1.49627e-16 | 
| 1.16372e-17 | 1.4966e-16 | 1 | 
Number of iterations: 20
Eigenvector matrix after multiplying by Q_13:
[[cMatrix]]
| 0.185349 | 0.0569927 | 0.981019 | 
| -0.468406 | 0.882729 | 0.0372156 | 
| -0.863853 | -0.466413 | 0.190308 | 
Eigenvector matrix Q_13
[[cMatrix]]
| -0.999998 | -0.00214177 | -4.09592e-19 | 
| 0.00214177 | -0.999998 | -6.68671e-18 | 
| -3.9527e-19 | -6.68757e-18 | 1 | 
Number of iterations: 20
Eigenvector matrix after multiplying by Q_14:
[[cMatrix]]
| -0.185255 | -0.0572944 | 0.981019 | 
| 0.469842 | -0.881965 | 0.0372156 | 
| 0.863092 | 0.467819 | 0.190308 | 
Eigenvector matrix Q_14
[[cMatrix]]
| -0.999999 | -0.00162847 | 1.39122e-20 | 
| 0.00162847 | -0.999999 | 2.98777e-19 | 
| 1.34256e-20 | 2.98799e-19 | 1 | 
Number of iterations: 20
Eigenvector matrix after multiplying by Q_15:
[[cMatrix]]
| 0.185184 | 0.0575238 | 0.981019 | 
| -0.470934 | 0.881383 | 0.0372156 | 
| -0.862512 | -0.468887 | 0.190308 | 
Eigenvector matrix Q_15
[[cMatrix]]
| -0.999999 | -0.00123817 | -4.72538e-22 | 
| 0.00123817 | -0.999999 | -1.33488e-20 | 
| -4.5601e-22 | -1.33494e-20 | 1 | 
Number of iterations: 20
Eigenvector matrix after multiplying by Q_16:
[[cMatrix]]
| -0.18513 | -0.0576981 | 0.981019 | 
| 0.471764 | -0.880939 | 0.0372156 | 
| 0.862071 | 0.469699 | 0.190308 | 
Eigenvector matrix Q_16
[[cMatrix]]
| -1 | -0.00094141 | 1.605e-23 | 
| 0.00094141 | -1 | 5.96371e-22 | 
| 1.54886e-23 | 5.96386e-22 | 1 | 
Number of iterations: 20
Eigenvector matrix after multiplying by Q_17:
[[cMatrix]]
| 0.185089 | 0.0578306 | 0.981019 | 
| -0.472394 | 0.880601 | 0.0372156 | 
| -0.861734 | -0.470316 | 0.190308 | 
Eigenvector matrix Q_17
[[cMatrix]]
| -1 | -0.000715774 | -5.45148e-25 | 
| 0.000715774 | -1 | -2.66426e-23 | 
| -5.26078e-25 | -2.6643e-23 | 1 | 
Number of iterations: 20
Eigenvector matrix after multiplying by Q_18:
[[cMatrix]]
| -0.185057 | -0.0579313 | 0.981019 | 
| 0.472873 | -0.880344 | 0.0372156 | 
| 0.861478 | 0.470785 | 0.190308 | 
Eigenvector matrix Q_18
[[cMatrix]]
| -1 | -0.000544217 | 1.85162e-26 | 
| 0.000544217 | -1 | 1.19022e-24 | 
| 1.78685e-26 | 1.19023e-24 | 1 | 
Number of iterations: 20
Eigenvector matrix after multiplying by Q_19:
[[cMatrix]]
| 0.185033 | 0.0580079 | 0.981019 | 
| -0.473238 | 0.880148 | 0.0372156 | 
| -0.861283 | -0.471141 | 0.190308 | 
Eigenvector matrix Q_19
[[cMatrix]]
| -1 | -0.000413778 | -6.28911e-28 | 
| 0.000413778 | -1 | -5.31713e-26 | 
| -6.0691e-28 | -5.31715e-26 | 1 | 
Number of iterations: 20
Eigenvector matrix after multiplying by Q_20:
[[cMatrix]]
| -0.185015 | -0.0580661 | 0.981019 | 
| 0.473514 | -0.88 | 0.0372156 | 
| 0.861135 | 0.471412 | 0.190308 | 
Eigenvector matrix Q_20
[[cMatrix]]
| -1 | -0.000314603 | 2.13612e-29 | 
| 0.000314603 | -1 | 2.37532e-27 | 
| 2.0614e-29 | 2.37533e-27 | 1 | 
Number of iterations: 20
===========================SVD SECTION==========================
A*A' = 
[[cMatrix]]
| 261.793 | -179.166 | -654.74 | 
| -179.166 | 3064.37 | 349.359 | 
| -654.74 | 349.359 | 3434.78 | 

Eigenvectors of A*A' (U) = 

[[cMatrix]]
| -0.185015 | -0.0580661 | 0.981019 | 
| 0.473514 | -0.88 | 0.0372156 | 
| 0.861135 | 0.471412 | 0.190308 | 

Singular values of A'*A (S) = 

[[cMatrix]]
| 61.3844 | 0 | 0 | 
| 0 | 53.5249 | 0 | 
| 0 | 0 | 11.313 | 

Eigenvectors of A'*A (V) = 

[[cMatrix]]
| 0.929529 | -0.35857 | -0.0871025 | 
| -0.365595 | -0.926228 | -0.0908619 | 
| -0.0481284 | 0.116316 | -0.992047 | 


Q_U = 
[[cMatrix]]
| -1 | -0.000314603 | 2.13612e-29 | 
| 0.000314603 | -1 | 2.37532e-27 | 
| 2.0614e-29 | 2.37533e-27 | 1 | 
Q_U iter = 20
Q_V = 
[[cMatrix]]
| 0 | 0 | 0 | 0 | 
| 0 | 0 | 0 | 0 | 
| 0 | 0 | 0 | 0 | 
| 0 | 0 | 0 | 0 | 
Q_V iter = 2685004



Original matrix A = U*S*V' = 
[[cMatrix]]
| -10.4089 | 6.02237 | -10.8249 | 
| 43.8707 | 32.9623 | -7.29529 | 
| 39.9001 | -42.8919 | -1.74499 | 
===========================KABSCH SECTION==========================

Centroid of A = 
Vector contents:
| 4 |
| 3.55556 |
| 4.33333 |

Centroid of B = 
Vector contents:
| -5.0395 |
| 4.57747 |
| -1.0344 |

A - centroidA =
[[cMatrix]]
| -1 | 4 | -2 | 4 | 1 | 1 | -1 | -2 | -4 | 
| -3.55556 | 1.44444 | 1.44444 | -3.55556 | 2.44444 | -0.555556 | 2.44444 | 2.44444 | -2.55556 | 
| -0.333333 | -2.33333 | 0.666667 | 1.66667 | -0.333333 | -0.333333 | 1.66667 | -0.333333 | -0.333333 | 

B - centroidB =
[[cMatrix]]
| 0.44541 | 1.36608 | -0.1275 | -2.67975 | 0.16607 | 0.06913 | -1.30286 | 0.87588 | 1.18754 | 
| -2.96878 | 4.30972 | -0.690258 | 0.468632 | 2.36728 | 0.451562 | 0.538572 | 0.110372 | -4.58711 | 
| 2.1774 | 1.75811 | -2.45726 | 4.90093 | -1.20615 | 1.10049 | -2.78668 | -3.05075 | -0.436072 | 

H = 
[[cMatrix]]
| -10.4089 | 6.02237 | -10.8249 | 
| 43.8707 | 32.9623 | -7.29529 | 
| 39.9001 | -42.8919 | -1.74499 | 

Det of R = 1

Rotation matrix = 
[[cMatrix]]
| -0.236605 | 0.752445 | 0.61484 | 
| 0.0322859 | 0.638584 | -0.768754 | 
| -0.971066 | -0.162067 | -0.175407 | 

R * B = 
[[cMatrix]]
| 3.0002 | 8.00124 | 2.00064 | 8.00062 | 5.00104 | 5.00072 | 3.00082 | 2.00076 | 3.72598e-05 | 
| 0.000274176 | 5.00026 | 4.99972 | 0.000727353 | 5.99989 | 3.00018 | 5.99972 | 5.99963 | 0.999909 | 
| 3.99996 | 1.99987 | 4.99997 | 5.99988 | 3.99992 | 3.99993 | 5.99995 | 3.99997 | 4 | 

Translation matrix = 
Vector contents:
| -0.000675231 |
| -3.45141e-05 |
| 6.17561e-05 |

Result of the algorithm: 

R * B + t = A
[[cMatrix]]
| 2.99952 | 8.00056 | 1.99996 | 7.99995 | 5.00037 | 5.00004 | 3.00015 | 2.00009 | -0.000637971 | 
| 0.000239662 | 5.00023 | 4.99968 | 0.000692839 | 5.99986 | 3.00014 | 5.99969 | 5.99959 | 0.999875 | 
| 4.00002 | 1.99993 | 5.00003 | 5.99994 | 3.99998 | 3.99999 | 6.00002 | 4.00003 | 4.00006 | 

Original matrix A = 
[[cMatrix]]
| 3 | 8 | 2 | 8 | 5 | 5 | 3 | 2 | 0 | 
| 0 | 5 | 5 | 0 | 6 | 3 | 6 | 6 | 1 | 
| 4 | 2 | 5 | 6 | 4 | 4 | 6 | 4 | 4 | 

Transformed matrix B = 
[[cMatrix]]
| -4.59409 | -3.67342 | -5.167 | -7.71925 | -4.87343 | -4.97037 | -6.34236 | -4.16362 | -3.85196 | 
| 1.60869 | 8.88719 | 3.88721 | 5.0461 | 6.94475 | 5.02903 | 5.11604 | 4.68784 | -0.00964 | 
| 1.143 | 0.72371 | -3.49166 | 3.86653 | -2.24055 | 0.06609 | -3.82108 | -4.08515 | -1.47047 | 
