
Original matrix A = 
[[cMatrix]]
| 5 | 3 | 8 | 8 | 2 | 8 | 0 | 7 | 9 | 9 | 8 | 8 | 0 | 6 | 3 | 1 | 5 | 7 | 5 | 
| 5 | 7 | 5 | 8 | 1 | 8 | 4 | 3 | 6 | 0 | 3 | 8 | 4 | 2 | 8 | 8 | 3 | 5 | 6 | 
| 4 | 4 | 0 | 4 | 7 | 9 | 0 | 4 | 6 | 5 | 7 | 3 | 5 | 8 | 4 | 3 | 2 | 9 | 2 | 

Transformed matrix B = 
[[cMatrix]]
| -1.36331 | -2.25137 | 3.55288 | -0.03092 | -5.3837 | -4.51086 | 0.0002 | -0.47525 | -1.37891 | -0.48322 | -2.71913 | 0.86507 | -4.47974 | -4.50332 | -2.25132 | -2.24349 | 0.42857 | -4.95508 | 0.42872 | 
| 8.00312 | 7.75078 | 8.73611 | 11.9478 | 4.53551 | 13.7336 | 2.37746 | 8.25546 | 12.1939 | 8.27058 | 10.0474 | 11.5907 | 4.16323 | 8.36917 | 8.34514 | 6.54692 | 6.10008 | 11.2299 | 7.88318 | 
| -0.30253 | -2.97604 | 0.23952 | -1.11742 | 2.1083 | 0.20213 | -3.21678 | 2.37099 | 1.55135 | 6.11261 | 3.69528 | -1.38134 | -1.89723 | 3.69826 | -3.78023 | -5.10927 | 0.77804 | 2.08215 | -1.63454 | 
===========================QR SECTION==========================
Vector x at 0 iter: 

Vector contents:
| 10675.8 |
| -208.214 |
| -4528.61 |
Alpha 11598.5 at 0 iter: 

Vector u at 0 iter: 

Vector contents:
| 22274.3 |
| -208.214 |
| -4528.61 |
Vector v at 0 iter: 

Vector contents:
| 0.979911 |
| -0.00915994 |
| -0.199227 |
Q_tmp at 0 iter: 

[[cMatrix]]
| -0.92045 | 0.0179518 | 0.390449 | 
| 0.0179518 | 0.999832 | -0.00364981 | 
| 0.390449 | -0.00364981 | 0.920618 | 
Q_heap(0)

[[cMatrix]]
| -0.92045 | 0.0179518 | 0.390449 | 
| 0.0179518 | 0.999832 | -0.00364981 | 
| 0.390449 | -0.00364981 | 0.920618 | 
===========================QR SECTION==========================
Vector x at 1 iter: 

Vector contents:
| 25592.2 |
| 10910.7 |
Alpha 27820.9 at 1 iter: 

Vector u at 1 iter: 

Vector contents:
| 53413.1 |
| 10910.7 |
Vector v at 1 iter: 

Vector contents:
| 0.979768 |
| 0.200138 |
Q_tmp at 1 iter: 

[[cMatrix]]
| -0.91989 | -0.392177 | 
| -0.392177 | 0.91989 | 
Q_heap(1)

[[cMatrix]]
| 1 | 0 | 0 | 
| 0 | -0.91989 | -0.392177 | 
| 0 | -0.392177 | 0.91989 | 
===========================QR SECTION==========================
Vector x at 0 iter: 

Vector contents:
| 16257.4 |
| -7973.94 |
| 5716.65 |
Alpha 18988.6 at 0 iter: 

Vector u at 0 iter: 

Vector contents:
| 35246.1 |
| -7973.94 |
| 5716.65 |
Vector v at 0 iter: 

Vector contents:
| 0.963371 |
| -0.217949 |
| 0.156251 |
Q_tmp at 0 iter: 

[[cMatrix]]
| -0.856167 | 0.419932 | -0.301056 | 
| 0.419932 | 0.904996 | 0.0681098 | 
| -0.301056 | 0.0681098 | 0.951171 | 
Q_heap(0)

[[cMatrix]]
| -0.856167 | 0.419932 | -0.301056 | 
| 0.419932 | 0.904996 | 0.0681098 | 
| -0.301056 | 0.0681098 | 0.951171 | 
===========================QR SECTION==========================
Vector x at 1 iter: 

Vector contents:
| 25612.5 |
| -374.223 |
Alpha 25615.2 at 1 iter: 

Vector u at 1 iter: 

Vector contents:
| 51227.7 |
| -374.223 |
Vector v at 1 iter: 

Vector contents:
| 0.999973 |
| -0.00730489 |
Q_tmp at 1 iter: 

[[cMatrix]]
| -0.999893 | 0.0146094 | 
| 0.0146094 | 0.999893 | 
Q_heap(1)

[[cMatrix]]
| 1 | 0 | 0 | 
| 0 | -0.999893 | 0.0146094 | 
| 0 | 0.0146094 | 0.999893 | 
===========================QR SECTION==========================
Vector x at 0 iter: 

Vector contents:
| 28760.4 |
| -11248.9 |
| -2924.19 |
Alpha 31020.1 at 0 iter: 

Vector u at 0 iter: 

Vector contents:
| 59780.5 |
| -11248.9 |
| -2924.19 |
Vector v at 0 iter: 

Vector contents:
| 0.981619 |
| -0.184711 |
| -0.0480163 |
Q_tmp at 0 iter: 

[[cMatrix]]
| -0.927152 | 0.362632 | 0.0942675 | 
| 0.362632 | 0.931764 | -0.0177383 | 
| 0.0942675 | -0.0177383 | 0.995389 | 
Q_heap(0)

[[cMatrix]]
| -0.927152 | 0.362632 | 0.0942675 | 
| 0.362632 | 0.931764 | -0.0177383 | 
| 0.0942675 | -0.0177383 | 0.995389 | 
===========================QR SECTION==========================
Vector x at 1 iter: 

Vector contents:
| 17421.4 |
| -1993.62 |
Alpha 17535.1 at 1 iter: 

Vector u at 1 iter: 

Vector contents:
| 34956.4 |
| -1993.62 |
Vector v at 1 iter: 

Vector contents:
| 0.998378 |
| -0.0569392 |
Q_tmp at 1 iter: 

[[cMatrix]]
| -0.993516 | 0.113694 | 
| 0.113694 | 0.993516 | 
Q_heap(1)

[[cMatrix]]
| 1 | 0 | 0 | 
| 0 | -0.993516 | 0.113694 | 
| 0 | 0.113694 | 0.993516 | 
===========================QR SECTION==========================
Vector x at 0 iter: 

Vector contents:
| 35877.3 |
| -6102.35 |
| 818.768 |
Alpha 36401.8 at 0 iter: 

Vector u at 0 iter: 

Vector contents:
| 72279 |
| -6102.35 |
| 818.768 |
Vector v at 0 iter: 

Vector contents:
| 0.996391 |
| -0.084123 |
| 0.011287 |
Q_tmp at 0 iter: 

[[cMatrix]]
| -0.985592 | 0.167639 | -0.0224925 | 
| 0.167639 | 0.985847 | 0.00189899 | 
| -0.0224925 | 0.00189899 | 0.999745 | 
Q_heap(0)

[[cMatrix]]
| -0.985592 | 0.167639 | -0.0224925 | 
| 0.167639 | 0.985847 | 0.00189899 | 
| -0.0224925 | 0.00189899 | 0.999745 | 
===========================QR SECTION==========================
Vector x at 1 iter: 

Vector contents:
| 15367.6 |
| 1304.55 |
Alpha 15422.9 at 1 iter: 

Vector u at 1 iter: 

Vector contents:
| 30790.5 |
| 1304.55 |
Vector v at 1 iter: 

Vector contents:
| 0.999104 |
| 0.0423306 |
Q_tmp at 1 iter: 

[[cMatrix]]
| -0.996416 | -0.0845852 | 
| -0.0845852 | 0.996416 | 
Q_heap(1)

[[cMatrix]]
| 1 | 0 | 0 | 
| 0 | -0.996416 | -0.0845852 | 
| 0 | -0.0845852 | 0.996416 | 
===========================QR SECTION==========================
Vector x at 0 iter: 

Vector contents:
| 37366.6 |
| -2540.66 |
| -189.278 |
Alpha 37453.4 at 0 iter: 

Vector u at 0 iter: 

Vector contents:
| 74820 |
| -2540.66 |
| -189.278 |
Vector v at 0 iter: 

Vector contents:
| 0.999421 |
| -0.0339373 |
| -0.00252831 |
Q_tmp at 0 iter: 

[[cMatrix]]
| -0.997684 | 0.0678352 | 0.0050537 | 
| 0.0678352 | 0.997697 | -0.000171608 | 
| 0.0050537 | -0.000171608 | 0.999987 | 
Q_heap(0)

[[cMatrix]]
| -0.997684 | 0.0678352 | 0.0050537 | 
| 0.0678352 | 0.997697 | -0.000171608 | 
| 0.0050537 | -0.000171608 | 0.999987 | 
===========================QR SECTION==========================
Vector x at 1 iter: 

Vector contents:
| 15117.3 |
| -742.999 |
Alpha 15135.6 at 1 iter: 

Vector u at 1 iter: 

Vector contents:
| 30252.9 |
| -742.999 |
Vector v at 1 iter: 

Vector contents:
| 0.999699 |
| -0.0245522 |
Q_tmp at 1 iter: 

[[cMatrix]]
| -0.998794 | 0.0490896 | 
| 0.0490896 | 0.998794 | 
Q_heap(1)

[[cMatrix]]
| 1 | 0 | 0 | 
| 0 | -0.998794 | 0.0490896 | 
| 0 | 0.0490896 | 0.998794 | 
===========================QR SECTION==========================
Vector x at 0 iter: 

Vector contents:
| 37609.8 |
| -1020.91 |
| 42.1181 |
Alpha 37623.6 at 0 iter: 

Vector u at 0 iter: 

Vector contents:
| 75233.4 |
| -1020.91 |
| 42.1181 |
Vector v at 0 iter: 

Vector contents:
| 0.999908 |
| -0.0135686 |
| 0.000559781 |
Q_tmp at 0 iter: 

[[cMatrix]]
| -0.999631 | 0.0271348 | -0.00111946 | 
| 0.0271348 | 0.999632 | 1.5191e-05 | 
| -0.00111946 | 1.5191e-05 | 0.999999 | 
Q_heap(0)

[[cMatrix]]
| -0.999631 | 0.0271348 | -0.00111946 | 
| 0.0271348 | 0.999632 | 1.5191e-05 | 
| -0.00111946 | 1.5191e-05 | 0.999999 | 
===========================QR SECTION==========================
Vector x at 1 iter: 

Vector contents:
| 15106 |
| 411.915 |
Alpha 15111.6 at 1 iter: 

Vector u at 1 iter: 

Vector contents:
| 30217.7 |
| 411.915 |
Vector v at 1 iter: 

Vector contents:
| 0.999907 |
| 0.0136303 |
Q_tmp at 1 iter: 

[[cMatrix]]
| -0.999628 | -0.0272581 | 
| -0.0272581 | 0.999628 | 
Q_heap(1)

[[cMatrix]]
| 1 | 0 | 0 | 
| 0 | -0.999628 | -0.0272581 | 
| 0 | -0.0272581 | 0.999628 | 
===========================QR SECTION==========================
Vector x at 0 iter: 

Vector contents:
| 37648.6 |
| -409.337 |
| -9.30219 |
Alpha 37650.9 at 0 iter: 

Vector u at 0 iter: 

Vector contents:
| 75299.5 |
| -409.337 |
| -9.30219 |
Vector v at 0 iter: 

Vector contents:
| 0.999985 |
| -0.00543603 |
| -0.000123534 |
Q_tmp at 0 iter: 

[[cMatrix]]
| -0.999941 | 0.0108719 | 0.000247065 | 
| 0.0108719 | 0.999941 | -1.34307e-06 | 
| 0.000247065 | -1.34307e-06 | 1 | 
Q_heap(0)

[[cMatrix]]
| -0.999941 | 0.0108719 | 0.000247065 | 
| 0.0108719 | 0.999941 | -1.34307e-06 | 
| 0.000247065 | -1.34307e-06 | 1 | 
===========================QR SECTION==========================
Vector x at 1 iter: 

Vector contents:
| 15112.5 |
| -226.75 |
Alpha 15114.2 at 1 iter: 

Vector u at 1 iter: 

Vector contents:
| 30226.8 |
| -226.75 |
Vector v at 1 iter: 

Vector contents:
| 0.999972 |
| -0.00750141 |
Q_tmp at 1 iter: 

[[cMatrix]]
| -0.999887 | 0.0150024 | 
| 0.0150024 | 0.999887 | 
Q_heap(1)

[[cMatrix]]
| 1 | 0 | 0 | 
| 0 | -0.999887 | 0.0150024 | 
| 0 | 0.0150024 | 0.999887 | 
===========================QR SECTION==========================
Vector x at 0 iter: 

Vector contents:
| 37654.9 |
| -164.234 |
| 2.05116 |
Alpha 37655.2 at 0 iter: 

Vector u at 0 iter: 

Vector contents:
| 75310.1 |
| -164.234 |
| 2.05116 |
Vector v at 0 iter: 

Vector contents:
| 0.999998 |
| -0.00218076 |
| 2.72361e-05 |
Q_tmp at 0 iter: 

[[cMatrix]]
| -0.99999 | 0.00436152 | -5.4472e-05 | 
| 0.00436152 | 0.99999 | 1.18791e-07 | 
| -5.4472e-05 | 1.18791e-07 | 1 | 
Q_heap(0)

[[cMatrix]]
| -0.99999 | 0.00436152 | -5.4472e-05 | 
| 0.00436152 | 0.99999 | 1.18791e-07 | 
| -5.4472e-05 | 1.18791e-07 | 1 | 
===========================QR SECTION==========================
Vector x at 1 iter: 

Vector contents:
| 15116.1 |
| 124.573 |
Alpha 15116.6 at 1 iter: 

Vector u at 1 iter: 

Vector contents:
| 30232.6 |
| 124.573 |
Vector v at 1 iter: 

Vector contents:
| 0.999992 |
| 0.00412046 |
Q_tmp at 1 iter: 

[[cMatrix]]
| -0.999966 | -0.00824085 | 
| -0.00824085 | 0.999966 | 
Q_heap(1)

[[cMatrix]]
| 1 | 0 | 0 | 
| 0 | -0.999966 | -0.00824085 | 
| 0 | -0.00824085 | 0.999966 | 
===========================QR SECTION==========================
Vector x at 0 iter: 

Vector contents:
| 37655.9 |
| -65.9206 |
| -0.45211 |
Alpha 37655.9 at 0 iter: 

Vector u at 0 iter: 

Vector contents:
| 75311.8 |
| -65.9206 |
| -0.45211 |
Vector v at 0 iter: 

Vector contents:
| 1 |
| -0.000875303 |
| -6.00318e-06 |
Q_tmp at 0 iter: 

[[cMatrix]]
| -0.999998 | 0.0017506 | 1.20063e-05 | 
| 0.0017506 | 0.999998 | -1.05092e-08 | 
| 1.20063e-05 | -1.05092e-08 | 1 | 
Q_heap(0)

[[cMatrix]]
| -0.999998 | 0.0017506 | 1.20063e-05 | 
| 0.0017506 | 0.999998 | -1.05092e-08 | 
| 1.20063e-05 | -1.05092e-08 | 1 | 
===========================QR SECTION==========================
Vector x at 1 iter: 

Vector contents:
| 15117.4 |
| -68.3998 |
Alpha 15117.5 at 1 iter: 

Vector u at 1 iter: 

Vector contents:
| 30234.9 |
| -68.3998 |
Vector v at 1 iter: 

Vector contents:
| 0.999997 |
| -0.00226228 |
Q_tmp at 1 iter: 

[[cMatrix]]
| -0.99999 | 0.00452454 | 
| 0.00452454 | 0.99999 | 
Q_heap(1)

[[cMatrix]]
| 1 | 0 | 0 | 
| 0 | -0.99999 | 0.00452454 | 
| 0 | 0.00452454 | 0.99999 | 
===========================QR SECTION==========================
Vector x at 0 iter: 

Vector contents:
| 37656 |
| -26.4635 |
| 0.0996429 |
Alpha 37656 at 0 iter: 

Vector u at 0 iter: 

Vector contents:
| 75312.1 |
| -26.4635 |
| 0.0996429 |
Vector v at 0 iter: 

Vector contents:
| 1 |
| -0.000351385 |
| 1.32307e-06 |
Q_tmp at 0 iter: 

[[cMatrix]]
| -1 | 0.00070277 | -2.64613e-06 | 
| 0.00070277 | 1 | 9.29811e-10 | 
| -2.64613e-06 | 9.29811e-10 | 1 | 
Q_heap(0)

[[cMatrix]]
| -1 | 0.00070277 | -2.64613e-06 | 
| 0.00070277 | 1 | 9.29811e-10 | 
| -2.64613e-06 | 9.29811e-10 | 1 | 
===========================QR SECTION==========================
Vector x at 1 iter: 

Vector contents:
| 15117.8 |
| 37.5502 |
Alpha 15117.8 at 1 iter: 

Vector u at 1 iter: 

Vector contents:
| 30235.6 |
| 37.5502 |
Vector v at 1 iter: 

Vector contents:
| 0.999999 |
| 0.00124192 |
Q_tmp at 1 iter: 

[[cMatrix]]
| -0.999997 | -0.00248383 | 
| -0.00248383 | 0.999997 | 
Q_heap(1)

[[cMatrix]]
| 1 | 0 | 0 | 
| 0 | -0.999997 | -0.00248383 | 
| 0 | -0.00248383 | 0.999997 | 
===========================QR SECTION==========================
Vector x at 0 iter: 

Vector contents:
| 37656.1 |
| -10.6242 |
| -0.0219602 |
Alpha 37656.1 at 0 iter: 

Vector u at 0 iter: 

Vector contents:
| 75312.1 |
| -10.6242 |
| -0.0219602 |
Vector v at 0 iter: 

Vector contents:
| 1 |
| -0.000141069 |
| -2.91589e-07 |
Q_tmp at 0 iter: 

[[cMatrix]]
| -1 | 0.000282138 | 5.83179e-07 | 
| 0.000282138 | 1 | -8.22685e-11 | 
| 5.83179e-07 | -8.22685e-11 | 1 | 
Q_heap(0)

[[cMatrix]]
| -1 | 0.000282138 | 5.83179e-07 | 
| 0.000282138 | 1 | -8.22685e-11 | 
| 5.83179e-07 | -8.22685e-11 | 1 | 
===========================QR SECTION==========================
Vector x at 1 iter: 

Vector contents:
| 15117.9 |
| -20.6133 |
Alpha 15118 at 1 iter: 

Vector u at 1 iter: 

Vector contents:
| 30235.9 |
| -20.6133 |
Vector v at 1 iter: 

Vector contents:
| 1 |
| -0.000681748 |
Q_tmp at 1 iter: 

[[cMatrix]]
| -0.999999 | 0.0013635 | 
| 0.0013635 | 0.999999 | 
Q_heap(1)

[[cMatrix]]
| 1 | 0 | 0 | 
| 0 | -0.999999 | 0.0013635 | 
| 0 | 0.0013635 | 0.999999 | 
===========================QR SECTION==========================
Vector x at 0 iter: 

Vector contents:
| 37656.1 |
| -4.26533 |
| 0.00483975 |
Alpha 37656.1 at 0 iter: 

Vector u at 0 iter: 

Vector contents:
| 75312.1 |
| -4.26533 |
| 0.00483975 |
Vector v at 0 iter: 

Vector contents:
| 1 |
| -5.66354e-05 |
| 6.42626e-08 |
Q_tmp at 0 iter: 

[[cMatrix]]
| -1 | 0.000113271 | -1.28525e-07 | 
| 0.000113271 | 1 | 7.27908e-12 | 
| -1.28525e-07 | 7.27908e-12 | 1 | 
Q_heap(0)

[[cMatrix]]
| -1 | 0.000113271 | -1.28525e-07 | 
| 0.000113271 | 1 | 7.27908e-12 | 
| -1.28525e-07 | 7.27908e-12 | 1 | 
===========================QR SECTION==========================
Vector x at 1 iter: 

Vector contents:
| 15118 |
| 11.3155 |
Alpha 15118 at 1 iter: 

Vector u at 1 iter: 

Vector contents:
| 30236 |
| 11.3155 |
Vector v at 1 iter: 

Vector contents:
| 1 |
| 0.000374241 |
Q_tmp at 1 iter: 

[[cMatrix]]
| -1 | -0.000748483 | 
| -0.000748483 | 1 | 
Q_heap(1)

[[cMatrix]]
| 1 | 0 | 0 | 
| 0 | -1 | -0.000748483 | 
| 0 | -0.000748483 | 1 | 
===========================QR SECTION==========================
Vector x at 0 iter: 

Vector contents:
| 37656.1 |
| -1.71242 |
| -0.00106662 |
Alpha 37656.1 at 0 iter: 

Vector u at 0 iter: 

Vector contents:
| 75312.1 |
| -1.71242 |
| -0.00106662 |
Vector v at 0 iter: 

Vector contents:
| 1 |
| -2.27377e-05 |
| -1.41626e-08 |
Q_tmp at 0 iter: 

[[cMatrix]]
| -1 | 4.54754e-05 | 2.83253e-08 | 
| 4.54754e-05 | 1 | -6.44051e-13 | 
| 2.83253e-08 | -6.44051e-13 | 1 | 
Q_heap(0)

[[cMatrix]]
| -1 | 4.54754e-05 | 2.83253e-08 | 
| 4.54754e-05 | 1 | -6.44051e-13 | 
| 2.83253e-08 | -6.44051e-13 | 1 | 
===========================QR SECTION==========================
Vector x at 1 iter: 

Vector contents:
| 15118 |
| -6.21158 |
Alpha 15118 at 1 iter: 

Vector u at 1 iter: 

Vector contents:
| 30236 |
| -6.21158 |
Vector v at 1 iter: 

Vector contents:
| 1 |
| -0.000205437 |
Q_tmp at 1 iter: 

[[cMatrix]]
| -1 | 0.000410873 | 
| 0.000410873 | 1 | 
Q_heap(1)

[[cMatrix]]
| 1 | 0 | 0 | 
| 0 | -1 | 0.000410873 | 
| 0 | 0.000410873 | 1 | 
===========================EIGEN SECTION==========================
Eigenvalue matrix after 12 iterations of the QR algorithm
[[cMatrix]]
| 37656.1 | -1.71242 | -0.00106662 | 
| -1.71242 | 15118 | -6.21158 | 
| -0.00106662 | -6.21158 | 8298.9 | 
Eigenvector matrix Q_0:
[[cMatrix]]
| -0.92045 | -0.169639 | 0.352129 | 
| 0.0179518 | -0.918304 | -0.395469 | 
| 0.390449 | -0.357688 | 0.848298 | 
Eigenvector matrix after multiplying by Q_1:
[[cMatrix]]
| 0.610811 | 0.524783 | 0.592885 | 
| -0.281937 | 0.843879 | -0.456486 | 
| -0.739879 | 0.111671 | 0.663407 | 
Eigenvector matrix Q_1
[[cMatrix]]
| -0.856167 | -0.424286 | -0.294889 | 
| 0.419932 | -0.903905 | 0.081324 | 
| -0.301056 | -0.0542065 | 0.952064 | 
Number of iterations: 12
Eigenvector matrix after multiplying by Q_2:
[[cMatrix]]
| -0.320122 | -0.622834 | 0.713863 | 
| 0.524384 | -0.74405 | -0.414018 | 
| 0.789014 | 0.241802 | 0.564791 | 
Eigenvector matrix Q_2
[[cMatrix]]
| -0.927152 | -0.349563 | 0.134885 | 
| 0.362632 | -0.927739 | 0.0883124 | 
| 0.0942675 | 0.130793 | 0.986918 | 
Number of iterations: 12
Eigenvector matrix after multiplying by Q_3:
[[cMatrix]]
| 0.195042 | 0.603064 | 0.773481 | 
| -0.632248 | 0.68021 | -0.370914 | 
| -0.749814 | -0.416688 | 0.513956 | 
Eigenvector matrix Q_3
[[cMatrix]]
| -0.985592 | -0.165136 | -0.0365917 | 
| 0.167639 | -0.982474 | -0.0814959 | 
| -0.0224925 | -0.0864559 | 0.996002 | 
Number of iterations: 12
Eigenvector matrix after multiplying by Q_4:
[[cMatrix]]
| -0.149773 | -0.576019 | 0.803598 | 
| 0.675052 | -0.653421 | -0.342558 | 
| 0.722408 | 0.491165 | 0.486707 | 
Eigenvector matrix Q_4
[[cMatrix]]
| -0.997684 | -0.0675054 | 0.00837761 | 
| 0.0678352 | -0.996502 | 0.0488051 | 
| 0.0050537 | 0.0492604 | 0.998773 | 
Number of iterations: 12
Eigenvector matrix after multiplying by Q_5:
[[cMatrix]]
| 0.133188 | 0.557734 | 0.819264 | 
| -0.69215 | 0.643991 | -0.32589 | 
| -0.709359 | -0.523649 | 0.471807 | 
Eigenvector matrix Q_5
[[cMatrix]]
| -0.999631 | -0.0270942 | -0.00185869 | 
| 0.0271348 | -0.999261 | -0.0272329 | 
| -0.00111946 | -0.0272733 | 0.999627 | 
Number of iterations: 12
Eigenvector matrix after multiplying by Q_6:
[[cMatrix]]
| -0.126914 | -0.546794 | 0.827593 | 
| 0.69903 | -0.641249 | -0.316477 | 
| 0.70374 | 0.538346 | 0.463608 | 
Eigenvector matrix Q_6
[[cMatrix]]
| -0.999941 | -0.010867 | 0.000410141 | 
| 0.0108719 | -0.999828 | 0.0150002 | 
| 0.000247065 | 0.0150037 | 0.999887 | 
Number of iterations: 12
Eigenvector matrix after multiplying by Q_7:
[[cMatrix]]
| 0.124482 | 0.540503 | 0.832082 | 
| -0.701802 | 0.64078 | -0.311246 | 
| -0.701411 | -0.545212 | 0.459093 | 
Eigenvector matrix Q_7
[[cMatrix]]
| -0.99999 | -0.00436092 | -9.04127e-05 | 
| 0.00436152 | -0.999957 | -0.00824065 | 
| -5.4472e-05 | -0.00824096 | 0.999966 | 
Number of iterations: 12
Eigenvector matrix after multiplying by Q_8:
[[cMatrix]]
| -0.123526 | -0.53695 | 0.834521 | 
| 0.702919 | -0.640953 | -0.308357 | 
| 0.700461 | 0.548511 | 0.456607 | 
Eigenvector matrix Q_8
[[cMatrix]]
| -0.999998 | -0.00175053 | 1.99269e-05 | 
| 0.0017506 | -0.999988 | 0.00452452 | 
| 1.20063e-05 | 0.00452455 | 0.99999 | 
Number of iterations: 12
Eigenvector matrix after multiplying by Q_9:
[[cMatrix]]
| 0.123147 | 0.534962 | 0.835853 | 
| -0.703369 | 0.641222 | -0.306767 | 
| -0.700077 | -0.550136 | 0.45524 | 
Eigenvector matrix Q_9
[[cMatrix]]
| -1 | -0.000702761 | -4.39169e-06 | 
| 0.00070277 | -0.999997 | -0.00248383 | 
| -2.64613e-06 | -0.00248383 | 0.999997 | 
Number of iterations: 12
Eigenvector matrix after multiplying by Q_10:
[[cMatrix]]
| -0.122995 | -0.533857 | 0.836582 | 
| 0.70355 | -0.641442 | -0.305893 | 
| 0.699922 | 0.550953 | 0.454489 | 
Eigenvector matrix Q_10
[[cMatrix]]
| -1 | -0.000282137 | 9.67872e-07 | 
| 0.000282138 | -0.999999 | 0.0013635 | 
| 5.83179e-07 | 0.0013635 | 0.999999 | 
Number of iterations: 12
Eigenvector matrix after multiplying by Q_11:
[[cMatrix]]
| 0.122934 | 0.533244 | 0.836981 | 
| -0.703622 | 0.641591 | -0.305413 | 
| -0.699859 | -0.551373 | 0.454076 | 
Eigenvector matrix Q_11
[[cMatrix]]
| -1 | -0.000113271 | -2.13306e-07 | 
| 0.000113271 | -1 | -0.000748483 | 
| -1.28525e-07 | -0.000748483 | 1 | 
Number of iterations: 12
Eigenvector matrix after multiplying by Q_12:
[[cMatrix]]
| -0.12291 | -0.532906 | 0.8372 | 
| 0.703651 | -0.641684 | -0.30515 | 
| 0.699834 | 0.551591 | 0.45385 | 
Eigenvector matrix Q_12
[[cMatrix]]
| -1 | -4.54754e-05 | 4.70099e-08 | 
| 4.54754e-05 | -1 | 0.000410873 | 
| 2.83253e-08 | 0.000410873 | 1 | 
Number of iterations: 12
===========================SVD SECTION==========================
A*A' = 
[[cMatrix]]
| 10675.8 | -208.214 | -4528.61 | 
| -208.214 | 25644.1 | 12041.5 | 
| -4528.61 | 12041.5 | 24753 | 

Eigenvectors of A*A' (U) = 

[[cMatrix]]
| -0.12291 | -0.532906 | 0.8372 | 
| 0.703651 | -0.641684 | -0.30515 | 
| 0.699834 | 0.551591 | 0.45385 | 

Singular values of A'*A (S) = 

[[cMatrix]]
| 194.052 | 0 | 0 | 
| 0 | 122.955 | 0 | 
| 0 | 0 | 91.0983 | 

Eigenvectors of A'*A (V) = 

[[cMatrix]]
| 0.825133 | -0.405216 | 0.393544 | 
| -0.144574 | -0.825076 | -0.546457 | 
| 0.546126 | 0.393763 | -0.739261 | 


Q_U = 
[[cMatrix]]
| -1 | -4.54754e-05 | 4.70099e-08 | 
| 4.54754e-05 | -1 | 0.000410873 | 
| 2.83253e-08 | 0.000410873 | 1 | 
Q_U iter = 12
Q_V = 
[[cMatrix]]
| 0 | 0 | 0 | 0 | 
| 0 | 0 | 0 | 0 | 
| 0 | 0 | 0 | 0 | 
| 0 | 0 | 0 | 0 | 
Q_V iter = 2685004



Original matrix A = U*S*V' = 
[[cMatrix]]
| 36.8857 | 15.8333 | -95.208 | 
| 133.699 | 60.5472 | 64.0538 | 
| 100.845 | -98.1844 | 70.3068 | 
===========================KABSCH SECTION==========================

Centroid of A = 
Vector contents:
| 5.36842 |
| 4.94737 |
| 4.52632 |

Centroid of B = 
Vector contents:
| -1.67127 |
| 8.42527 |
| 0.0749079 |

A - centroidA =
[[cMatrix]]
| -0.368421 | -2.36842 | 2.63158 | 2.63158 | -3.36842 | 2.63158 | -5.36842 | 1.63158 | 3.63158 | 3.63158 | 2.63158 | 2.63158 | -5.36842 | 0.631579 | -2.36842 | -4.36842 | -0.368421 | 1.63158 | -0.368421 | 
| 0.0526316 | 2.05263 | 0.0526316 | 3.05263 | -3.94737 | 3.05263 | -0.947368 | -1.94737 | 1.05263 | -4.94737 | -1.94737 | 3.05263 | -0.947368 | -2.94737 | 3.05263 | 3.05263 | -1.94737 | 0.0526316 | 1.05263 | 
| -0.526316 | -0.526316 | -4.52632 | -0.526316 | 2.47368 | 4.47368 | -4.52632 | -0.526316 | 1.47368 | 0.473684 | 2.47368 | -1.52632 | 0.473684 | 3.47368 | -0.526316 | -1.52632 | -2.52632 | 4.47368 | -2.52632 | 

B - centroidB =
[[cMatrix]]
| 0.307963 | -0.580097 | 5.22415 | 1.64035 | -3.71243 | -2.83959 | 1.67147 | 1.19602 | 0.292363 | 1.18805 | -1.04786 | 2.53634 | -2.80847 | -2.83205 | -0.580047 | -0.572217 | 2.09984 | -3.28381 | 2.09999 | 
| -0.422151 | -0.674491 | 0.310839 | 3.52255 | -3.88976 | 5.30831 | -6.04781 | -0.169811 | 3.76866 | -0.154691 | 1.62218 | 3.1654 | -4.26204 | -0.0561005 | -0.0801305 | -1.87835 | -2.32519 | 2.80468 | -0.542091 | 
| -0.377438 | -3.05095 | 0.164612 | -1.19233 | 2.03339 | 0.127222 | -3.29169 | 2.29608 | 1.47644 | 6.0377 | 3.62037 | -1.45625 | -1.97214 | 3.62335 | -3.85514 | -5.18418 | 0.703132 | 2.00724 | -1.70945 | 

H = 
[[cMatrix]]
| 36.8857 | 15.8333 | -95.208 | 
| 133.699 | 60.5472 | 64.0538 | 
| 100.845 | -98.1844 | 70.3068 | 

Det of R = 1

Rotation matrix = 
[[cMatrix]]
| 0.444 | 0.720537 | 0.532553 | 
| -3.62857e-05 | 0.59446 | -0.804291 | 
| -0.895873 | 0.357196 | 0.263881 | 

R * B = 
[[cMatrix]]
| 5.00012 | 3.00022 | 7.99973 | 8.00003 | 2.00042 | 8.00037 | 3.10786e-05 | 7.00003 | 9.00012 | 9 | 8.0002 | 7.99996 | 0.000379738 | 6.00034 | 3.00022 | 1.00023 | 4.99997 | 7.00039 | 4.99999 | 
| 5.00091 | 7.00121 | 5.0005 | 8.00124 | 1.00069 | 8.00166 | 4.00053 | 3.00059 | 6.00112 | 0.00022783 | 3.00083 | 8.00116 | 4.00096 | 2.00082 | 8.00134 | 8.00131 | 3.00047 | 5.00128 | 6.00087 | 
| 4.0002 | 4.00017 | 0.00078052 | 4.00055 | 6.99952 | 9.00008 | 0.000194701 | 4.00024 | 6.00032 | 5.00012 | 7.00002 | 3.00064 | 4.99972 | 7.99974 | 4.00022 | 3.00018 | 2.00029 | 8.99985 | 2.00044 | 

Translation matrix = 
Vector contents:
| -0.00014389 |
| -0.000931961 |
| -0.000172452 |

Result of the algorithm: 

R * B + t = A
[[cMatrix]]
| 4.99998 | 3.00007 | 7.99958 | 7.99989 | 2.00028 | 8.00023 | -0.000112811 | 6.99989 | 8.99997 | 8.99985 | 8.00005 | 7.99982 | 0.000235848 | 6.0002 | 3.00008 | 1.00009 | 4.99982 | 7.00025 | 4.99985 | 
| 4.99998 | 7.00028 | 4.99956 | 8.0003 | 0.999756 | 8.00073 | 3.9996 | 2.99966 | 6.00019 | -0.000704131 | 2.99989 | 8.00023 | 4.00003 | 1.99989 | 8.00041 | 8.00037 | 2.99954 | 5.00035 | 5.99994 | 
| 4.00003 | 4 | 0.000608068 | 4.00038 | 6.99934 | 8.9999 | 2.2248e-05 | 4.00007 | 6.00015 | 4.99995 | 6.99984 | 3.00047 | 4.99955 | 7.99956 | 4.00005 | 3.00001 | 2.00012 | 8.99968 | 2.00027 | 

Original matrix A = 
[[cMatrix]]
| 5 | 3 | 8 | 8 | 2 | 8 | 0 | 7 | 9 | 9 | 8 | 8 | 0 | 6 | 3 | 1 | 5 | 7 | 5 | 
| 5 | 7 | 5 | 8 | 1 | 8 | 4 | 3 | 6 | 0 | 3 | 8 | 4 | 2 | 8 | 8 | 3 | 5 | 6 | 
| 4 | 4 | 0 | 4 | 7 | 9 | 0 | 4 | 6 | 5 | 7 | 3 | 5 | 8 | 4 | 3 | 2 | 9 | 2 | 

Transformed matrix B = 
[[cMatrix]]
| -1.36331 | -2.25137 | 3.55288 | -0.03092 | -5.3837 | -4.51086 | 0.0002 | -0.47525 | -1.37891 | -0.48322 | -2.71913 | 0.86507 | -4.47974 | -4.50332 | -2.25132 | -2.24349 | 0.42857 | -4.95508 | 0.42872 | 
| 8.00312 | 7.75078 | 8.73611 | 11.9478 | 4.53551 | 13.7336 | 2.37746 | 8.25546 | 12.1939 | 8.27058 | 10.0474 | 11.5907 | 4.16323 | 8.36917 | 8.34514 | 6.54692 | 6.10008 | 11.2299 | 7.88318 | 
| -0.30253 | -2.97604 | 0.23952 | -1.11742 | 2.1083 | 0.20213 | -3.21678 | 2.37099 | 1.55135 | 6.11261 | 3.69528 | -1.38134 | -1.89723 | 3.69826 | -3.78023 | -5.10927 | 0.77804 | 2.08215 | -1.63454 | 
