
Original matrix A = 
[[cMatrix]]
| 3 | 0 | 0 | 1 | 5 | 7 | 3 | 
| 0 | 0 | 8 | 4 | 1 | 3 | 8 | 
| 5 | 3 | 9 | 2 | 2 | 4 | 2 | 

Transformed matrix B = 
[[cMatrix]]
| 4.90035 | 2.63969 | 11.478 | 3.70622 | 3.03945 | 6.02289 | 5.81961 | 
| 0.72256 | 1.38279 | -1.5616 | -2.46049 | -2.4287 | -3.98906 | -6.37019 | 
| 3.07644 | 0.34633 | -3.28886 | -1.09996 | 3.85528 | 4.67035 | -1.59774 | 
===========================QR SECTION==========================
Vector x at 0 iter: 

Vector contents:
| 3728.93 |
| -1041.72 |
| -3042.17 |
Alpha 4923.91 at 0 iter: 

Vector u at 0 iter: 

Vector contents:
| 8652.85 |
| -1041.72 |
| -3042.17 |
Vector v at 0 iter: 

Vector contents:
| 0.937366 |
| -0.11285 |
| -0.329559 |
Q_tmp at 0 iter: 

[[cMatrix]]
| -0.757311 | 0.211564 | 0.617836 | 
| 0.211564 | 0.97453 | -0.0743818 | 
| 0.617836 | -0.0743818 | 0.782781 | 
Q_heap(0)

[[cMatrix]]
| -0.757311 | 0.211564 | 0.617836 | 
| 0.211564 | 0.97453 | -0.0743818 | 
| 0.617836 | -0.0743818 | 0.782781 | 
===========================QR SECTION==========================
Vector x at 1 iter: 

Vector contents:
| 1588.32 |
| -182.771 |
Alpha 1598.8 at 1 iter: 

Vector u at 1 iter: 

Vector contents:
| 3187.12 |
| -182.771 |
Vector v at 1 iter: 

Vector contents:
| 0.99836 |
| -0.0572528 |
Q_tmp at 1 iter: 

[[cMatrix]]
| -0.993444 | 0.114318 | 
| 0.114318 | 0.993444 | 
Q_heap(1)

[[cMatrix]]
| 1 | 0 | 0 | 
| 0 | -0.993444 | 0.114318 | 
| 0 | 0.114318 | 0.993444 | 
===========================QR SECTION==========================
Vector x at 0 iter: 

Vector contents:
| 7088.7 |
| -149.02 |
| 664.038 |
Alpha 7121.29 at 0 iter: 

Vector u at 0 iter: 

Vector contents:
| 14210 |
| -149.02 |
| 664.038 |
Vector v at 0 iter: 

Vector contents:
| 0.998855 |
| -0.010475 |
| 0.0466769 |
Q_tmp at 0 iter: 

[[cMatrix]]
| -0.995423 | 0.020926 | -0.0932469 | 
| 0.020926 | 0.999781 | 0.00097788 | 
| -0.0932469 | 0.00097788 | 0.995643 | 
Q_heap(0)

[[cMatrix]]
| -0.995423 | 0.020926 | -0.0932469 | 
| 0.020926 | 0.999781 | 0.00097788 | 
| -0.0932469 | 0.00097788 | 0.995643 | 
===========================QR SECTION==========================
Vector x at 1 iter: 

Vector contents:
| 1608.2 |
| 190.304 |
Alpha 1619.42 at 1 iter: 

Vector u at 1 iter: 

Vector contents:
| 3227.61 |
| 190.304 |
Vector v at 1 iter: 

Vector contents:
| 0.998266 |
| 0.058859 |
Q_tmp at 1 iter: 

[[cMatrix]]
| -0.993071 | -0.117514 | 
| -0.117514 | 0.993071 | 
Q_heap(1)

[[cMatrix]]
| 1 | 0 | 0 | 
| 0 | -0.993071 | -0.117514 | 
| 0 | -0.117514 | 0.993071 | 
===========================QR SECTION==========================
Vector x at 0 iter: 

Vector contents:
| 7160.64 |
| -7.92701 |
| -68.4135 |
Alpha 7160.98 at 0 iter: 

Vector u at 0 iter: 

Vector contents:
| 14321.6 |
| -7.92701 |
| -68.4135 |
Vector v at 0 iter: 

Vector contents:
| 0.999988 |
| -0.000553493 |
| -0.00477688 |
Q_tmp at 0 iter: 

[[cMatrix]]
| -0.999954 | 0.00110697 | 0.00955366 | 
| 0.00110697 | 0.999999 | -5.28795e-06 | 
| 0.00955366 | -5.28795e-06 | 0.999954 | 
Q_heap(0)

[[cMatrix]]
| -0.999954 | 0.00110697 | 0.00955366 | 
| 0.00110697 | 0.999999 | -5.28795e-06 | 
| 0.00955366 | -5.28795e-06 | 0.999954 | 
===========================QR SECTION==========================
Vector x at 1 iter: 

Vector contents:
| 1640.86 |
| -86.635 |
Alpha 1643.15 at 1 iter: 

Vector u at 1 iter: 

Vector contents:
| 3284.02 |
| -86.635 |
Vector v at 1 iter: 

Vector contents:
| 0.999652 |
| -0.0263717 |
Q_tmp at 1 iter: 

[[cMatrix]]
| -0.998609 | 0.052725 | 
| 0.052725 | 0.998609 | 
Q_heap(1)

[[cMatrix]]
| 1 | 0 | 0 | 
| 0 | -0.998609 | 0.052725 | 
| 0 | 0.052725 | 0.998609 | 
===========================QR SECTION==========================
Vector x at 0 iter: 

Vector contents:
| 7161.37 |
| -0.627384 |
| 6.86981 |
Alpha 7161.38 at 0 iter: 

Vector u at 0 iter: 

Vector contents:
| 14322.7 |
| -0.627384 |
| 6.86981 |
Vector v at 0 iter: 

Vector contents:
| 1 |
| -4.38033e-05 |
| 0.000479643 |
Q_tmp at 0 iter: 

[[cMatrix]]
| -1 | 8.76066e-05 | -0.000959286 | 
| 8.76066e-05 | 1 | 4.20199e-08 | 
| -0.000959286 | 4.20199e-08 | 1 | 
Q_heap(0)

[[cMatrix]]
| -1 | 8.76066e-05 | -0.000959286 | 
| 8.76066e-05 | 1 | 4.20199e-08 | 
| -0.000959286 | 4.20199e-08 | 1 | 
===========================QR SECTION==========================
Vector x at 1 iter: 

Vector contents:
| 1647.44 |
| 37.916 |
Alpha 1647.88 at 1 iter: 

Vector u at 1 iter: 

Vector contents:
| 3295.32 |
| 37.916 |
Vector v at 1 iter: 

Vector contents:
| 0.999934 |
| 0.0115053 |
Q_tmp at 1 iter: 

[[cMatrix]]
| -0.999735 | -0.023009 | 
| -0.023009 | 0.999735 | 
Q_heap(1)

[[cMatrix]]
| 1 | 0 | 0 | 
| 0 | -0.999735 | -0.023009 | 
| 0 | -0.023009 | 0.999735 | 
===========================QR SECTION==========================
Vector x at 0 iter: 

Vector contents:
| 7161.38 |
| -0.0921536 |
| -0.687783 |
Alpha 7161.38 at 0 iter: 

Vector u at 0 iter: 

Vector contents:
| 14322.8 |
| -0.0921536 |
| -0.687783 |
Vector v at 0 iter: 

Vector contents:
| 1 |
| -6.43407e-06 |
| -4.80203e-05 |
Q_tmp at 0 iter: 

[[cMatrix]]
| -1 | 1.28681e-05 | 9.60406e-05 | 
| 1.28681e-05 | 1 | -6.17932e-10 | 
| 9.60406e-05 | -6.17932e-10 | 1 | 
Q_heap(0)

[[cMatrix]]
| -1 | 1.28681e-05 | 9.60406e-05 | 
| 1.28681e-05 | 1 | -6.17932e-10 | 
| 9.60406e-05 | -6.17932e-10 | 1 | 
===========================QR SECTION==========================
Vector x at 1 iter: 

Vector contents:
| 1648.69 |
| -16.4969 |
Alpha 1648.78 at 1 iter: 

Vector u at 1 iter: 

Vector contents:
| 3297.47 |
| -16.4969 |
Vector v at 1 iter: 

Vector contents:
| 0.999987 |
| -0.00500283 |
Q_tmp at 1 iter: 

[[cMatrix]]
| -0.99995 | 0.0100055 | 
| 0.0100055 | 0.99995 | 
Q_heap(1)

[[cMatrix]]
| 1 | 0 | 0 | 
| 0 | -0.99995 | 0.0100055 | 
| 0 | 0.0100055 | 0.99995 | 
===========================QR SECTION==========================
Vector x at 0 iter: 

Vector contents:
| 7161.38 |
| -0.0189436 |
| 0.068821 |
Alpha 7161.38 at 0 iter: 

Vector u at 0 iter: 

Vector contents:
| 14322.8 |
| -0.0189436 |
| 0.068821 |
Vector v at 0 iter: 

Vector contents:
| 1 |
| -1.32262e-06 |
| 4.80501e-06 |
Q_tmp at 0 iter: 

[[cMatrix]]
| -1 | 2.64524e-06 | -9.61002e-06 | 
| 2.64524e-06 | 1 | 1.27104e-11 | 
| -9.61002e-06 | 1.27104e-11 | 1 | 
Q_heap(0)

[[cMatrix]]
| -1 | 2.64524e-06 | -9.61002e-06 | 
| 2.64524e-06 | 1 | 1.27104e-11 | 
| -9.61002e-06 | 1.27104e-11 | 1 | 
===========================QR SECTION==========================
Vector x at 1 iter: 

Vector contents:
| 1648.93 |
| 7.16979 |
Alpha 1648.95 at 1 iter: 

Vector u at 1 iter: 

Vector contents:
| 3297.87 |
| 7.16979 |
Vector v at 1 iter: 

Vector contents:
| 0.999998 |
| 0.00217406 |
Q_tmp at 1 iter: 

[[cMatrix]]
| -0.999991 | -0.00434811 | 
| -0.00434811 | 0.999991 | 
Q_heap(1)

[[cMatrix]]
| 1 | 0 | 0 | 
| 0 | -0.999991 | -0.00434811 | 
| 0 | -0.00434811 | 0.999991 | 
===========================EIGEN SECTION==========================
Eigenvalue matrix after 5 iterations of the QR algorithm
[[cMatrix]]
| 7161.38 | -0.0189436 | 0.068821 | 
| -0.0189436 | 1648.93 | 7.16979 | 
| 0.068821 | 7.16979 | 716.547 | 
Eigenvector matrix Q_0:
[[cMatrix]]
| -0.757311 | -0.139548 | 0.637971 | 
| 0.211564 | -0.976644 | 0.0375118 | 
| 0.617836 | 0.16338 | 0.769146 | 
Eigenvector matrix after multiplying by Q_1:
[[cMatrix]]
| 0.691436 | 0.0707424 | 0.718966 | 
| -0.234531 | 0.963273 | 0.13077 | 
| -0.683309 | -0.259039 | 0.682633 | 
Eigenvector matrix Q_1
[[cMatrix]]
| -0.995423 | -0.00982318 | -0.0950599 | 
| 0.020926 | -0.992968 | -0.116517 | 
| -0.0932469 | -0.117973 | 0.988629 | 
Number of iterations: 5
Eigenvector matrix after multiplying by Q_2:
[[cMatrix]]
| -0.684457 | -0.0331505 | 0.728299 | 
| 0.236836 | -0.954896 | 0.179114 | 
| 0.689513 | 0.295083 | 0.661436 | 
Eigenvector matrix Q_2
[[cMatrix]]
| -0.999954 | -0.000601718 | 0.00959873 | 
| 0.00110697 | -0.998609 | 0.0527196 | 
| 0.00955366 | 0.0527278 | 0.998563 | 
Number of iterations: 5
Eigenvector matrix after multiplying by Q_3:
[[cMatrix]]
| 0.683755 | 0.0164291 | 0.729527 | 
| -0.237091 | 0.950507 | 0.20081 | 
| -0.690121 | -0.310269 | 0.653809 | 
Eigenvector matrix Q_3
[[cMatrix]]
| -1 | -6.55112e-05 | -0.000961048 | 
| 8.76066e-05 | -0.999735 | -0.023009 | 
| -0.000959286 | -0.023009 | 0.999735 | 
Number of iterations: 5
Eigenvector matrix after multiplying by Q_4:
[[cMatrix]]
| -0.683685 | -0.00913708 | 0.72972 | 
| 0.237123 | -0.948447 | 0.210288 | 
| 0.69018 | 0.316804 | 0.650605 | 
Eigenvector matrix Q_4
[[cMatrix]]
| -1 | -1.19066e-05 | 9.61645e-05 | 
| 1.28681e-05 | -0.99995 | 0.0100055 | 
| 9.60406e-05 | 0.0100055 | 0.99995 | 
Number of iterations: 5
Eigenvector matrix after multiplying by Q_5:
[[cMatrix]]
| 0.683678 | 0.00596587 | 0.72976 | 
| -0.237127 | 0.947523 | 0.214407 | 
| -0.690185 | -0.319631 | 0.649215 | 
Eigenvector matrix Q_5
[[cMatrix]]
| -1 | -2.60343e-06 | -9.62143e-06 | 
| 2.64524e-06 | -0.999991 | -0.00434811 | 
| -9.61002e-06 | -0.00434811 | 0.999991 | 
Number of iterations: 5
===========================SVD SECTION==========================
A*A' = 
[[cMatrix]]
| 3728.93 | -1041.72 | -3042.17 | 
| -1041.72 | 1914.8 | 770.675 | 
| -3042.17 | 770.675 | 3883.12 | 

Eigenvectors of A*A' (U) = 

[[cMatrix]]
| 0.683678 | 0.00596587 | 0.72976 | 
| -0.237127 | 0.947523 | 0.214407 | 
| -0.690185 | -0.319631 | 0.649215 | 

Singular values of A'*A (S) = 

[[cMatrix]]
| 84.6249 | 0 | 0 | 
| 0 | 40.607 | 0 | 
| 0 | 0 | 26.7684 | 

Eigenvectors of A'*A (V) = 

[[cMatrix]]
| -0.335778 | -0.765605 | 0.550917 | 
| 0.846772 | -0.500524 | -0.178729 | 
| 0.412589 | 0.404167 | 0.815159 | 


Q_U = 
[[cMatrix]]
| -1 | -2.60343e-06 | -9.62143e-06 | 
| 2.64524e-06 | -0.999991 | -0.00434811 | 
| -9.61002e-06 | -0.00434811 | 0.999991 | 
Q_U iter = 5
Q_V = 
[[cMatrix]]
| 0 | 0 | 0 | 0 | 
| 0 | 0 | 0 | 0 | 
| 0 | 0 | 0 | 0 | 
| 0 | 0 | 0 | 0 | 
Q_V iter = 2685004



Original matrix A = U*S*V' = 
[[cMatrix]]
| -8.85045 | 45.3783 | 39.8925 | 
| -19.5576 | -37.2761 | 11.9499 | 
| 39.1229 | -46.0669 | -15.1777 | 
===========================KABSCH SECTION==========================

Centroid of A = 
Vector contents:
| 2.71429 |
| 3.42857 |
| 3.85714 |

Centroid of B = 
Vector contents:
| 5.37232 |
| -2.10067 |
| 0.851691 |

A - centroidA =
[[cMatrix]]
| 0.285714 | -2.71429 | -2.71429 | -1.71429 | 2.28571 | 4.28571 | 0.285714 | 
| -3.42857 | -3.42857 | 4.57143 | 0.571429 | -2.42857 | -0.428571 | 4.57143 | 
| 1.14286 | -0.857143 | 5.14286 | -1.85714 | -1.85714 | 0.142857 | -1.85714 | 

B - centroidB =
[[cMatrix]]
| -0.471967 | -2.73263 | 6.10569 | -1.6661 | -2.33287 | 0.650573 | 0.447293 | 
| 2.82323 | 3.48346 | 0.53907 | -0.35982 | -0.32803 | -1.88839 | -4.26952 | 
| 2.22475 | -0.505361 | -4.14055 | -1.95165 | 3.00359 | 3.81866 | -2.44943 | 

H = 
[[cMatrix]]
| -8.85045 | 45.3783 | 39.8925 | 
| -19.5576 | -37.2761 | 11.9499 | 
| 39.1229 | -46.0669 | -15.1777 | 

Det of R = 0.999978

Rotation matrix = 
[[cMatrix]]
| 0.167905 | -0.527686 | 0.834124 | 
| 0.445504 | -0.713372 | -0.54048 | 
| 0.879359 | 0.459898 | 0.115266 | 

R * B = 
[[cMatrix]]
| 3.00764 | 0.00242136 | 0.00793478 | 1.00316 | 5.00771 | 7.0119 | 3.00589 | 
| 0.00491562 | 0.00236337 | 8.00506 | 4.00089 | 1.00295 | 3.00467 | 8.00052 | 
| 4.99608 | 2.9971 | 8.99603 | 2.00074 | 2.0002 | 4.00006 | 2.00373 | 

Translation matrix = 
Vector contents:
| -0.0066653 |
| -0.00305243 |
| 0.000866786 |

Result of the algorithm: 

R * B + t = A
[[cMatrix]]
| 3.00098 | -0.00424393 | 0.00126949 | 0.996491 | 5.00105 | 7.00523 | 2.99922 | 
| 0.00186319 | -0.000689059 | 8.00201 | 3.99783 | 0.999899 | 3.00162 | 7.99747 | 
| 4.99695 | 2.99796 | 8.99689 | 2.00161 | 2.00107 | 4.00093 | 2.0046 | 

Original matrix A = 
[[cMatrix]]
| 3 | 0 | 0 | 1 | 5 | 7 | 3 | 
| 0 | 0 | 8 | 4 | 1 | 3 | 8 | 
| 5 | 3 | 9 | 2 | 2 | 4 | 2 | 

Transformed matrix B = 
[[cMatrix]]
| 4.90035 | 2.63969 | 11.478 | 3.70622 | 3.03945 | 6.02289 | 5.81961 | 
| 0.72256 | 1.38279 | -1.5616 | -2.46049 | -2.4287 | -3.98906 | -6.37019 | 
| 3.07644 | 0.34633 | -3.28886 | -1.09996 | 3.85528 | 4.67035 | -1.59774 | 
