
Original matrix A = 
[[cMatrix]]
| 2 | 3 | 7 | 4 | 0 | 7 | 5 | 2 | 9 | 6 | 4 | 3 | 9 | 4 | 5 | 3 | 3 | 
| 7 | 4 | 4 | 9 | 1 | 1 | 7 | 9 | 9 | 8 | 4 | 5 | 1 | 2 | 2 | 5 | 0 | 
| 4 | 5 | 1 | 1 | 1 | 5 | 0 | 3 | 2 | 5 | 1 | 1 | 2 | 0 | 8 | 1 | 4 | 

Transformed matrix B = 
[[cMatrix]]
| 6.55161 | 6.37462 | 3.005 | 4.7291 | 1.30774 | 5.50587 | 3.10667 | 6.41391 | 6.02342 | 8.16063 | 2.77905 | 3.09374 | 2.90333 | 1.0813 | 8.49841 | 3.09374 | 3.89686 | 
| -5.1039 | -2.45567 | -5.32613 | -8.65224 | -0.46805 | -1.1756 | -7.64908 | -7.21702 | -9.88627 | -6.87304 | -4.3503 | -4.88542 | -3.00317 | -3.02187 | -0.20842 | -4.88542 | 0.59354 | 
| -0.16298 | 1.82588 | 5.34812 | 0.87996 | -0.26601 | 6.58053 | 2.41664 | -0.88116 | 5.65509 | 3.34148 | 2.52027 | 1.24959 | 8.27959 | 3.11434 | 4.55341 | 1.24959 | 3.07607 | 
===========================QR SECTION==========================
Vector x at 0 iter: 

Vector contents:
| 6701.82 |
| -3835.65 |
| 251.709 |
Alpha 7725.93 at 0 iter: 

Vector u at 0 iter: 

Vector contents:
| 14427.7 |
| -3835.65 |
| 251.709 |
Vector v at 0 iter: 

Vector contents:
| 0.966293 |
| -0.256891 |
| 0.0168581 |
Q_tmp at 0 iter: 

[[cMatrix]]
| -0.867445 | 0.496465 | -0.0325798 | 
| 0.496465 | 0.868014 | 0.00866142 | 
| -0.0325798 | 0.00866142 | 0.999432 | 
Q_heap(0)

[[cMatrix]]
| -0.867445 | 0.496465 | -0.0325798 | 
| 0.496465 | 0.868014 | 0.00866142 | 
| -0.0325798 | 0.00866142 | 0.999432 | 
===========================QR SECTION==========================
Vector x at 1 iter: 

Vector contents:
| 18387.4 |
| 5114.41 |
Alpha 19085.4 at 1 iter: 

Vector u at 1 iter: 

Vector contents:
| 37472.9 |
| 5114.41 |
Vector v at 1 iter: 

Vector contents:
| 0.990814 |
| 0.135229 |
Q_tmp at 1 iter: 

[[cMatrix]]
| -0.963426 | -0.267974 | 
| -0.267974 | 0.963426 | 
Q_heap(1)

[[cMatrix]]
| 1 | 0 | 0 | 
| 0 | -0.963426 | -0.267974 | 
| 0 | -0.267974 | 0.963426 | 
===========================QR SECTION==========================
Vector x at 0 iter: 

Vector contents:
| 13967.8 |
| -9240.2 |
| -312.624 |
Alpha 16750.5 at 0 iter: 

Vector u at 0 iter: 

Vector contents:
| 30718.3 |
| -9240.2 |
| -312.624 |
Vector v at 0 iter: 

Vector contents:
| 0.957569 |
| -0.288041 |
| -0.00974529 |
Q_tmp at 0 iter: 

[[cMatrix]]
| -0.833875 | 0.551638 | 0.0186636 | 
| 0.551638 | 0.834065 | -0.00561408 | 
| 0.0186636 | -0.00561408 | 0.99981 | 
Q_heap(0)

[[cMatrix]]
| -0.833875 | 0.551638 | 0.0186636 | 
| 0.551638 | 0.834065 | -0.00561408 | 
| 0.0186636 | -0.00561408 | 0.99981 | 
===========================QR SECTION==========================
Vector x at 1 iter: 

Vector contents:
| 9928.53 |
| -2922.98 |
Alpha 10349.9 at 1 iter: 

Vector u at 1 iter: 

Vector contents:
| 20278.4 |
| -2922.98 |
Vector v at 1 iter: 

Vector contents:
| 0.989771 |
| -0.142668 |
Q_tmp at 1 iter: 

[[cMatrix]]
| -0.959292 | 0.282417 | 
| 0.282417 | 0.959292 | 
Q_heap(1)

[[cMatrix]]
| 1 | 0 | 0 | 
| 0 | -0.959292 | 0.282417 | 
| 0 | 0.282417 | 0.959292 | 
===========================QR SECTION==========================
Vector x at 0 iter: 

Vector contents:
| 23648.4 |
| -5617.17 |
| 152.321 |
Alpha 24306.9 at 0 iter: 

Vector u at 0 iter: 

Vector contents:
| 47955.3 |
| -5617.17 |
| 152.321 |
Vector v at 0 iter: 

Vector contents:
| 0.993205 |
| -0.116337 |
| 0.00315472 |
Q_tmp at 0 iter: 

[[cMatrix]]
| -0.972911 | 0.231094 | -0.00626657 | 
| 0.231094 | 0.972931 | 0.000734025 | 
| -0.00626657 | 0.000734025 | 0.99998 | 
Q_heap(0)

[[cMatrix]]
| -0.972911 | 0.231094 | -0.00626657 | 
| 0.231094 | 0.972931 | 0.000734025 | 
| -0.00626657 | 0.000734025 | 0.99998 | 
===========================QR SECTION==========================
Vector x at 1 iter: 

Vector contents:
| 8159.63 |
| 2390.72 |
Alpha 8502.65 at 1 iter: 

Vector u at 1 iter: 

Vector contents:
| 16662.3 |
| 2390.72 |
Vector v at 1 iter: 

Vector contents:
| 0.989863 |
| 0.142027 |
Q_tmp at 1 iter: 

[[cMatrix]]
| -0.959657 | -0.281174 | 
| -0.281174 | 0.959657 | 
Q_heap(1)

[[cMatrix]]
| 1 | 0 | 0 | 
| 0 | -0.959657 | -0.281174 | 
| 0 | -0.281174 | 0.959657 | 
===========================QR SECTION==========================
Vector x at 0 iter: 

Vector contents:
| 25424.8 |
| -1937.15 |
| -42.9015 |
Alpha 25498.6 at 0 iter: 

Vector u at 0 iter: 

Vector contents:
| 50923.4 |
| -1937.15 |
| -42.9015 |
Vector v at 0 iter: 

Vector contents:
| 0.999277 |
| -0.038013 |
| -0.000841863 |
Q_tmp at 0 iter: 

[[cMatrix]]
| -0.997109 | 0.0759711 | 0.00168251 | 
| 0.0759711 | 0.99711 | -6.40035e-05 | 
| 0.00168251 | -6.40035e-05 | 0.999999 | 
Q_heap(0)

[[cMatrix]]
| -0.997109 | 0.0759711 | 0.00168251 | 
| 0.0759711 | 0.99711 | -6.40035e-05 | 
| 0.00168251 | -6.40035e-05 | 0.999999 | 
===========================QR SECTION==========================
Vector x at 1 iter: 

Vector contents:
| 9015.45 |
| -1933.57 |
Alpha 9220.47 at 1 iter: 

Vector u at 1 iter: 

Vector contents:
| 18235.9 |
| -1933.57 |
Vector v at 1 iter: 

Vector contents:
| 0.994426 |
| -0.10544 |
Q_tmp at 1 iter: 

[[cMatrix]]
| -0.977765 | 0.209704 | 
| 0.209704 | 0.977765 | 
Q_heap(1)

[[cMatrix]]
| 1 | 0 | 0 | 
| 0 | -0.977765 | 0.209704 | 
| 0 | 0.209704 | 0.977765 | 
===========================QR SECTION==========================
Vector x at 0 iter: 

Vector contents:
| 25624.2 |
| -695 |
| 10.1255 |
Alpha 25633.6 at 0 iter: 

Vector u at 0 iter: 

Vector contents:
| 51257.8 |
| -695 |
| 10.1255 |
Vector v at 0 iter: 

Vector contents:
| 0.999908 |
| -0.0135577 |
| 0.000197522 |
Q_tmp at 0 iter: 

[[cMatrix]]
| -0.999632 | 0.0271128 | -0.000395007 | 
| 0.0271128 | 0.999632 | 5.35586e-06 | 
| -0.000395007 | 5.35586e-06 | 1 | 
Q_heap(0)

[[cMatrix]]
| -0.999632 | 0.0271128 | -0.000395007 | 
| 0.0271128 | 0.999632 | 5.35586e-06 | 
| -0.000395007 | 5.35586e-06 | 1 | 
===========================QR SECTION==========================
Vector x at 1 iter: 

Vector contents:
| 9651.46 |
| 1262.72 |
Alpha 9733.72 at 1 iter: 

Vector u at 1 iter: 

Vector contents:
| 19385.2 |
| 1262.72 |
Vector v at 1 iter: 

Vector contents:
| 0.997885 |
| 0.0650005 |
Q_tmp at 1 iter: 

[[cMatrix]]
| -0.99155 | -0.129726 | 
| -0.129726 | 0.99155 | 
Q_heap(1)

[[cMatrix]]
| 1 | 0 | 0 | 
| 0 | -0.99155 | -0.129726 | 
| 0 | -0.129726 | 0.99155 | 
===========================QR SECTION==========================
Vector x at 0 iter: 

Vector contents:
| 25650.1 |
| -263.113 |
| -2.23997 |
Alpha 25651.5 at 0 iter: 

Vector u at 0 iter: 

Vector contents:
| 51301.6 |
| -263.113 |
| -2.23997 |
Vector v at 0 iter: 

Vector contents:
| 0.999987 |
| -0.00512867 |
| -4.36622e-05 |
Q_tmp at 0 iter: 

[[cMatrix]]
| -0.999947 | 0.0102572 | 8.73233e-05 | 
| 0.0102572 | 0.999947 | -4.47858e-07 | 
| 8.73233e-05 | -4.47858e-07 | 1 | 
Q_heap(0)

[[cMatrix]]
| -0.999947 | 0.0102572 | 8.73233e-05 | 
| 0.0102572 | 0.999947 | -4.47858e-07 | 
| 8.73233e-05 | -4.47858e-07 | 1 | 
===========================QR SECTION==========================
Vector x at 1 iter: 

Vector contents:
| 9906.1 |
| -735.696 |
Alpha 9933.38 at 1 iter: 

Vector u at 1 iter: 

Vector contents:
| 19839.5 |
| -735.696 |
Vector v at 1 iter: 

Vector contents:
| 0.999313 |
| -0.037057 |
Q_tmp at 1 iter: 

[[cMatrix]]
| -0.997254 | 0.074063 | 
| 0.074063 | 0.997254 | 
Q_heap(1)

[[cMatrix]]
| 1 | 0 | 0 | 
| 0 | -0.997254 | 0.074063 | 
| 0 | 0.074063 | 0.997254 | 
===========================QR SECTION==========================
Vector x at 0 iter: 

Vector contents:
| 25653.9 |
| -101.788 |
| 0.484894 |
Alpha 25654.1 at 0 iter: 

Vector u at 0 iter: 

Vector contents:
| 51307.9 |
| -101.788 |
| 0.484894 |
Vector v at 0 iter: 

Vector contents:
| 0.999998 |
| -0.00198387 |
| 9.45064e-06 |
Q_tmp at 0 iter: 

[[cMatrix]]
| -0.999992 | 0.00396773 | -1.89012e-05 | 
| 0.00396773 | 0.999992 | 3.74976e-08 | 
| -1.89012e-05 | 3.74976e-08 | 1 | 
Q_heap(0)

[[cMatrix]]
| -0.999992 | 0.00396773 | -1.89012e-05 | 
| 0.00396773 | 0.999992 | 3.74976e-08 | 
| -1.89012e-05 | 3.74976e-08 | 1 | 
===========================QR SECTION==========================
Vector x at 1 iter: 

Vector contents:
| 9990.27 |
| 411.266 |
Alpha 9998.74 at 1 iter: 

Vector u at 1 iter: 

Vector contents:
| 19989 |
| 411.266 |
Vector v at 1 iter: 

Vector contents:
| 0.999788 |
| 0.0205703 |
Q_tmp at 1 iter: 

[[cMatrix]]
| -0.999154 | -0.0411318 | 
| -0.0411318 | 0.999154 | 
Q_heap(1)

[[cMatrix]]
| 1 | 0 | 0 | 
| 0 | -0.999154 | -0.0411318 | 
| 0 | -0.0411318 | 0.999154 | 
===========================QR SECTION==========================
Vector x at 0 iter: 

Vector contents:
| 25654.4 |
| -39.6602 |
| -0.104259 |
Alpha 25654.5 at 0 iter: 

Vector u at 0 iter: 

Vector contents:
| 51308.9 |
| -39.6602 |
| -0.104259 |
Vector v at 0 iter: 

Vector contents:
| 1 |
| -0.000772969 |
| -2.03199e-06 |
Q_tmp at 0 iter: 

[[cMatrix]]
| -0.999999 | 0.00154594 | 4.06399e-06 | 
| 0.00154594 | 0.999999 | -3.14133e-09 | 
| 4.06399e-06 | -3.14133e-09 | 1 | 
Q_heap(0)

[[cMatrix]]
| -0.999999 | 0.00154594 | 4.06399e-06 | 
| 0.00154594 | 0.999999 | -3.14133e-09 | 
| 4.06399e-06 | -3.14133e-09 | 1 | 
===========================QR SECTION==========================
Vector x at 1 iter: 

Vector contents:
| 10016.4 |
| -226.884 |
Alpha 10019 at 1 iter: 

Vector u at 1 iter: 

Vector contents:
| 20035.4 |
| -226.884 |
Vector v at 1 iter: 

Vector contents:
| 0.999936 |
| -0.0113235 |
Q_tmp at 1 iter: 

[[cMatrix]]
| -0.999744 | 0.0226454 | 
| 0.0226454 | 0.999744 | 
Q_heap(1)

[[cMatrix]]
| 1 | 0 | 0 | 
| 0 | -0.999744 | 0.0226454 | 
| 0 | 0.0226454 | 0.999744 | 
===========================QR SECTION==========================
Vector x at 0 iter: 

Vector contents:
| 25654.5 |
| -15.4873 |
| 0.0223714 |
Alpha 25654.5 at 0 iter: 

Vector u at 0 iter: 

Vector contents:
| 51309 |
| -15.4873 |
| 0.0223714 |
Vector v at 0 iter: 

Vector contents:
| 1 |
| -0.000301843 |
| 4.36012e-07 |
Q_tmp at 0 iter: 

[[cMatrix]]
| -1 | 0.000603685 | -8.72025e-07 | 
| 0.000603685 | 1 | 2.63214e-10 | 
| -8.72025e-07 | 2.63214e-10 | 1 | 
Q_heap(0)

[[cMatrix]]
| -1 | 0.000603685 | -8.72025e-07 | 
| 0.000603685 | 1 | 2.63214e-10 | 
| -8.72025e-07 | 2.63214e-10 | 1 | 
===========================QR SECTION==========================
Vector x at 1 iter: 

Vector contents:
| 10024.3 |
| 124.658 |
Alpha 10025.1 at 1 iter: 

Vector u at 1 iter: 

Vector contents:
| 20049.4 |
| 124.658 |
Vector v at 1 iter: 

Vector contents:
| 0.999981 |
| 0.00621743 |
Q_tmp at 1 iter: 

[[cMatrix]]
| -0.999923 | -0.0124346 | 
| -0.0124346 | 0.999923 | 
Q_heap(1)

[[cMatrix]]
| 1 | 0 | 0 | 
| 0 | -0.999923 | -0.0124346 | 
| 0 | -0.0124346 | 0.999923 | 
===========================QR SECTION==========================
Vector x at 0 iter: 

Vector contents:
| 25654.5 |
| -6.05184 |
| -0.00479736 |
Alpha 25654.5 at 0 iter: 

Vector u at 0 iter: 

Vector contents:
| 51309.1 |
| -6.05184 |
| -0.00479736 |
Vector v at 0 iter: 

Vector contents:
| 1 |
| -0.000117949 |
| -9.34992e-08 |
Q_tmp at 0 iter: 

[[cMatrix]]
| -1 | 0.000235898 | 1.86998e-07 | 
| 0.000235898 | 1 | -2.20562e-11 | 
| 1.86998e-07 | -2.20562e-11 | 1 | 
Q_heap(0)

[[cMatrix]]
| -1 | 0.000235898 | 1.86998e-07 | 
| 0.000235898 | 1 | -2.20562e-11 | 
| 1.86998e-07 | -2.20562e-11 | 1 | 
===========================QR SECTION==========================
Vector x at 1 iter: 

Vector contents:
| 10026.7 |
| -68.4078 |
Alpha 10027 at 1 iter: 

Vector u at 1 iter: 

Vector contents:
| 20053.7 |
| -68.4078 |
Vector v at 1 iter: 

Vector contents:
| 0.999994 |
| -0.00341121 |
Q_tmp at 1 iter: 

[[cMatrix]]
| -0.999977 | 0.00682239 | 
| 0.00682239 | 0.999977 | 
Q_heap(1)

[[cMatrix]]
| 1 | 0 | 0 | 
| 0 | -0.999977 | 0.00682239 | 
| 0 | 0.00682239 | 0.999977 | 
===========================QR SECTION==========================
Vector x at 0 iter: 

Vector contents:
| 25654.5 |
| -2.36532 |
| 0.00102856 |
Alpha 25654.5 at 0 iter: 

Vector u at 0 iter: 

Vector contents:
| 51309.1 |
| -2.36532 |
| 0.00102856 |
Vector v at 0 iter: 

Vector contents:
| 1 |
| -4.60994e-05 |
| 2.00464e-08 |
Q_tmp at 0 iter: 

[[cMatrix]]
| -1 | 9.21988e-05 | -4.00928e-08 | 
| 9.21988e-05 | 1 | 1.84825e-12 | 
| -4.00928e-08 | 1.84825e-12 | 1 | 
Q_heap(0)

[[cMatrix]]
| -1 | 9.21988e-05 | -4.00928e-08 | 
| 9.21988e-05 | 1 | 1.84825e-12 | 
| -4.00928e-08 | 1.84825e-12 | 1 | 
===========================QR SECTION==========================
Vector x at 1 iter: 

Vector contents:
| 10027.5 |
| 37.5257 |
Alpha 10027.5 at 1 iter: 

Vector u at 1 iter: 

Vector contents:
| 20055 |
| 37.5257 |
Vector v at 1 iter: 

Vector contents:
| 0.999998 |
| 0.00187114 |
Q_tmp at 1 iter: 

[[cMatrix]]
| -0.999993 | -0.00374227 | 
| -0.00374227 | 0.999993 | 
Q_heap(1)

[[cMatrix]]
| 1 | 0 | 0 | 
| 0 | -0.999993 | -0.00374227 | 
| 0 | -0.00374227 | 0.999993 | 
===========================QR SECTION==========================
Vector x at 0 iter: 

Vector contents:
| 25654.5 |
| -0.924523 |
| -0.000220513 |
Alpha 25654.5 at 0 iter: 

Vector u at 0 iter: 

Vector contents:
| 51309.1 |
| -0.924523 |
| -0.000220513 |
Vector v at 0 iter: 

Vector contents:
| 1 |
| -1.80187e-05 |
| -4.29775e-09 |
Q_tmp at 0 iter: 

[[cMatrix]]
| -1 | 3.60374e-05 | 8.5955e-09 | 
| 3.60374e-05 | 1 | -1.5488e-13 | 
| 8.5955e-09 | -1.5488e-13 | 1 | 
Q_heap(0)

[[cMatrix]]
| -1 | 3.60374e-05 | 8.5955e-09 | 
| 3.60374e-05 | 1 | -1.5488e-13 | 
| 8.5955e-09 | -1.5488e-13 | 1 | 
===========================QR SECTION==========================
Vector x at 1 iter: 

Vector contents:
| 10027.7 |
| -20.5828 |
Alpha 10027.7 at 1 iter: 

Vector u at 1 iter: 

Vector contents:
| 20055.4 |
| -20.5828 |
Vector v at 1 iter: 

Vector contents:
| 0.999999 |
| -0.0010263 |
Q_tmp at 1 iter: 

[[cMatrix]]
| -0.999998 | 0.00205259 | 
| 0.00205259 | 0.999998 | 
Q_heap(1)

[[cMatrix]]
| 1 | 0 | 0 | 
| 0 | -0.999998 | 0.00205259 | 
| 0 | 0.00205259 | 0.999998 | 
===========================EIGEN SECTION==========================
Eigenvalue matrix after 11 iterations of the QR algorithm
[[cMatrix]]
| 25654.5 | -0.924523 | -0.000220513 | 
| -0.924523 | 10027.7 | -20.5828 | 
| -0.000220513 | -20.5828 | 5500.03 | 
Eigenvector matrix Q_0:
[[cMatrix]]
| -0.867445 | -0.469576 | -0.164428 | 
| 0.496465 | -0.838588 | -0.224261 | 
| -0.0325798 | -0.276167 | 0.960557 | 
Eigenvector matrix after multiplying by Q_1:
[[cMatrix]]
| 0.461236 | 0.783608 | -0.416197 | 
| -0.880772 | 0.34766 | -0.321518 | 
| -0.107249 | 0.514871 | 0.850533 | 
Eigenvector matrix Q_1
[[cMatrix]]
| -0.833875 | -0.52391 | 0.173696 | 
| 0.551638 | -0.801697 | 0.230169 | 
| 0.0186636 | 0.287749 | 0.957524 | 
Number of iterations: 11
Eigenvector matrix after multiplying by Q_2:
[[cMatrix]]
| -0.265047 | -0.715962 | -0.64587 | 
| 0.93927 | -0.0402702 | -0.340809 | 
| 0.217997 | -0.696977 | 0.683155 | 
Eigenvector matrix Q_2
[[cMatrix]]
| -0.972911 | -0.220009 | -0.0709913 | 
| 0.231094 | -0.933887 | -0.272858 | 
| -0.00626657 | -0.281873 | 0.959431 | 
Number of iterations: 11
Eigenvector matrix after multiplying by Q_3:
[[cMatrix]]
| 0.208801 | 0.582142 | -0.78582 | 
| -0.940187 | -0.101668 | -0.325135 | 
| -0.269167 | 0.806706 | 0.526093 | 
Eigenvector matrix Q_3
[[cMatrix]]
| -0.997109 | -0.073929 | 0.0175765 | 
| 0.0759711 | -0.974953 | 0.209036 | 
| 0.00168251 | 0.209766 | 0.97775 | 
Number of iterations: 11
Eigenvector matrix after multiplying by Q_4:
[[cMatrix]]
| -0.192631 | -0.480668 | -0.855483 | 
| 0.937213 | 0.16818 | -0.305529 | 
| 0.290733 | -0.860624 | 0.418092 | 
Eigenvector matrix Q_4
[[cMatrix]]
| -0.999632 | -0.0268325 | -0.00390891 | 
| 0.0271128 | -0.991186 | -0.129673 | 
| -0.000395007 | -0.129731 | 0.991549 | 
Number of iterations: 11
Eigenvector matrix after multiplying by Q_5:
[[cMatrix]]
| 0.187616 | 0.417932 | -0.888895 | 
| -0.935465 | -0.199918 | -0.291441 | 
| -0.299509 | 0.886209 | 0.353453 | 
Eigenvector matrix Q_5
[[cMatrix]]
| -0.999947 | -0.0102226 | 0.000846763 | 
| 0.0102572 | -0.997201 | 0.0740587 | 
| 8.73233e-05 | 0.0740635 | 0.997254 | 
Number of iterations: 11
Eigenvector matrix after multiplying by Q_6:
[[cMatrix]]
| -0.185939 | -0.381757 | -0.905367 | 
| 0.93467 | 0.215443 | -0.282801 | 
| 0.303016 | -0.898803 | 0.316757 | 
Eigenvector matrix Q_6
[[cMatrix]]
| -0.999992 | -0.00396359 | -0.000182085 | 
| 0.00396773 | -0.999146 | -0.0411315 | 
| -1.89012e-05 | -0.0411319 | 0.999154 | 
Number of iterations: 11
Eigenvector matrix after multiplying by Q_7:
[[cMatrix]]
| 0.185345 | 0.361443 | -0.913787 | 
| -0.934337 | -0.223236 | -0.277813 | 
| -0.304404 | 0.905276 | 0.296334 | 
Eigenvector matrix Q_7
[[cMatrix]]
| -0.999999 | -0.00154545 | 3.90714e-05 | 
| 0.00154594 | -0.999742 | 0.0226454 | 
| 4.06399e-06 | 0.0226455 | 0.999744 | 
Number of iterations: 11
Eigenvector matrix after multiplying by Q_8:
[[cMatrix]]
| -0.185126 | -0.350164 | -0.918212 | 
| 0.934202 | 0.227237 | -0.275008 | 
| 0.30495 | -0.908707 | 0.285057 | 
Eigenvector matrix Q_8
[[cMatrix]]
| -1 | -0.000603628 | -8.37855e-06 | 
| 0.000603685 | -0.999923 | -0.0124346 | 
| -8.72025e-07 | -0.0124346 | 0.999923 | 
Number of iterations: 11
Eigenvector matrix after multiplying by Q_9:
[[cMatrix]]
| 0.185043 | 0.343935 | -0.92058 | 
| -0.934149 | -0.229328 | -0.273449 | 
| -0.305164 | 0.910559 | 0.278851 | 
Eigenvector matrix Q_9
[[cMatrix]]
| -1 | -0.000235891 | 1.79638e-06 | 
| 0.000235898 | -0.999977 | 0.00682239 | 
| 1.86998e-07 | 0.00682239 | 0.999977 | 
Number of iterations: 11
Eigenvector matrix after multiplying by Q_10:
[[cMatrix]]
| -0.185011 | -0.340505 | -0.921861 | 
| 0.934128 | 0.230436 | -0.272589 | 
| 0.305248 | -0.911568 | 0.275442 | 
Eigenvector matrix Q_10
[[cMatrix]]
| -1 | -9.2198e-05 | -3.85126e-07 | 
| 9.21988e-05 | -0.999993 | -0.00374227 | 
| -4.00928e-08 | -0.00374227 | 0.999993 | 
Number of iterations: 11
Eigenvector matrix after multiplying by Q_11:
[[cMatrix]]
| 0.184999 | 0.338619 | -0.922558 | 
| -0.934119 | -0.231029 | -0.272115 | 
| -0.305281 | 0.91212 | 0.27357 | 
Eigenvector matrix Q_11
[[cMatrix]]
| -1 | -3.60373e-05 | 8.25656e-08 | 
| 3.60374e-05 | -0.999998 | 0.00205259 | 
| 8.5955e-09 | 0.00205259 | 0.999998 | 
Number of iterations: 11
===========================SVD SECTION==========================
A*A' = 
[[cMatrix]]
| 6701.82 | -3835.65 | 251.709 | 
| -3835.65 | 23329.3 | 4790.1 | 
| 251.709 | 4790.1 | 11151.1 | 

Eigenvectors of A*A' (U) = 

[[cMatrix]]
| 0.184999 | 0.338619 | -0.922558 | 
| -0.934119 | -0.231029 | -0.272115 | 
| -0.305281 | 0.91212 | 0.27357 | 

Singular values of A'*A (S) = 

[[cMatrix]]
| 160.17 | 0 | 0 | 
| 0 | 100.138 | 0 | 
| 0 | 0 | 74.1622 | 

Eigenvectors of A'*A (V) = 

[[cMatrix]]
| 0.0300073 | 0.960612 | 0.277734 | 
| 0.976007 | 0.0314548 | -0.215402 | 
| -0.215661 | 0.276118 | -0.936191 | 


Q_U = 
[[cMatrix]]
| -1 | -3.60373e-05 | 8.25656e-08 | 
| 3.60374e-05 | -0.999998 | 0.00205259 | 
| 8.5955e-09 | 0.00205259 | 0.999998 | 
Q_U iter = 11
Q_V = 
[[cMatrix]]
| 0 | 0 | 0 | 0 | 
| 0 | 0 | 0 | 0 | 
| 0 | 0 | 0 | 0 | 
| 0 | 0 | 0 | 0 | 
Q_V iter = 2685004



Original matrix A = U*S*V' = 
[[cMatrix]]
| 14.46 | 44.7246 | 67.0257 | 
| -32.3181 | -142.409 | 44.7718 | 
| 91.9081 | -49.2209 | 16.7713 | 
===========================KABSCH SECTION==========================

Centroid of A = 
Vector contents:
| 4.47059 |
| 4.58824 |
| 2.58824 |

Centroid of B = 
Vector contents:
| 4.50147 |
| -4.38636 |
| 2.86944 |

A - centroidA =
[[cMatrix]]
| -2.47059 | -1.47059 | 2.52941 | -0.470588 | -4.47059 | 2.52941 | 0.529412 | -2.47059 | 4.52941 | 1.52941 | -0.470588 | -1.47059 | 4.52941 | -0.470588 | 0.529412 | -1.47059 | -1.47059 | 
| 2.41176 | -0.588235 | -0.588235 | 4.41176 | -3.58824 | -3.58824 | 2.41176 | 4.41176 | 4.41176 | 3.41176 | -0.588235 | 0.411765 | -3.58824 | -2.58824 | -2.58824 | 0.411765 | -4.58824 | 
| 1.41176 | 2.41176 | -1.58824 | -1.58824 | -1.58824 | 2.41176 | -2.58824 | 0.411765 | -0.588235 | 2.41176 | -1.58824 | -1.58824 | -0.588235 | -2.58824 | 5.41176 | -1.58824 | 1.41176 | 

B - centroidB =
[[cMatrix]]
| 2.05014 | 1.87315 | -1.49647 | 0.227629 | -3.19373 | 1.0044 | -1.3948 | 1.91244 | 1.52195 | 3.65916 | -1.72242 | -1.40773 | -1.59814 | -3.42017 | 3.99694 | -1.40773 | -0.604611 | 
| -0.717544 | 1.93069 | -0.939774 | -4.26588 | 3.91831 | 3.21076 | -3.26272 | -2.83066 | -5.49991 | -2.48668 | 0.0360565 | -0.499064 | 1.38319 | 1.36449 | 4.17794 | -0.499064 | 4.9799 | 
| -3.03242 | -1.04356 | 2.47868 | -1.98948 | -3.13545 | 3.71109 | -0.452796 | -3.7506 | 2.78565 | 0.472044 | -0.349166 | -1.61985 | 5.41015 | 0.244904 | 1.68397 | -1.61985 | 0.206634 | 

H = 
[[cMatrix]]
| 14.46 | 44.7246 | 67.0257 | 
| -32.3181 | -142.409 | 44.7718 | 
| 91.9081 | -49.2209 | 16.7713 | 

Det of R = 0.999996

Rotation matrix = 
[[cMatrix]]
| 0.0746067 | -0.325535 | 0.943013 | 
| 0.389933 | -0.86036 | -0.328193 | 
| 0.917292 | 0.392414 | 0.0615763 | 

R * B = 
[[cMatrix]]
| 1.9966 | 2.99683 | 7.00138 | 3.99925 | -0.000917843 | 6.999 | 5.00075 | 1.99697 | 9.00054 | 5.99731 | 4.00016 | 2.99957 | 9.00201 | 4.00126 | 4.99581 | 2.99957 | 2.99829 | 
| 6.99937 | 3.99919 | 3.99892 | 8.99927 | 0.999925 | 0.998671 | 6.99923 | 8.99942 | 8.99851 | 7.99873 | 3.99933 | 4.99946 | 0.998603 | 1.99942 | 1.99872 | 4.99946 | -0.000691134 | 
| 3.99686 | 4.99618 | 0.995733 | 0.996892 | 0.99953 | 4.99437 | -0.00307327 | 2.99711 | 1.99395 | 4.99436 | 0.997271 | 0.997702 | 1.99454 | -0.00218612 | 7.99412 | 0.997702 | 3.99688 | 

Translation matrix = 
Vector contents:
| 0.000919294 |
| 0.000850287 |
| 0.00365015 |

Result of the algorithm: 

R * B + t = A
[[cMatrix]]
| 1.99752 | 2.99774 | 7.0023 | 4.00017 | 1.45078e-06 | 6.99992 | 5.00167 | 1.99789 | 9.00146 | 5.99823 | 4.00108 | 3.00049 | 9.00292 | 4.00218 | 4.99673 | 3.00049 | 2.99921 | 
| 7.00022 | 4.00004 | 3.99977 | 9.00012 | 1.00077 | 0.999521 | 7.00008 | 9.00027 | 8.99936 | 7.99958 | 4.00018 | 5.00031 | 0.999453 | 2.00027 | 1.99957 | 5.00031 | 0.000159154 | 
| 4.00051 | 4.99983 | 0.999383 | 1.00054 | 1.00318 | 4.99802 | 0.000576878 | 3.00076 | 1.9976 | 4.99801 | 1.00092 | 1.00135 | 1.99819 | 0.00146404 | 7.99777 | 1.00135 | 4.00053 | 

Original matrix A = 
[[cMatrix]]
| 2 | 3 | 7 | 4 | 0 | 7 | 5 | 2 | 9 | 6 | 4 | 3 | 9 | 4 | 5 | 3 | 3 | 
| 7 | 4 | 4 | 9 | 1 | 1 | 7 | 9 | 9 | 8 | 4 | 5 | 1 | 2 | 2 | 5 | 0 | 
| 4 | 5 | 1 | 1 | 1 | 5 | 0 | 3 | 2 | 5 | 1 | 1 | 2 | 0 | 8 | 1 | 4 | 

Transformed matrix B = 
[[cMatrix]]
| 6.55161 | 6.37462 | 3.005 | 4.7291 | 1.30774 | 5.50587 | 3.10667 | 6.41391 | 6.02342 | 8.16063 | 2.77905 | 3.09374 | 2.90333 | 1.0813 | 8.49841 | 3.09374 | 3.89686 | 
| -5.1039 | -2.45567 | -5.32613 | -8.65224 | -0.46805 | -1.1756 | -7.64908 | -7.21702 | -9.88627 | -6.87304 | -4.3503 | -4.88542 | -3.00317 | -3.02187 | -0.20842 | -4.88542 | 0.59354 | 
| -0.16298 | 1.82588 | 5.34812 | 0.87996 | -0.26601 | 6.58053 | 2.41664 | -0.88116 | 5.65509 | 3.34148 | 2.52027 | 1.24959 | 8.27959 | 3.11434 | 4.55341 | 1.24959 | 3.07607 | 
