
Original matrix A = 
[[cMatrix]]
| 8 | 4 | 9 | 9 | 6 | 0 | 8 | 6 | 9 | 5 | 1 | 3 | 1 | 7 | 6 | 8 | 4 | 7 | 5 | 
| 5 | 5 | 6 | 7 | 5 | 8 | 8 | 2 | 3 | 8 | 0 | 6 | 4 | 3 | 6 | 6 | 6 | 9 | 0 | 
| 5 | 1 | 2 | 3 | 5 | 1 | 8 | 9 | 2 | 1 | 6 | 4 | 8 | 0 | 1 | 2 | 8 | 9 | 2 | 

Transformed matrix B = 
[[cMatrix]]
| -10.3304 | -4.93021 | -9.37884 | -10.3237 | -8.92887 | -3.01394 | -13.165 | -10.6393 | -8.4921 | -6.51771 | -4.59649 | -6.47291 | -7.0774 | -5.79201 | -6.6273 | -8.67809 | -9.77082 | -13.4091 | -4.80234 | 
| -2.26542 | -3.94998 | -3.99693 | -4.64113 | -2.50432 | -7.26546 | -4.19804 | 1.54012 | -1.15925 | -6.66821 | 1.92958 | -4.11026 | -1.25062 | -2.00152 | -4.65697 | -4.11638 | -2.78405 | -4.96169 | 1.20063 | 
| -1.46668 | -1.44593 | -4.1306 | -3.2986 | -0.06002 | 1.76895 | 1.02931 | 2.33101 | -4.53215 | -1.74771 | 3.48554 | 1.48569 | 5.41723 | -4.52178 | -2.71875 | -3.42727 | 3.57494 | 2.56464 | -2.12037 | 
===========================QR SECTION==========================
Vector x at 0 iter: 

Vector contents:
| 22223.9 |
| 1809.31 |
| -3056.28 |
Alpha 22505.9 at 0 iter: 

Vector u at 0 iter: 

Vector contents:
| 44729.7 |
| 1809.31 |
| -3056.28 |
Vector v at 0 iter: 

Vector contents:
| 0.996862 |
| 0.0403229 |
| -0.0681133 |
Q_tmp at 0 iter: 

[[cMatrix]]
| -0.987469 | -0.0803928 | 0.135799 | 
| -0.0803928 | 0.996748 | 0.00549305 | 
| 0.135799 | 0.00549305 | 0.990721 | 
Q_heap(0)

[[cMatrix]]
| -0.987469 | -0.0803928 | 0.135799 | 
| -0.0803928 | 0.996748 | 0.00549305 | 
| 0.135799 | 0.00549305 | 0.990721 | 
===========================QR SECTION==========================
Vector x at 1 iter: 

Vector contents:
| 14383.8 |
| 7578.24 |
Alpha 16258 at 1 iter: 

Vector u at 1 iter: 

Vector contents:
| 30641.7 |
| 7578.24 |
Vector v at 1 iter: 

Vector contents:
| 0.970752 |
| 0.240084 |
Q_tmp at 1 iter: 

[[cMatrix]]
| -0.884719 | -0.466124 | 
| -0.466124 | 0.884719 | 
Q_heap(1)

[[cMatrix]]
| 1 | 0 | 0 | 
| 0 | -0.884719 | -0.466124 | 
| 0 | -0.466124 | 0.884719 | 
===========================QR SECTION==========================
Vector x at 0 iter: 

Vector contents:
| 23254.4 |
| -1441.38 |
| 2972.04 |
Alpha 23487.9 at 0 iter: 

Vector u at 0 iter: 

Vector contents:
| 46742.3 |
| -1441.38 |
| 2972.04 |
Vector v at 0 iter: 

Vector contents:
| 0.997512 |
| -0.0307601 |
| 0.0634253 |
Q_tmp at 0 iter: 

[[cMatrix]]
| -0.990062 | 0.0613672 | -0.126535 | 
| 0.0613672 | 0.998108 | 0.00390194 | 
| -0.126535 | 0.00390194 | 0.991954 | 
Q_heap(0)

[[cMatrix]]
| -0.990062 | 0.0613672 | -0.126535 | 
| 0.0613672 | 0.998108 | 0.00390194 | 
| -0.126535 | 0.00390194 | 0.991954 | 
===========================QR SECTION==========================
Vector x at 1 iter: 

Vector contents:
| 23649.8 |
| -9855.57 |
Alpha 25621.2 at 1 iter: 

Vector u at 1 iter: 

Vector contents:
| 49271 |
| -9855.57 |
Vector v at 1 iter: 

Vector contents:
| 0.980575 |
| -0.196142 |
Q_tmp at 1 iter: 

[[cMatrix]]
| -0.923056 | 0.384665 | 
| 0.384665 | 0.923056 | 
Q_heap(1)

[[cMatrix]]
| 1 | 0 | 0 | 
| 0 | -0.923056 | 0.384665 | 
| 0 | 0.384665 | 0.923056 | 
===========================QR SECTION==========================
Vector x at 0 iter: 

Vector contents:
| 24268.9 |
| -3636.14 |
| -1683.79 |
Alpha 24597.5 at 0 iter: 

Vector u at 0 iter: 

Vector contents:
| 48866.4 |
| -3636.14 |
| -1683.79 |
Vector v at 0 iter: 

Vector contents:
| 0.996655 |
| -0.0741609 |
| -0.0343418 |
Q_tmp at 0 iter: 

[[cMatrix]]
| -0.986642 | 0.147826 | 0.0684537 | 
| 0.147826 | 0.989 | -0.00509363 | 
| 0.0684537 | -0.00509363 | 0.997641 | 
Q_heap(0)

[[cMatrix]]
| -0.986642 | 0.147826 | 0.0684537 | 
| 0.147826 | 0.989 | -0.00509363 | 
| 0.0684537 | -0.00509363 | 0.997641 | 
===========================QR SECTION==========================
Vector x at 1 iter: 

Vector contents:
| 28841.3 |
| 4617.37 |
Alpha 29208.5 at 1 iter: 

Vector u at 1 iter: 

Vector contents:
| 58049.8 |
| 4617.37 |
Vector v at 1 iter: 

Vector contents:
| 0.996852 |
| 0.0792911 |
Q_tmp at 1 iter: 

[[cMatrix]]
| -0.987426 | -0.158083 | 
| -0.158083 | 0.987426 | 
Q_heap(1)

[[cMatrix]]
| 1 | 0 | 0 | 
| 0 | -0.987426 | -0.158083 | 
| 0 | -0.158083 | 0.987426 | 
===========================QR SECTION==========================
Vector x at 0 iter: 

Vector contents:
| 25721.6 |
| -4763.2 |
| 762.986 |
Alpha 26170.1 at 0 iter: 

Vector u at 0 iter: 

Vector contents:
| 51891.7 |
| -4763.2 |
| 762.986 |
Vector v at 0 iter: 

Vector contents:
| 0.995707 |
| -0.0913971 |
| 0.0146403 |
Q_tmp at 0 iter: 

[[cMatrix]]
| -0.982864 | 0.182009 | -0.0291549 | 
| 0.182009 | 0.983293 | 0.00267616 | 
| -0.0291549 | 0.00267616 | 0.999571 | 
Q_heap(0)

[[cMatrix]]
| -0.982864 | 0.182009 | -0.0291549 | 
| 0.182009 | 0.983293 | 0.00267616 | 
| -0.0291549 | 0.00267616 | 0.999571 | 
===========================QR SECTION==========================
Vector x at 1 iter: 

Vector contents:
| 28129.7 |
| -1483.25 |
Alpha 28168.8 at 1 iter: 

Vector u at 1 iter: 

Vector contents:
| 56298.5 |
| -1483.25 |
Vector v at 1 iter: 

Vector contents:
| 0.999653 |
| -0.026337 |
Q_tmp at 1 iter: 

[[cMatrix]]
| -0.998613 | 0.0526557 | 
| 0.0526557 | 0.998613 | 
Q_heap(1)

[[cMatrix]]
| 1 | 0 | 0 | 
| 0 | -0.998613 | 0.0526557 | 
| 0 | 0.0526557 | 0.998613 | 
===========================QR SECTION==========================
Vector x at 0 iter: 

Vector contents:
| 27600.1 |
| -5187.63 |
| -316.707 |
Alpha 28085.1 at 0 iter: 

Vector u at 0 iter: 

Vector contents:
| 55685.2 |
| -5187.63 |
| -316.707 |
Vector v at 0 iter: 

Vector contents:
| 0.995673 |
| -0.0927568 |
| -0.00566284 |
Q_tmp at 0 iter: 

[[cMatrix]]
| -0.982728 | 0.184711 | 0.0112767 | 
| 0.184711 | 0.982792 | -0.00105053 | 
| 0.0112767 | -0.00105053 | 0.999936 | 
Q_heap(0)

[[cMatrix]]
| -0.982728 | 0.184711 | 0.0112767 | 
| 0.184711 | 0.982792 | -0.00105053 | 
| 0.0112767 | -0.00105053 | 0.999936 | 
===========================QR SECTION==========================
Vector x at 1 iter: 

Vector contents:
| 26323.3 |
| 455.022 |
Alpha 26327.2 at 1 iter: 

Vector u at 1 iter: 

Vector contents:
| 52650.5 |
| 455.022 |
Vector v at 1 iter: 

Vector contents:
| 0.999963 |
| 0.00864199 |
Q_tmp at 1 iter: 

[[cMatrix]]
| -0.999851 | -0.0172833 | 
| -0.0172833 | 0.999851 | 
Q_heap(1)

[[cMatrix]]
| 1 | 0 | 0 | 
| 0 | -0.999851 | -0.0172833 | 
| 0 | -0.0172833 | 0.999851 | 
===========================QR SECTION==========================
Vector x at 0 iter: 

Vector contents:
| 29496 |
| -4870.26 |
| 122.129 |
Alpha 29895.6 at 0 iter: 

Vector u at 0 iter: 

Vector contents:
| 59391.6 |
| -4870.26 |
| 122.129 |
Vector v at 0 iter: 

Vector contents:
| 0.996653 |
| -0.0817279 |
| 0.00204946 |
Q_tmp at 0 iter: 

[[cMatrix]]
| -0.986633 | 0.162909 | -0.00408519 | 
| 0.162909 | 0.986641 | 0.000334996 | 
| -0.00408519 | 0.000334996 | 0.999992 | 
Q_heap(0)

[[cMatrix]]
| -0.986633 | 0.162909 | -0.00408519 | 
| 0.162909 | 0.986641 | 0.000334996 | 
| -0.00408519 | 0.000334996 | 0.999992 | 
===========================QR SECTION==========================
Vector x at 1 iter: 

Vector contents:
| 24741.2 |
| -147.228 |
Alpha 24741.6 at 1 iter: 

Vector u at 1 iter: 

Vector contents:
| 49482.8 |
| -147.228 |
Vector v at 1 iter: 

Vector contents:
| 0.999996 |
| -0.00297532 |
Q_tmp at 1 iter: 

[[cMatrix]]
| -0.999982 | 0.00595062 | 
| 0.00595062 | 0.999982 | 
Q_heap(1)

[[cMatrix]]
| 1 | 0 | 0 | 
| 0 | -0.999982 | 0.00595062 | 
| 0 | 0.00595062 | 0.999982 | 
===========================QR SECTION==========================
Vector x at 0 iter: 

Vector contents:
| 30966.5 |
| -4031.5 |
| -44.228 |
Alpha 31227.9 at 0 iter: 

Vector u at 0 iter: 

Vector contents:
| 62194.4 |
| -4031.5 |
| -44.228 |
Vector v at 0 iter: 

Vector contents:
| 0.997905 |
| -0.0646852 |
| -0.000709635 |
Q_tmp at 0 iter: 

[[cMatrix]]
| -0.991631 | 0.129099 | 0.0014163 | 
| 0.129099 | 0.991632 | -9.18057e-05 | 
| 0.0014163 | -9.18057e-05 | 0.999999 | 
Q_heap(0)

[[cMatrix]]
| -0.991631 | 0.129099 | 0.0014163 | 
| 0.129099 | 0.991632 | -9.18057e-05 | 
| 0.0014163 | -9.18057e-05 | 0.999999 | 
===========================QR SECTION==========================
Vector x at 1 iter: 

Vector contents:
| 23687.1 |
| 52.8455 |
Alpha 23687.1 at 1 iter: 

Vector u at 1 iter: 

Vector contents:
| 47374.2 |
| 52.8455 |
Vector v at 1 iter: 

Vector contents:
| 0.999999 |
| 0.00111549 |
Q_tmp at 1 iter: 

[[cMatrix]]
| -0.999998 | -0.00223098 | 
| -0.00223098 | 0.999998 | 
Q_heap(1)

[[cMatrix]]
| 1 | 0 | 0 | 
| 0 | -0.999998 | -0.00223098 | 
| 0 | -0.00223098 | 0.999998 | 
===========================QR SECTION==========================
Vector x at 0 iter: 

Vector contents:
| 31889.6 |
| -3058.1 |
| 15.3327 |
Alpha 32035.9 at 0 iter: 

Vector u at 0 iter: 

Vector contents:
| 63925.5 |
| -3058.1 |
| 15.3327 |
Vector v at 0 iter: 

Vector contents:
| 0.998858 |
| -0.0477839 |
| 0.000239579 |
Q_tmp at 0 iter: 

[[cMatrix]]
| -0.995433 | 0.0954586 | -0.00047861 | 
| 0.0954586 | 0.995433 | 2.2896e-05 | 
| -0.00047861 | 2.2896e-05 | 1 | 
Q_heap(0)

[[cMatrix]]
| -0.995433 | 0.0954586 | -0.00047861 | 
| 0.0954586 | 0.995433 | 2.2896e-05 | 
| -0.00047861 | 2.2896e-05 | 1 | 
===========================QR SECTION==========================
Vector x at 1 iter: 

Vector contents:
| 23089.8 |
| -21.1571 |
Alpha 23089.8 at 1 iter: 

Vector u at 1 iter: 

Vector contents:
| 46179.6 |
| -21.1571 |
Vector v at 1 iter: 

Vector contents:
| 1 |
| -0.000458147 |
Q_tmp at 1 iter: 

[[cMatrix]]
| -1 | 0.000916294 | 
| 0.000916294 | 1 | 
Q_heap(1)

[[cMatrix]]
| 1 | 0 | 0 | 
| 0 | -1 | 0.000916294 | 
| 0 | 0.000916294 | 1 | 
===========================QR SECTION==========================
Vector x at 0 iter: 

Vector contents:
| 32394.3 |
| -2204.14 |
| -5.18137 |
Alpha 32469.2 at 0 iter: 

Vector u at 0 iter: 

Vector contents:
| 64863.4 |
| -2204.14 |
| -5.18137 |
Vector v at 0 iter: 

Vector contents:
| 0.999423 |
| -0.0339616 |
| -7.98351e-05 |
Q_tmp at 0 iter: 

[[cMatrix]]
| -0.997693 | 0.0678841 | 0.000159578 | 
| 0.0678841 | 0.997693 | -5.42266e-06 | 
| 0.000159578 | -5.42266e-06 | 1 | 
Q_heap(0)

[[cMatrix]]
| -0.997693 | 0.0678841 | 0.000159578 | 
| 0.0678841 | 0.997693 | -5.42266e-06 | 
| 0.000159578 | -5.42266e-06 | 1 | 
===========================QR SECTION==========================
Vector x at 1 iter: 

Vector contents:
| 22781.8 |
| 9.19542 |
Alpha 22781.8 at 1 iter: 

Vector u at 1 iter: 

Vector contents:
| 45563.5 |
| 9.19542 |
Vector v at 1 iter: 

Vector contents:
| 1 |
| 0.000201815 |
Q_tmp at 1 iter: 

[[cMatrix]]
| -1 | -0.000403631 | 
| -0.000403631 | 1 | 
Q_heap(1)

[[cMatrix]]
| 1 | 0 | 0 | 
| 0 | -1 | -0.000403631 | 
| 0 | -0.000403631 | 1 | 
===========================QR SECTION==========================
Vector x at 0 iter: 

Vector contents:
| 32649.5 |
| -1546.52 |
| 1.72757 |
Alpha 32686.1 at 0 iter: 

Vector u at 0 iter: 

Vector contents:
| 65335.5 |
| -1546.52 |
| 1.72757 |
Vector v at 0 iter: 

Vector contents:
| 0.99972 |
| -0.0236638 |
| 2.64341e-05 |
Q_tmp at 0 iter: 

[[cMatrix]]
| -0.99888 | 0.0473144 | -5.28533e-05 | 
| 0.0473144 | 0.99888 | 1.25106e-06 | 
| -5.28533e-05 | 1.25106e-06 | 1 | 
Q_heap(0)

[[cMatrix]]
| -0.99888 | 0.0473144 | -5.28533e-05 | 
| 0.0473144 | 0.99888 | 1.25106e-06 | 
| -5.28533e-05 | 1.25106e-06 | 1 | 
===========================QR SECTION==========================
Vector x at 1 iter: 

Vector contents:
| 22630.6 |
| -4.20076 |
Alpha 22630.6 at 1 iter: 

Vector u at 1 iter: 

Vector contents:
| 45261.2 |
| -4.20076 |
Vector v at 1 iter: 

Vector contents:
| 1 |
| -9.28117e-05 |
Q_tmp at 1 iter: 

[[cMatrix]]
| -1 | 0.000185623 | 
| 0.000185623 | 1 | 
Q_heap(1)

[[cMatrix]]
| 1 | 0 | 0 | 
| 0 | -1 | 0.000185623 | 
| 0 | 0.000185623 | 1 | 
===========================QR SECTION==========================
Vector x at 0 iter: 

Vector contents:
| 32773.4 |
| -1070.75 |
| -0.572182 |
Alpha 32790.9 at 0 iter: 

Vector u at 0 iter: 

Vector contents:
| 65564.3 |
| -1070.75 |
| -0.572182 |
Vector v at 0 iter: 

Vector contents:
| 0.999867 |
| -0.0163291 |
| -8.72586e-06 |
Q_tmp at 0 iter: 

[[cMatrix]]
| -0.999467 | 0.0326539 | 1.74494e-05 | 
| 0.0326539 | 0.999467 | -2.84972e-07 | 
| 1.74494e-05 | -2.84972e-07 | 1 | 
Q_heap(0)

[[cMatrix]]
| -0.999467 | 0.0326539 | 1.74494e-05 | 
| 0.0326539 | 0.999467 | -2.84972e-07 | 
| 1.74494e-05 | -2.84972e-07 | 1 | 
===========================QR SECTION==========================
Vector x at 1 iter: 

Vector contents:
| 22558.2 |
| 1.97086 |
Alpha 22558.2 at 1 iter: 

Vector u at 1 iter: 

Vector contents:
| 45116.4 |
| 1.97086 |
Vector v at 1 iter: 

Vector contents:
| 1 |
| 4.36838e-05 |
Q_tmp at 1 iter: 

[[cMatrix]]
| -1 | -8.73677e-05 | 
| -8.73677e-05 | 1 | 
Q_heap(1)

[[cMatrix]]
| 1 | 0 | 0 | 
| 0 | -1 | -8.73677e-05 | 
| 0 | -8.73677e-05 | 1 | 
===========================QR SECTION==========================
Vector x at 0 iter: 

Vector contents:
| 32832.5 |
| -736.615 |
| 0.188904 |
Alpha 32840.7 at 0 iter: 

Vector u at 0 iter: 

Vector contents:
| 65673.2 |
| -736.615 |
| 0.188904 |
Vector v at 0 iter: 

Vector contents:
| 0.999937 |
| -0.0112157 |
| 2.87625e-06 |
Q_tmp at 0 iter: 

[[cMatrix]]
| -0.999748 | 0.0224299 | -5.75214e-06 | 
| 0.0224299 | 0.999748 | 6.4518e-08 | 
| -5.75214e-06 | 6.4518e-08 | 1 | 
Q_heap(0)

[[cMatrix]]
| -0.999748 | 0.0224299 | -5.75214e-06 | 
| 0.0224299 | 0.999748 | 6.4518e-08 | 
| -5.75214e-06 | 6.4518e-08 | 1 | 
===========================QR SECTION==========================
Vector x at 1 iter: 

Vector contents:
| 22524 |
| -0.937051 |
Alpha 22524 at 1 iter: 

Vector u at 1 iter: 

Vector contents:
| 45048 |
| -0.937051 |
Vector v at 1 iter: 

Vector contents:
| 1 |
| -2.08012e-05 |
Q_tmp at 1 iter: 

[[cMatrix]]
| -1 | 4.16024e-05 | 
| 4.16024e-05 | 1 | 
Q_heap(1)

[[cMatrix]]
| 1 | 0 | 0 | 
| 0 | -1 | 4.16024e-05 | 
| 0 | 4.16024e-05 | 1 | 
===========================QR SECTION==========================
Vector x at 0 iter: 

Vector contents:
| 32860.3 |
| -505.211 |
| -0.0622717 |
Alpha 32864.2 at 0 iter: 

Vector u at 0 iter: 

Vector contents:
| 65724.6 |
| -505.211 |
| -0.0622717 |
Vector v at 0 iter: 

Vector contents:
| 0.99997 |
| -0.00768657 |
| -9.47437e-07 |
Q_tmp at 0 iter: 

[[cMatrix]]
| -0.999882 | 0.0153727 | 1.89482e-06 | 
| 0.0153727 | 0.999882 | -1.45651e-08 | 
| 1.89482e-06 | -1.45651e-08 | 1 | 
Q_heap(0)

[[cMatrix]]
| -0.999882 | 0.0153727 | 1.89482e-06 | 
| 0.0153727 | 0.999882 | -1.45651e-08 | 
| 1.89482e-06 | -1.45651e-08 | 1 | 
===========================QR SECTION==========================
Vector x at 1 iter: 

Vector contents:
| 22507.9 |
| 0.448397 |
Alpha 22507.9 at 1 iter: 

Vector u at 1 iter: 

Vector contents:
| 45015.8 |
| 0.448397 |
Vector v at 1 iter: 

Vector contents:
| 1 |
| 9.96087e-06 |
Q_tmp at 1 iter: 

[[cMatrix]]
| -1 | -1.99217e-05 | 
| -1.99217e-05 | 1 | 
Q_heap(1)

[[cMatrix]]
| 1 | 0 | 0 | 
| 0 | -1 | -1.99217e-05 | 
| 0 | -1.99217e-05 | 1 | 
===========================QR SECTION==========================
Vector x at 0 iter: 

Vector contents:
| 32873.4 |
| -346.007 |
| 0.020513 |
Alpha 32875.2 at 0 iter: 

Vector u at 0 iter: 

Vector contents:
| 65748.7 |
| -346.007 |
| 0.020513 |
Vector v at 0 iter: 

Vector contents:
| 0.999986 |
| -0.00526249 |
| 3.11987e-07 |
Q_tmp at 0 iter: 

[[cMatrix]]
| -0.999945 | 0.0105248 | -6.23965e-07 | 
| 0.0105248 | 0.999945 | 3.28365e-09 | 
| -6.23965e-07 | 3.28365e-09 | 1 | 
Q_heap(0)

[[cMatrix]]
| -0.999945 | 0.0105248 | -6.23965e-07 | 
| 0.0105248 | 0.999945 | 3.28365e-09 | 
| -6.23965e-07 | 3.28365e-09 | 1 | 
===========================QR SECTION==========================
Vector x at 1 iter: 

Vector contents:
| 22500.4 |
| -0.215222 |
Alpha 22500.4 at 1 iter: 

Vector u at 1 iter: 

Vector contents:
| 45000.7 |
| -0.215222 |
Vector v at 1 iter: 

Vector contents:
| 1 |
| -4.78264e-06 |
Q_tmp at 1 iter: 

[[cMatrix]]
| -1 | 9.56528e-06 | 
| 9.56528e-06 | 1 | 
Q_heap(1)

[[cMatrix]]
| 1 | 0 | 0 | 
| 0 | -1 | 9.56528e-06 | 
| 0 | 9.56528e-06 | 1 | 
===========================QR SECTION==========================
Vector x at 0 iter: 

Vector contents:
| 32879.6 |
| -236.813 |
| -0.00675494 |
Alpha 32880.4 at 0 iter: 

Vector u at 0 iter: 

Vector contents:
| 65760 |
| -236.813 |
| -0.00675494 |
Vector v at 0 iter: 

Vector contents:
| 0.999994 |
| -0.00360114 |
| -1.0272e-07 |
Q_tmp at 0 iter: 

[[cMatrix]]
| -0.999974 | 0.00720224 | 2.0544e-07 | 
| 0.00720224 | 0.999974 | -7.39822e-10 | 
| 2.0544e-07 | -7.39822e-10 | 1 | 
Q_heap(0)

[[cMatrix]]
| -0.999974 | 0.00720224 | 2.0544e-07 | 
| 0.00720224 | 0.999974 | -7.39822e-10 | 
| 2.0544e-07 | -7.39822e-10 | 1 | 
===========================QR SECTION==========================
Vector x at 1 iter: 

Vector contents:
| 22496.8 |
| 0.103451 |
Alpha 22496.8 at 1 iter: 

Vector u at 1 iter: 

Vector contents:
| 44993.6 |
| 0.103451 |
Vector v at 1 iter: 

Vector contents:
| 1 |
| 2.29924e-06 |
Q_tmp at 1 iter: 

[[cMatrix]]
| -1 | -4.59849e-06 | 
| -4.59849e-06 | 1 | 
Q_heap(1)

[[cMatrix]]
| 1 | 0 | 0 | 
| 0 | -1 | -4.59849e-06 | 
| 0 | -4.59849e-06 | 1 | 
===========================QR SECTION==========================
Vector x at 0 iter: 

Vector contents:
| 32882.4 |
| -162.028 |
| 0.00222406 |
Alpha 32882.8 at 0 iter: 

Vector u at 0 iter: 

Vector contents:
| 65765.3 |
| -162.028 |
| 0.00222406 |
Vector v at 0 iter: 

Vector contents:
| 0.999997 |
| -0.00246372 |
| 3.3818e-08 |
Q_tmp at 0 iter: 

[[cMatrix]]
| -0.999988 | 0.00492742 | -6.76358e-08 | 
| 0.00492742 | 0.999988 | 1.66636e-10 | 
| -6.76358e-08 | 1.66636e-10 | 1 | 
Q_heap(0)

[[cMatrix]]
| -0.999988 | 0.00492742 | -6.76358e-08 | 
| 0.00492742 | 0.999988 | 1.66636e-10 | 
| -6.76358e-08 | 1.66636e-10 | 1 | 
===========================QR SECTION==========================
Vector x at 1 iter: 

Vector contents:
| 22495.2 |
| -0.0497598 |
Alpha 22495.2 at 1 iter: 

Vector u at 1 iter: 

Vector contents:
| 44990.3 |
| -0.0497598 |
Vector v at 1 iter: 

Vector contents:
| 1 |
| -1.10601e-06 |
Q_tmp at 1 iter: 

[[cMatrix]]
| -1 | 2.21202e-06 | 
| 2.21202e-06 | 1 | 
Q_heap(1)

[[cMatrix]]
| 1 | 0 | 0 | 
| 0 | -1 | 2.21202e-06 | 
| 0 | 2.21202e-06 | 1 | 
===========================QR SECTION==========================
Vector x at 0 iter: 

Vector contents:
| 32883.8 |
| -110.843 |
| -0.000732214 |
Alpha 32884 at 0 iter: 

Vector u at 0 iter: 

Vector contents:
| 65767.7 |
| -110.843 |
| -0.000732214 |
Vector v at 0 iter: 

Vector contents:
| 0.999999 |
| -0.00168537 |
| -1.11333e-08 |
Q_tmp at 0 iter: 

[[cMatrix]]
| -0.999994 | 0.00337073 | 2.22666e-08 | 
| 0.00337073 | 0.999994 | -3.75275e-11 | 
| 2.22666e-08 | -3.75275e-11 | 1 | 
Q_heap(0)

[[cMatrix]]
| -0.999994 | 0.00337073 | 2.22666e-08 | 
| 0.00337073 | 0.999994 | -3.75275e-11 | 
| 2.22666e-08 | -3.75275e-11 | 1 | 
===========================QR SECTION==========================
Vector x at 1 iter: 

Vector contents:
| 22494.4 |
| 0.0239419 |
Alpha 22494.4 at 1 iter: 

Vector u at 1 iter: 

Vector contents:
| 44988.8 |
| 0.0239419 |
Vector v at 1 iter: 

Vector contents:
| 1 |
| 5.32174e-07 |
Q_tmp at 1 iter: 

[[cMatrix]]
| -1 | -1.06435e-06 | 
| -1.06435e-06 | 1 | 
Q_heap(1)

[[cMatrix]]
| 1 | 0 | 0 | 
| 0 | -1 | -1.06435e-06 | 
| 0 | -1.06435e-06 | 1 | 
===========================QR SECTION==========================
Vector x at 0 iter: 

Vector contents:
| 32884.4 |
| -75.8226 |
| 0.000241055 |
Alpha 32884.5 at 0 iter: 

Vector u at 0 iter: 

Vector contents:
| 65768.9 |
| -75.8226 |
| 0.000241055 |
Vector v at 0 iter: 

Vector contents:
| 0.999999 |
| -0.00115286 |
| 3.66518e-09 |
Q_tmp at 0 iter: 

[[cMatrix]]
| -0.999997 | 0.00230573 | -7.33035e-09 | 
| 0.00230573 | 0.999997 | 8.45089e-12 | 
| -7.33035e-09 | 8.45089e-12 | 1 | 
Q_heap(0)

[[cMatrix]]
| -0.999997 | 0.00230573 | -7.33035e-09 | 
| 0.00230573 | 0.999997 | 8.45089e-12 | 
| -7.33035e-09 | 8.45089e-12 | 1 | 
===========================QR SECTION==========================
Vector x at 1 iter: 

Vector contents:
| 22494 |
| -0.0115213 |
Alpha 22494 at 1 iter: 

Vector u at 1 iter: 

Vector contents:
| 44988.1 |
| -0.0115213 |
Vector v at 1 iter: 

Vector contents:
| 1 |
| -2.56097e-07 |
Q_tmp at 1 iter: 

[[cMatrix]]
| -1 | 5.12194e-07 | 
| 5.12194e-07 | 1 | 
Q_heap(1)

[[cMatrix]]
| 1 | 0 | 0 | 
| 0 | -1 | 5.12194e-07 | 
| 0 | 5.12194e-07 | 1 | 
===========================QR SECTION==========================
Vector x at 0 iter: 

Vector contents:
| 32884.7 |
| -51.8651 |
| -7.93571e-05 |
Alpha 32884.7 at 0 iter: 

Vector u at 0 iter: 

Vector contents:
| 65769.4 |
| -51.8651 |
| -7.93571e-05 |
Vector v at 0 iter: 

Vector contents:
| 1 |
| -0.000788589 |
| -1.2066e-09 |
Q_tmp at 0 iter: 

[[cMatrix]]
| -0.999999 | 0.00157718 | 2.41319e-09 | 
| 0.00157718 | 0.999999 | -1.90302e-12 | 
| 2.41319e-09 | -1.90302e-12 | 1 | 
Q_heap(0)

[[cMatrix]]
| -0.999999 | 0.00157718 | 2.41319e-09 | 
| 0.00157718 | 0.999999 | -1.90302e-12 | 
| 2.41319e-09 | -1.90302e-12 | 1 | 
===========================QR SECTION==========================
Vector x at 1 iter: 

Vector contents:
| 22493.9 |
| 0.00554467 |
Alpha 22493.9 at 1 iter: 

Vector u at 1 iter: 

Vector contents:
| 44987.7 |
| 0.00554467 |
Vector v at 1 iter: 

Vector contents:
| 1 |
| 1.23249e-07 |
Q_tmp at 1 iter: 

[[cMatrix]]
| -1 | -2.46497e-07 | 
| -2.46497e-07 | 1 | 
Q_heap(1)

[[cMatrix]]
| 1 | 0 | 0 | 
| 0 | -1 | -2.46497e-07 | 
| 0 | -2.46497e-07 | 1 | 
===========================QR SECTION==========================
Vector x at 0 iter: 

Vector contents:
| 32884.8 |
| -35.4768 |
| 2.61248e-05 |
Alpha 32884.9 at 0 iter: 

Vector u at 0 iter: 

Vector contents:
| 65769.7 |
| -35.4768 |
| 2.61248e-05 |
Vector v at 0 iter: 

Vector contents:
| 1 |
| -0.000539409 |
| 3.97217e-10 |
Q_tmp at 0 iter: 

[[cMatrix]]
| -0.999999 | 0.00107882 | -7.94433e-10 | 
| 0.00107882 | 0.999999 | 4.28525e-13 | 
| -7.94433e-10 | 4.28525e-13 | 1 | 
Q_heap(0)

[[cMatrix]]
| -0.999999 | 0.00107882 | -7.94433e-10 | 
| 0.00107882 | 0.999999 | 4.28525e-13 | 
| -7.94433e-10 | 4.28525e-13 | 1 | 
===========================QR SECTION==========================
Vector x at 1 iter: 

Vector contents:
| 22493.8 |
| -0.00266848 |
Alpha 22493.8 at 1 iter: 

Vector u at 1 iter: 

Vector contents:
| 44987.6 |
| -0.00266848 |
Vector v at 1 iter: 

Vector contents:
| 1 |
| -5.9316e-08 |
Q_tmp at 1 iter: 

[[cMatrix]]
| -1 | 1.18632e-07 | 
| 1.18632e-07 | 1 | 
Q_heap(1)

[[cMatrix]]
| 1 | 0 | 0 | 
| 0 | -1 | 1.18632e-07 | 
| 0 | 1.18632e-07 | 1 | 
===========================QR SECTION==========================
Vector x at 0 iter: 

Vector contents:
| 32884.9 |
| -24.2667 |
| -8.6004e-06 |
Alpha 32884.9 at 0 iter: 

Vector u at 0 iter: 

Vector contents:
| 65769.8 |
| -24.2667 |
| -8.6004e-06 |
Vector v at 0 iter: 

Vector contents:
| 1 |
| -0.000368964 |
| -1.30765e-10 |
Q_tmp at 0 iter: 

[[cMatrix]]
| -1 | 0.000737928 | 2.6153e-10 | 
| 0.000737928 | 1 | -9.64953e-14 | 
| 2.6153e-10 | -9.64953e-14 | 1 | 
Q_heap(0)

[[cMatrix]]
| -1 | 0.000737928 | 2.6153e-10 | 
| 0.000737928 | 1 | -9.64953e-14 | 
| 2.6153e-10 | -9.64953e-14 | 1 | 
===========================QR SECTION==========================
Vector x at 1 iter: 

Vector contents:
| 22493.7 |
| 0.00128428 |
Alpha 22493.7 at 1 iter: 

Vector u at 1 iter: 

Vector contents:
| 44987.5 |
| 0.00128428 |
Vector v at 1 iter: 

Vector contents:
| 1 |
| 2.85474e-08 |
Q_tmp at 1 iter: 

[[cMatrix]]
| -1 | -5.70949e-08 | 
| -5.70949e-08 | 1 | 
Q_heap(1)

[[cMatrix]]
| 1 | 0 | 0 | 
| 0 | -1 | -5.70949e-08 | 
| 0 | -5.70949e-08 | 1 | 
===========================QR SECTION==========================
Vector x at 0 iter: 

Vector contents:
| 32884.9 |
| -16.5988 |
| 2.83129e-06 |
Alpha 32884.9 at 0 iter: 

Vector u at 0 iter: 

Vector contents:
| 65769.9 |
| -16.5988 |
| 2.83129e-06 |
Vector v at 0 iter: 

Vector contents:
| 1 |
| -0.000252376 |
| 4.30484e-11 |
Q_tmp at 0 iter: 

[[cMatrix]]
| -1 | 0.000504753 | -8.60967e-11 | 
| 0.000504753 | 1 | 2.17288e-14 | 
| -8.60967e-11 | 2.17288e-14 | 1 | 
Q_heap(0)

[[cMatrix]]
| -1 | 0.000504753 | -8.60967e-11 | 
| 0.000504753 | 1 | 2.17288e-14 | 
| -8.60967e-11 | 2.17288e-14 | 1 | 
===========================QR SECTION==========================
Vector x at 1 iter: 

Vector contents:
| 22493.7 |
| -0.000618097 |
Alpha 22493.7 at 1 iter: 

Vector u at 1 iter: 

Vector contents:
| 44987.4 |
| -0.000618097 |
Vector v at 1 iter: 

Vector contents:
| 1 |
| -1.37393e-08 |
Q_tmp at 1 iter: 

[[cMatrix]]
| -1 | 2.74786e-08 | 
| 2.74786e-08 | 1 | 
Q_heap(1)

[[cMatrix]]
| 1 | 0 | 0 | 
| 0 | -1 | 2.74786e-08 | 
| 0 | 2.74786e-08 | 1 | 
===========================QR SECTION==========================
Vector x at 0 iter: 

Vector contents:
| 32884.9 |
| -11.3538 |
| -9.32069e-07 |
Alpha 32884.9 at 0 iter: 

Vector u at 0 iter: 

Vector contents:
| 65769.9 |
| -11.3538 |
| -9.32069e-07 |
Vector v at 0 iter: 

Vector contents:
| 1 |
| -0.000172629 |
| -1.41717e-11 |
Q_tmp at 0 iter: 

[[cMatrix]]
| -1 | 0.000345257 | 2.83433e-11 | 
| 0.000345257 | 1 | -4.89287e-15 | 
| 2.83433e-11 | -4.89287e-15 | 1 | 
Q_heap(0)

[[cMatrix]]
| -1 | 0.000345257 | 2.83433e-11 | 
| 0.000345257 | 1 | -4.89287e-15 | 
| 2.83433e-11 | -4.89287e-15 | 1 | 
===========================QR SECTION==========================
Vector x at 1 iter: 

Vector contents:
| 22493.7 |
| 0.000297479 |
Alpha 22493.7 at 1 iter: 

Vector u at 1 iter: 

Vector contents:
| 44987.4 |
| 0.000297479 |
Vector v at 1 iter: 

Vector contents:
| 1 |
| 6.61248e-09 |
Q_tmp at 1 iter: 

[[cMatrix]]
| -1 | -1.3225e-08 | 
| -1.3225e-08 | 1 | 
Q_heap(1)

[[cMatrix]]
| 1 | 0 | 0 | 
| 0 | -1 | -1.3225e-08 | 
| 0 | -1.3225e-08 | 1 | 
===========================QR SECTION==========================
Vector x at 0 iter: 

Vector contents:
| 32885 |
| -7.76612 |
| 3.06841e-07 |
Alpha 32885 at 0 iter: 

Vector u at 0 iter: 

Vector contents:
| 65769.9 |
| -7.76612 |
| 3.06841e-07 |
Vector v at 0 iter: 

Vector contents:
| 1 |
| -0.00011808 |
| 4.66536e-12 |
Q_tmp at 0 iter: 

[[cMatrix]]
| -1 | 0.00023616 | -9.33073e-12 | 
| 0.00023616 | 1 | 1.10177e-15 | 
| -9.33073e-12 | 1.10177e-15 | 1 | 
Q_heap(0)

[[cMatrix]]
| -1 | 0.00023616 | -9.33073e-12 | 
| 0.00023616 | 1 | 1.10177e-15 | 
| -9.33073e-12 | 1.10177e-15 | 1 | 
===========================QR SECTION==========================
Vector x at 1 iter: 

Vector contents:
| 22493.7 |
| -0.000143171 |
Alpha 22493.7 at 1 iter: 

Vector u at 1 iter: 

Vector contents:
| 44987.4 |
| -0.000143171 |
Vector v at 1 iter: 

Vector contents:
| 1 |
| -3.18247e-09 |
Q_tmp at 1 iter: 

[[cMatrix]]
| -1 | 6.36494e-09 | 
| 6.36494e-09 | 1 | 
Q_heap(1)

[[cMatrix]]
| 1 | 0 | 0 | 
| 0 | -1 | 6.36494e-09 | 
| 0 | 6.36494e-09 | 1 | 
===========================QR SECTION==========================
Vector x at 0 iter: 

Vector contents:
| 32885 |
| -5.31212 |
| -1.01013e-07 |
Alpha 32885 at 0 iter: 

Vector u at 0 iter: 

Vector contents:
| 65769.9 |
| -5.31212 |
| -1.01013e-07 |
Vector v at 0 iter: 

Vector contents:
| 1 |
| -8.07683e-05 |
| -1.53585e-12 |
Q_tmp at 0 iter: 

[[cMatrix]]
| -1 | 0.000161537 | 3.07171e-12 | 
| 0.000161537 | 1 | -2.48096e-16 | 
| 3.07171e-12 | -2.48096e-16 | 1 | 
Q_heap(0)

[[cMatrix]]
| -1 | 0.000161537 | 3.07171e-12 | 
| 0.000161537 | 1 | -2.48096e-16 | 
| 3.07171e-12 | -2.48096e-16 | 1 | 
===========================QR SECTION==========================
Vector x at 1 iter: 

Vector contents:
| 22493.7 |
| 6.89058e-05 |
Alpha 22493.7 at 1 iter: 

Vector u at 1 iter: 

Vector contents:
| 44987.4 |
| 6.89058e-05 |
Vector v at 1 iter: 

Vector contents:
| 1 |
| 1.53167e-09 |
Q_tmp at 1 iter: 

[[cMatrix]]
| -1 | -3.06334e-09 | 
| -3.06334e-09 | 1 | 
Q_heap(1)

[[cMatrix]]
| 1 | 0 | 0 | 
| 0 | -1 | -3.06334e-09 | 
| 0 | -3.06334e-09 | 1 | 
===========================EIGEN SECTION==========================
Eigenvalue matrix after 24 iterations of the QR algorithm
[[cMatrix]]
| 32885 | -5.31212 | -1.01013e-07 | 
| -5.31212 | 22493.7 | 6.89059e-05 | 
| -1.01013e-07 | 6.89059e-05 | 10825.8 | 
Eigenvector matrix Q_0:
[[cMatrix]]
| -0.987469 | 0.00782578 | 0.157617 | 
| -0.0803928 | -0.884403 | -0.459749 | 
| 0.135799 | -0.466659 | 0.87395 | 
Eigenvector matrix after multiplying by Q_1:
[[cMatrix]]
| 0.958192 | 0.156375 | 0.239614 | 
| 0.0834949 | 0.648178 | -0.756898 | 
| -0.273672 | 0.74526 | 0.608022 | 
Eigenvector matrix Q_1
[[cMatrix]]
| -0.990062 | -0.105319 | -0.0931933 | 
| 0.0613672 | -0.919809 | 0.387538 | 
| -0.126535 | 0.377968 | 0.917131 | 
Number of iterations: 24
Eigenvector matrix after multiplying by Q_2:
[[cMatrix]]
| -0.905873 | -0.339402 | 0.253376 | 
| -0.0383746 | -0.529993 | -0.847133 | 
| 0.421807 | -0.777119 | 0.467082 | 
Eigenvector matrix Q_2
[[cMatrix]]
| -0.986642 | -0.156788 | 0.0442243 | 
| 0.147826 | -0.975759 | -0.161374 | 
| 0.0684537 | -0.152681 | 0.985902 | 
Number of iterations: 24
Eigenvector matrix after multiplying by Q_3:
[[cMatrix]]
| 0.821189 | 0.511919 | 0.252164 | 
| -0.0340486 | 0.485051 | -0.873823 | 
| -0.569639 | 0.708988 | 0.415749 | 
Eigenvector matrix Q_3
[[cMatrix]]
| -0.982864 | -0.183292 | -0.0195306 | 
| 0.182009 | -0.981788 | 0.0544484 | 
| -0.0291549 | 0.0499607 | 0.998326 | 
Number of iterations: 24
Eigenvector matrix after multiplying by Q_4:
[[cMatrix]]
| -0.709605 | -0.658939 | 0.249519 | 
| 0.113201 | -0.456146 | -0.882676 | 
| 0.695447 | -0.598105 | 0.398276 | 
Eigenvector matrix Q_4
[[cMatrix]]
| -0.982728 | -0.184878 | 0.00808258 | 
| 0.184711 | -0.982627 | -0.0180363 | 
| 0.0112767 | -0.0162319 | 0.999805 | 
Number of iterations: 24
Eigenvector matrix after multiplying by Q_5:
[[cMatrix]]
| 0.591753 | 0.767141 | 0.247635 | 
| -0.182392 | 0.426643 | -0.885838 | 
| -0.785214 | 0.479031 | 0.392388 | 
Eigenvector matrix Q_5
[[cMatrix]]
| -0.986633 | -0.16293 | -0.00311571 | 
| 0.162909 | -0.986622 | 0.00620611 | 
| -0.00408519 | 0.00561558 | 0.999976 | 
Number of iterations: 24
Eigenvector matrix after multiplying by Q_6:
[[cMatrix]]
| -0.487413 | -0.837645 | 0.246534 | 
| 0.23469 | -0.39763 | -0.887024 | 
| 0.841041 | -0.374488 | 0.390397 | 
Eigenvector matrix Q_6
[[cMatrix]]
| -0.991631 | -0.129102 | 0.00112828 | 
| 0.129099 | -0.991629 | -0.00230412 | 
| 0.0014163 | -0.00213917 | 0.999997 | 
Number of iterations: 24
Eigenvector matrix after multiplying by Q_7:
[[cMatrix]]
| 0.405108 | 0.880568 | 0.245941 | 
| -0.271151 | 0.372618 | -0.887487 | 
| -0.873135 | 0.292841 | 0.389718 | 
Eigenvector matrix Q_7
[[cMatrix]]
| -0.995433 | -0.095459 | -0.000391142 | 
| 0.0954586 | -0.995433 | 0.000935005 | 
| -0.00047861 | 0.000893397 | 0.999999 | 
Number of iterations: 24
Eigenvector matrix after multiplying by Q_8:
[[cMatrix]]
| -0.344358 | -0.906135 | 0.245635 | 
| 0.295679 | -0.352998 | -0.887675 | 
| 0.891062 | -0.233049 | 0.389483 | 
Eigenvector matrix Q_8
[[cMatrix]]
| -0.997693 | -0.0678841 | 0.000132178 | 
| 0.0678841 | -0.997693 | -0.000408122 | 
| 0.000159578 | -0.000398208 | 1 | 
Number of iterations: 24
Eigenvector matrix after multiplying by Q_9:
[[cMatrix]]
| 0.301086 | 0.921459 | 0.245481 | 
| -0.312003 | 0.338449 | -0.887754 | 
| -0.901111 | 0.1907 | 0.3894 | 
Eigenvector matrix Q_9
[[cMatrix]]
| -0.99888 | -0.0473144 | -4.40707e-05 | 
| 0.0473144 | -0.99888 | 0.000186666 | 
| -5.28533e-05 | 0.000184372 | 1 | 
Number of iterations: 24
Eigenvector matrix after multiplying by Q_10:
[[cMatrix]]
| -0.270832 | -0.93082 | 0.245405 | 
| 0.322872 | -0.328003 | -0.887788 | 
| 0.906865 | -0.161207 | 0.38937 | 
Eigenvector matrix Q_10
[[cMatrix]]
| -0.999467 | -0.0326539 | 1.45965e-05 | 
| 0.0326539 | -0.999467 | -8.7606e-05 | 
| 1.74494e-05 | -8.70827e-05 | 1 | 
Number of iterations: 24
Eigenvector matrix after multiplying by Q_11:
[[cMatrix]]
| 0.249884 | 0.936671 | 0.245368 | 
| -0.330143 | 0.320642 | -0.887803 | 
| -0.910254 | 0.140842 | 0.389359 | 
Eigenvector matrix Q_11
[[cMatrix]]
| -0.999748 | -0.0224299 | -4.819e-06 | 
| 0.0224299 | -0.999748 | 4.16564e-05 | 
| -5.75214e-06 | 4.15378e-05 | 1 | 
Number of iterations: 24
Eigenvector matrix after multiplying by Q_12:
[[cMatrix]]
| -0.235455 | -0.940407 | 0.245349 | 
| 0.335032 | -0.315511 | -0.88781 | 
| 0.912313 | -0.12684 | 0.389355 | 
Eigenvector matrix Q_12
[[cMatrix]]
| -0.999882 | -0.0153727 | 1.58857e-06 | 
| 0.0153727 | -0.999882 | -1.9934e-05 | 
| 1.89482e-06 | -1.99072e-05 | 1 | 
Number of iterations: 24
Eigenvector matrix after multiplying by Q_13:
[[cMatrix]]
| 0.225544 | 0.942835 | 0.24534 | 
| -0.338333 | 0.311959 | -0.887813 | 
| -0.913597 | 0.117235 | 0.389353 | 
Eigenvector matrix Q_13
[[cMatrix]]
| -0.999945 | -0.0105248 | -5.23292e-07 | 
| 0.0105248 | -0.999945 | 9.56803e-06 | 
| -6.23965e-07 | 9.56199e-06 | 1 | 
Number of iterations: 24
Eigenvector matrix after multiplying by Q_14:
[[cMatrix]]
| -0.218748 | -0.944436 | 0.245336 | 
| 0.340571 | -0.30951 | -0.887815 | 
| 0.914418 | -0.110653 | 0.389352 | 
Eigenvector matrix Q_14
[[cMatrix]]
| -0.999974 | -0.00720224 | 1.7232e-07 | 
| 0.00720224 | -0.999974 | -4.59911e-06 | 
| 2.0544e-07 | -4.59775e-06 | 1 | 
Number of iterations: 24
Eigenvector matrix after multiplying by Q_15:
[[cMatrix]]
| 0.214092 | 0.945503 | 0.245334 | 
| -0.342092 | 0.307826 | -0.887815 | 
| -0.914952 | 0.106147 | 0.389352 | 
Eigenvector matrix Q_15
[[cMatrix]]
| -0.999988 | -0.00492742 | -5.67362e-08 | 
| 0.00492742 | -0.999988 | 2.21216e-06 | 
| -6.76358e-08 | 2.21185e-06 | 1 | 
Number of iterations: 24
Eigenvector matrix after multiplying by Q_16:
[[cMatrix]]
| -0.210903 | -0.94622 | 0.245333 | 
| 0.343128 | -0.30667 | -0.887816 | 
| 0.915305 | -0.103063 | 0.389352 | 
Eigenvector matrix Q_16
[[cMatrix]]
| -0.999994 | -0.00337073 | 1.8679e-08 | 
| 0.00337073 | -0.999994 | -1.06438e-06 | 
| 2.22666e-08 | -1.06431e-06 | 1 | 
Number of iterations: 24
Eigenvector matrix after multiplying by Q_17:
[[cMatrix]]
| 0.208721 | 0.946703 | 0.245333 | 
| -0.343834 | 0.305878 | -0.887816 | 
| -0.91554 | 0.100952 | 0.389352 | 
Eigenvector matrix Q_17
[[cMatrix]]
| -0.999997 | -0.00230573 | -6.14937e-09 | 
| 0.00230573 | -0.999997 | 5.12201e-07 | 
| -7.33035e-09 | 5.12186e-07 | 1 | 
Number of iterations: 24
Eigenvector matrix after multiplying by Q_18:
[[cMatrix]]
| -0.207228 | -0.947031 | 0.245332 | 
| 0.344316 | -0.305335 | -0.887816 | 
| 0.915698 | -0.0995084 | 0.389352 | 
Eigenvector matrix Q_18
[[cMatrix]]
| -0.999999 | -0.00157718 | 2.02442e-09 | 
| 0.00157718 | -0.999999 | -2.46499e-07 | 
| 2.41319e-09 | -2.46495e-07 | 1 | 
Number of iterations: 24
Eigenvector matrix after multiplying by Q_19:
[[cMatrix]]
| 0.206206 | 0.947255 | 0.245332 | 
| -0.344645 | 0.304963 | -0.887816 | 
| -0.915805 | 0.0985205 | 0.389352 | 
Eigenvector matrix Q_19
[[cMatrix]]
| -0.999999 | -0.00107882 | -6.66451e-10 | 
| 0.00107882 | -0.999999 | 1.18632e-07 | 
| -7.94433e-10 | 1.18632e-07 | 1 | 
Number of iterations: 24
Eigenvector matrix after multiplying by Q_20:
[[cMatrix]]
| -0.205507 | -0.947406 | 0.245332 | 
| 0.34487 | -0.304709 | -0.887816 | 
| 0.915878 | -0.0978447 | 0.389352 | 
Eigenvector matrix Q_20
[[cMatrix]]
| -1 | -0.000737928 | 2.19398e-10 | 
| 0.000737928 | -1 | -5.70949e-08 | 
| 2.6153e-10 | -5.70948e-08 | 1 | 
Number of iterations: 24
Eigenvector matrix after multiplying by Q_21:
[[cMatrix]]
| 0.205029 | 0.94751 | 0.245332 | 
| -0.345024 | 0.304535 | -0.887816 | 
| -0.915927 | 0.0973824 | 0.389352 | 
Eigenvector matrix Q_21
[[cMatrix]]
| -1 | -0.000504753 | -7.22268e-11 | 
| 0.000504753 | -1 | 2.74787e-08 | 
| -8.60967e-11 | 2.74786e-08 | 1 | 
Number of iterations: 24
Eigenvector matrix after multiplying by Q_22:
[[cMatrix]]
| -0.204702 | -0.947581 | 0.245332 | 
| 0.345129 | -0.304415 | -0.887816 | 
| 0.91596 | -0.0970661 | 0.389352 | 
Eigenvector matrix Q_22
[[cMatrix]]
| -1 | -0.000345257 | 2.37773e-11 | 
| 0.000345257 | -1 | -1.3225e-08 | 
| 2.83433e-11 | -1.3225e-08 | 1 | 
Number of iterations: 24
Eigenvector matrix after multiplying by Q_23:
[[cMatrix]]
| 0.204478 | 0.947629 | 0.245332 | 
| -0.345201 | 0.304334 | -0.887816 | 
| -0.915983 | 0.0968498 | 0.389352 | 
Eigenvector matrix Q_23
[[cMatrix]]
| -1 | -0.00023616 | -7.82758e-12 | 
| 0.00023616 | -1 | 6.36495e-09 | 
| -9.33073e-12 | 6.36494e-09 | 1 | 
Number of iterations: 24
Eigenvector matrix after multiplying by Q_24:
[[cMatrix]]
| -0.204325 | -0.947662 | 0.245332 | 
| 0.34525 | -0.304278 | -0.887816 | 
| 0.915999 | -0.0967019 | 0.389352 | 
Eigenvector matrix Q_24
[[cMatrix]]
| -1 | -0.000161537 | 2.57687e-12 | 
| 0.000161537 | -1 | -3.06334e-09 | 
| 3.07171e-12 | -3.06334e-09 | 1 | 
Number of iterations: 24
===========================SVD SECTION==========================
A*A' = 
[[cMatrix]]
| 22223.9 | 1809.31 | -3056.28 | 
| 1809.31 | 14536.3 | 7320.62 | 
| -3056.28 | 7320.62 | 29444.4 | 

Eigenvectors of A*A' (U) = 

[[cMatrix]]
| -0.204325 | -0.947662 | 0.245332 | 
| 0.34525 | -0.304278 | -0.887816 | 
| 0.915999 | -0.0967019 | 0.389352 | 

Singular values of A'*A (S) = 

[[cMatrix]]
| 181.342 | 0 | 0 | 
| 0 | 149.979 | 0 | 
| 0 | 0 | 104.047 | 

Eigenvectors of A'*A (V) = 

[[cMatrix]]
| -0.459873 | 0.695778 | -0.551812 | 
| -0.143601 | 0.554993 | 0.819379 | 
| 0.876297 | 0.455934 | -0.155312 | 


Q_U = 
[[cMatrix]]
| -1 | -0.000161537 | 2.57687e-12 | 
| 0.000161537 | -1 | -3.06334e-09 | 
| 3.07171e-12 | -3.06334e-09 | 1 | 
Q_U iter = 24
Q_V = 
[[cMatrix]]
| 0 | 0 | 0 | 0 | 
| 0 | 0 | 0 | 0 | 
| 0 | 0 | 0 | 0 | 
| 0 | 0 | 0 | 0 | 
Q_V iter = 2685004



Original matrix A = U*S*V' = 
[[cMatrix]]
| -95.9366 | -52.6445 | -101.235 | 
| -9.5704 | -110.008 | 48.4037 | 
| -108.835 | 1.29114 | 132.657 | 
===========================KABSCH SECTION==========================

Centroid of A = 
Vector contents:
| 5.57895 |
| 5.10526 |
| 4.05263 |

Centroid of B = 
Vector contents:
| -8.04982 |
| -2.93999 |
| -0.411187 |

A - centroidA =
[[cMatrix]]
| 2.42105 | -1.57895 | 3.42105 | 3.42105 | 0.421053 | -5.57895 | 2.42105 | 0.421053 | 3.42105 | -0.578947 | -4.57895 | -2.57895 | -4.57895 | 1.42105 | 0.421053 | 2.42105 | -1.57895 | 1.42105 | -0.578947 | 
| -0.105263 | -0.105263 | 0.894737 | 1.89474 | -0.105263 | 2.89474 | 2.89474 | -3.10526 | -2.10526 | 2.89474 | -5.10526 | 0.894737 | -1.10526 | -2.10526 | 0.894737 | 0.894737 | 0.894737 | 3.89474 | -5.10526 | 
| 0.947368 | -3.05263 | -2.05263 | -1.05263 | 0.947368 | -3.05263 | 3.94737 | 4.94737 | -2.05263 | -3.05263 | 1.94737 | -0.0526316 | 3.94737 | -4.05263 | -3.05263 | -2.05263 | 3.94737 | 4.94737 | -2.05263 | 

B - centroidB =
[[cMatrix]]
| -2.28056 | 3.11961 | -1.32902 | -2.2739 | -0.879053 | 5.03588 | -5.11517 | -2.58947 | -0.442283 | 1.53211 | 3.45333 | 1.57691 | 0.972417 | 2.25781 | 1.42252 | -0.628273 | -1.721 | -5.35929 | 3.24748 | 
| 0.674575 | -1.00999 | -1.05694 | -1.70114 | 0.435675 | -4.32547 | -1.25805 | 4.48011 | 1.78074 | -3.72822 | 4.86957 | -1.17027 | 1.68937 | 0.938475 | -1.71698 | -1.17639 | 0.155945 | -2.0217 | 4.14062 | 
| -1.05549 | -1.03474 | -3.71941 | -2.88741 | 0.351167 | 2.18014 | 1.4405 | 2.7422 | -4.12096 | -1.33652 | 3.89673 | 1.89688 | 5.82842 | -4.11059 | -2.30756 | -3.01608 | 3.98613 | 2.97583 | -1.70918 | 

H = 
[[cMatrix]]
| -95.9366 | -52.6445 | -101.235 | 
| -9.5704 | -110.008 | 48.4037 | 
| -108.835 | 1.29114 | 132.657 | 

Det of R = 1

Rotation matrix = 
[[cMatrix]]
| -0.700776 | 0.119426 | -0.703375 | 
| -0.295585 | -0.945909 | 0.133819 | 
| -0.649223 | 0.301699 | 0.698126 | 

R * B = 
[[cMatrix]]
| 8.00036 | 4.00027 | 9.00049 | 9.00049 | 6.00027 | 0.000175618 | 8.00036 | 6.00012 | 9.00041 | 5.00039 | 0.999912 | 3.00019 | 0.999973 | 7.00037 | 6.00039 | 8.00045 | 4.00015 | 7.00032 | 5.00017 | 
| 5.00011 | 5.00012 | 6.00022 | 7.0002 | 5.00006 | 8.00006 | 8.00007 | 1.99993 | 3.00019 | 8.00018 | -0.000122428 | 6.00004 | 3.99987 | 3.00018 | 6.00018 | 6.0002 | 5.99996 | 9.00003 | 6.61235e-05 | 
| 4.99932 | 0.999662 | 1.99941 | 2.99934 | 4.99938 | 0.999691 | 7.99906 | 8.99927 | 1.99951 | 0.999537 | 5.99965 | 3.9995 | 7.99941 | -0.000321824 | 0.999565 | 1.99944 | 7.99926 | 8.99901 | 1.99973 | 

Translation matrix = 
Vector contents:
| -0.000276945 |
| -8.2146e-05 |
| 0.000556006 |

Result of the algorithm: 

R * B + t = A
[[cMatrix]]
