
Original matrix A = 
[[cMatrix]]
| 9 | 3 | 9 | 2 | 4 | 9 | 
| 0 | 6 | 7 | 0 | 3 | 7 | 
| 3 | 9 | 3 | 3 | 4 | 9 | 

Transformed matrix B = 
[[cMatrix]]
| 0.28076 | -1.65353 | -5.92734 | 1.10484 | -1.34446 | -3.24676 | 
| -4.26981 | -11.0699 | -7.2356 | -3.021 | -5.53693 | -12.564 | 
| 8.46699 | 0.8501 | 7.17723 | 1.62876 | 2.92145 | 6.52719 | 
===========================QR SECTION==========================
Vector x at 0 iter: 

Vector contents:
| 1960.38 |
| 2752.9 |
| -1268.71 |
Alpha 3609.87 at 0 iter: 

Vector u at 0 iter: 

Vector contents:
| 5570.25 |
| 2752.9 |
| -1268.71 |
Vector v at 0 iter: 

Vector contents:
| 0.878368 |
| 0.434103 |
| -0.200061 |
Q_tmp at 0 iter: 

[[cMatrix]]
| -0.543061 | -0.762604 | 0.351455 | 
| -0.762604 | 0.62311 | 0.173694 | 
| 0.351455 | 0.173694 | 0.919951 | 
Q_heap(0)

[[cMatrix]]
| -0.543061 | -0.762604 | 0.351455 | 
| -0.762604 | 0.62311 | 0.173694 | 
| 0.351455 | 0.173694 | 0.919951 | 
===========================QR SECTION==========================
Vector x at 1 iter: 

Vector contents:
| 1544.54 |
| 1653.4 |
Alpha 2262.6 at 1 iter: 

Vector u at 1 iter: 

Vector contents:
| 3807.14 |
| 1653.4 |
Vector v at 1 iter: 

Vector contents:
| 0.917235 |
| 0.398346 |
Q_tmp at 1 iter: 

[[cMatrix]]
| -0.68264 | -0.730754 | 
| -0.730754 | 0.68264 | 
Q_heap(1)

[[cMatrix]]
| 1 | 0 | 0 | 
| 0 | -0.68264 | -0.730754 | 
| 0 | -0.730754 | 0.68264 | 
===========================QR SECTION==========================
Vector x at 0 iter: 

Vector contents:
| 7358.32 |
| 892.638 |
| 189.047 |
Alpha 7414.67 at 0 iter: 

Vector u at 0 iter: 

Vector contents:
| 14773 |
| 892.638 |
| 189.047 |
Vector v at 0 iter: 

Vector contents:
| 0.998098 |
| 0.0603087 |
| 0.0127725 |
Q_tmp at 0 iter: 

[[cMatrix]]
| -0.992399 | -0.120388 | -0.0254963 | 
| -0.120388 | 0.992726 | -0.00154058 | 
| -0.0254963 | -0.00154058 | 0.999674 | 
Q_heap(0)

[[cMatrix]]
| -0.992399 | -0.120388 | -0.0254963 | 
| -0.120388 | 0.992726 | -0.00154058 | 
| -0.0254963 | -0.00154058 | 0.999674 | 
===========================QR SECTION==========================
Vector x at 1 iter: 

Vector contents:
| 2994.07 |
| -452.818 |
Alpha 3028.12 at 1 iter: 

Vector u at 1 iter: 

Vector contents:
| 6022.19 |
| -452.818 |
Vector v at 1 iter: 

Vector contents:
| 0.997185 |
| -0.0749799 |
Q_tmp at 1 iter: 

[[cMatrix]]
| -0.988756 | 0.149538 | 
| 0.149538 | 0.988756 | 
Q_heap(1)

[[cMatrix]]
| 1 | 0 | 0 | 
| 0 | -0.988756 | 0.149538 | 
| 0 | 0.149538 | 0.988756 | 
===========================QR SECTION==========================
Vector x at 0 iter: 

Vector contents:
| 7512.58 |
| 352.308 |
| -4.98898 |
Alpha 7520.84 at 0 iter: 

Vector u at 0 iter: 

Vector contents:
| 15033.4 |
| 352.308 |
| -4.98898 |
Vector v at 0 iter: 

Vector contents:
| 0.999725 |
| 0.0234285 |
| -0.000331768 |
Q_tmp at 0 iter: 

[[cMatrix]]
| -0.998902 | -0.0468442 | 0.000663355 | 
| -0.0468442 | 0.998902 | 1.55457e-05 | 
| 0.000663355 | 1.55457e-05 | 1 | 
Q_heap(0)

[[cMatrix]]
| -0.998902 | -0.0468442 | 0.000663355 | 
| -0.0468442 | 0.998902 | 1.55457e-05 | 
| 0.000663355 | 1.55457e-05 | 1 | 
===========================QR SECTION==========================
Vector x at 1 iter: 

Vector contents:
| 3025.65 |
| 29.8302 |
Alpha 3025.8 at 1 iter: 

Vector u at 1 iter: 

Vector contents:
| 6051.44 |
| 29.8302 |
Vector v at 1 iter: 

Vector contents:
| 0.999988 |
| 0.00492938 |
Q_tmp at 1 iter: 

[[cMatrix]]
| -0.999951 | -0.00985864 | 
| -0.00985864 | 0.999951 | 
Q_heap(1)

[[cMatrix]]
| 1 | 0 | 0 | 
| 0 | -0.999951 | -0.00985864 | 
| 0 | -0.00985864 | 0.999951 | 
===========================QR SECTION==========================
Vector x at 0 iter: 

Vector contents:
| 7535.75 |
| 141.72 |
| 0.128068 |
Alpha 7537.08 at 0 iter: 

Vector u at 0 iter: 

Vector contents:
| 15072.8 |
| 141.72 |
| 0.128068 |
Vector v at 0 iter: 

Vector contents:
| 0.999956 |
| 0.00940193 |
| 8.4962e-06 |
Q_tmp at 0 iter: 

[[cMatrix]]
| -0.999823 | -0.018803 | -1.69917e-05 | 
| -0.018803 | 0.999823 | -1.59761e-07 | 
| -1.69917e-05 | -1.59761e-07 | 1 | 
Q_heap(0)

[[cMatrix]]
| -0.999823 | -0.018803 | -1.69917e-05 | 
| -0.018803 | 0.999823 | -1.59761e-07 | 
| -1.69917e-05 | -1.59761e-07 | 1 | 
===========================QR SECTION==========================
Vector x at 1 iter: 

Vector contents:
| 3019.44 |
| -1.90921 |
Alpha 3019.44 at 1 iter: 

Vector u at 1 iter: 

Vector contents:
| 6038.88 |
| -1.90921 |
Vector v at 1 iter: 

Vector contents:
| 1 |
| -0.000316152 |
Q_tmp at 1 iter: 

[[cMatrix]]
| -1 | 0.000632304 | 
| 0.000632304 | 1 | 
Q_heap(1)

[[cMatrix]]
| 1 | 0 | 0 | 
| 0 | -1 | 0.000632304 | 
| 0 | 0.000632304 | 1 | 
===========================QR SECTION==========================
Vector x at 0 iter: 

Vector contents:
| 7539.49 |
| 56.7746 |
| -0.00328023 |
Alpha 7539.7 at 0 iter: 

Vector u at 0 iter: 

Vector contents:
| 15079.2 |
| 56.7746 |
| -0.00328023 |
Vector v at 0 iter: 

Vector contents:
| 0.999993 |
| 0.00376507 |
| -2.17532e-07 |
Q_tmp at 0 iter: 

[[cMatrix]]
| -0.999972 | -0.00753009 | 4.35062e-07 | 
| -0.00753009 | 0.999972 | 1.63805e-09 | 
| 4.35062e-07 | 1.63805e-09 | 1 | 
Q_heap(0)

[[cMatrix]]
| -0.999972 | -0.00753009 | 4.35062e-07 | 
| -0.00753009 | 0.999972 | 1.63805e-09 | 
| 4.35062e-07 | 1.63805e-09 | 1 | 
===========================QR SECTION==========================
Vector x at 1 iter: 

Vector contents:
| 3018.4 |
| 0.122127 |
Alpha 3018.4 at 1 iter: 

Vector u at 1 iter: 

Vector contents:
| 6036.79 |
| 0.122127 |
Vector v at 1 iter: 

Vector contents:
| 1 |
| 2.02304e-05 |
Q_tmp at 1 iter: 

[[cMatrix]]
| -1 | -4.04608e-05 | 
| -4.04608e-05 | 1 | 
Q_heap(1)

[[cMatrix]]
| 1 | 0 | 0 | 
| 0 | -1 | -4.04608e-05 | 
| 0 | -4.04608e-05 | 1 | 
===========================QR SECTION==========================
Vector x at 0 iter: 

Vector contents:
| 7540.08 |
| 22.7288 |
| 8.39885e-05 |
Alpha 7540.12 at 0 iter: 

Vector u at 0 iter: 

Vector contents:
| 15080.2 |
| 22.7288 |
| 8.39885e-05 |
Vector v at 0 iter: 

Vector contents:
| 0.999999 |
| 0.00150719 |
| 5.56945e-09 |
Q_tmp at 0 iter: 

[[cMatrix]]
| -0.999995 | -0.00301438 | -1.11389e-08 | 
| -0.00301438 | 0.999995 | -1.67885e-11 | 
| -1.11389e-08 | -1.67885e-11 | 1 | 
Q_heap(0)

[[cMatrix]]
| -0.999995 | -0.00301438 | -1.11389e-08 | 
| -0.00301438 | 0.999995 | -1.67885e-11 | 
| -1.11389e-08 | -1.67885e-11 | 1 | 
===========================QR SECTION==========================
Vector x at 1 iter: 

Vector contents:
| 3018.23 |
| -0.00781156 |
Alpha 3018.23 at 1 iter: 

Vector u at 1 iter: 

Vector contents:
| 6036.46 |
| -0.00781156 |
Vector v at 1 iter: 

Vector contents:
| 1 |
| -1.29406e-06 |
Q_tmp at 1 iter: 

[[cMatrix]]
| -1 | 2.58813e-06 | 
| 2.58813e-06 | 1 | 
Q_heap(1)

[[cMatrix]]
| 1 | 0 | 0 | 
| 0 | -1 | 2.58813e-06 | 
| 0 | 2.58813e-06 | 1 | 
===========================QR SECTION==========================
Vector x at 0 iter: 

Vector contents:
| 7540.18 |
| 9.09809 |
| -2.15036e-06 |
Alpha 7540.19 at 0 iter: 

Vector u at 0 iter: 

Vector contents:
| 15080.4 |
| 9.09809 |
| -2.15036e-06 |
Vector v at 0 iter: 

Vector contents:
| 1 |
| 0.000603307 |
| -1.42593e-10 |
Q_tmp at 0 iter: 

[[cMatrix]]
| -0.999999 | -0.00120661 | 2.85186e-10 | 
| -0.00120661 | 0.999999 | 1.72055e-13 | 
| 2.85186e-10 | 1.72055e-13 | 1 | 
Q_heap(0)

[[cMatrix]]
| -0.999999 | -0.00120661 | 2.85186e-10 | 
| -0.00120661 | 0.999999 | 1.72055e-13 | 
| 2.85186e-10 | 1.72055e-13 | 1 | 
===========================QR SECTION==========================
Vector x at 1 iter: 

Vector contents:
| 3018.2 |
| 0.000499644 |
Alpha 3018.2 at 1 iter: 

Vector u at 1 iter: 

Vector contents:
| 6036.4 |
| 0.000499644 |
Vector v at 1 iter: 

Vector contents:
| 1 |
| 8.27718e-08 |
Q_tmp at 1 iter: 

[[cMatrix]]
| -1 | -1.65544e-07 | 
| -1.65544e-07 | 1 | 
Q_heap(1)

[[cMatrix]]
| 1 | 0 | 0 | 
| 0 | -1 | -1.65544e-07 | 
| 0 | -1.65544e-07 | 1 | 
===========================QR SECTION==========================
Vector x at 0 iter: 

Vector contents:
| 7540.2 |
| 3.6418 |
| 5.50552e-08 |
Alpha 7540.2 at 0 iter: 

Vector u at 0 iter: 

Vector contents:
| 15080.4 |
| 3.6418 |
| 5.50552e-08 |
Vector v at 0 iter: 

Vector contents:
| 1 |
| 0.000241493 |
| 3.65078e-12 |
Q_tmp at 0 iter: 

[[cMatrix]]
| -1 | -0.000482985 | -7.30155e-12 | 
| -0.000482985 | 1 | -1.76327e-15 | 
| -7.30155e-12 | -1.76327e-15 | 1 | 
Q_heap(0)

[[cMatrix]]
| -1 | -0.000482985 | -7.30155e-12 | 
| -0.000482985 | 1 | -1.76327e-15 | 
| -7.30155e-12 | -1.76327e-15 | 1 | 
===========================QR SECTION==========================
Vector x at 1 iter: 

Vector contents:
| 3018.2 |
| -3.19582e-05 |
Alpha 3018.2 at 1 iter: 

Vector u at 1 iter: 

Vector contents:
| 6036.39 |
| -3.19582e-05 |
Vector v at 1 iter: 

Vector contents:
| 1 |
| -5.29426e-09 |
Q_tmp at 1 iter: 

[[cMatrix]]
| -1 | 1.05885e-08 | 
| 1.05885e-08 | 1 | 
Q_heap(1)

[[cMatrix]]
| 1 | 0 | 0 | 
| 0 | -1 | 1.05885e-08 | 
| 0 | 1.05885e-08 | 1 | 
===========================QR SECTION==========================
Vector x at 0 iter: 

Vector contents:
| 7540.2 |
| 1.45774 |
| -1.40956e-09 |
Alpha 7540.2 at 0 iter: 

Vector u at 0 iter: 

Vector contents:
| 15080.4 |
| 1.45774 |
| -1.40956e-09 |
Vector v at 0 iter: 

Vector contents:
| 1 |
| 9.66648e-05 |
| -9.34699e-14 |
Q_tmp at 0 iter: 

[[cMatrix]]
| -1 | -0.00019333 | 1.8694e-13 | 
| -0.00019333 | 1 | 1.80705e-17 | 
| 1.8694e-13 | 1.80705e-17 | 1 | 
Q_heap(0)

[[cMatrix]]
| -1 | -0.00019333 | 1.8694e-13 | 
| -0.00019333 | 1 | 1.80705e-17 | 
| 1.8694e-13 | 1.80705e-17 | 1 | 
===========================QR SECTION==========================
Vector x at 1 iter: 

Vector contents:
| 3018.2 |
| 2.04411e-06 |
Alpha 3018.2 at 1 iter: 

Vector u at 1 iter: 

Vector contents:
| 6036.39 |
| 2.04411e-06 |
Vector v at 1 iter: 

Vector contents:
| 1 |
| 3.38631e-10 |
Q_tmp at 1 iter: 

[[cMatrix]]
| -1 | -6.77262e-10 | 
| -6.77262e-10 | 1 | 
Q_heap(1)

[[cMatrix]]
| 1 | 0 | 0 | 
| 0 | -1 | -6.77262e-10 | 
| 0 | -6.77262e-10 | 1 | 
===========================QR SECTION==========================
Vector x at 0 iter: 

Vector contents:
| 7540.2 |
| 0.583507 |
| 3.60887e-11 |
Alpha 7540.2 at 0 iter: 

Vector u at 0 iter: 

Vector contents:
| 15080.4 |
| 0.583507 |
| 3.60887e-11 |
Vector v at 0 iter: 

Vector contents:
| 1 |
| 3.86931e-05 |
| 2.39308e-15 |
Q_tmp at 0 iter: 

[[cMatrix]]
| -1 | -7.73861e-05 | -4.78617e-15 | 
| -7.73861e-05 | 1 | -1.85192e-19 | 
| -4.78617e-15 | -1.85192e-19 | 1 | 
Q_heap(0)

[[cMatrix]]
| -1 | -7.73861e-05 | -4.78617e-15 | 
| -7.73861e-05 | 1 | -1.85192e-19 | 
| -4.78617e-15 | -1.85192e-19 | 1 | 
===========================QR SECTION==========================
Vector x at 1 iter: 

Vector contents:
| 3018.2 |
| -1.30745e-07 |
Alpha 3018.2 at 1 iter: 

Vector u at 1 iter: 

Vector contents:
| 6036.39 |
| -1.30745e-07 |
Vector v at 1 iter: 

Vector contents:
| 1 |
| -2.16595e-11 |
Q_tmp at 1 iter: 

[[cMatrix]]
| -1 | 4.3319e-11 | 
| 4.3319e-11 | 1 | 
Q_heap(1)

[[cMatrix]]
| 1 | 0 | 0 | 
| 0 | -1 | 4.3319e-11 | 
| 0 | 4.3319e-11 | 1 | 
===========================QR SECTION==========================
Vector x at 0 iter: 

Vector contents:
| 7540.2 |
| 0.233567 |
| -9.23969e-13 |
Alpha 7540.2 at 0 iter: 

Vector u at 0 iter: 

Vector contents:
| 15080.4 |
| 0.233567 |
| -9.23969e-13 |
Vector v at 0 iter: 

Vector contents:
| 1 |
| 1.54881e-05 |
| -6.12695e-17 |
Q_tmp at 0 iter: 

[[cMatrix]]
| -1 | -3.09762e-05 | 1.22539e-16 | 
| -3.09762e-05 | 1 | 1.8979e-21 | 
| 1.22539e-16 | 1.8979e-21 | 1 | 
Q_heap(0)

[[cMatrix]]
| -1 | -3.09762e-05 | 1.22539e-16 | 
| -3.09762e-05 | 1 | 1.8979e-21 | 
| 1.22539e-16 | 1.8979e-21 | 1 | 
===========================QR SECTION==========================
Vector x at 1 iter: 

Vector contents:
| 3018.2 |
| 8.36272e-09 |
Alpha 3018.2 at 1 iter: 

Vector u at 1 iter: 

Vector contents:
| 6036.39 |
| 8.36272e-09 |
Vector v at 1 iter: 

Vector contents:
| 1 |
| 1.38538e-12 |
Q_tmp at 1 iter: 

[[cMatrix]]
| -1 | -2.77077e-12 | 
| -2.77077e-12 | 1 | 
Q_heap(1)

[[cMatrix]]
| 1 | 0 | 0 | 
| 0 | -1 | -2.77077e-12 | 
| 0 | -2.77077e-12 | 1 | 
===========================EIGEN SECTION==========================
Eigenvalue matrix after 10 iterations of the QR algorithm
[[cMatrix]]
| 7540.2 | 0.233567 | -9.24177e-13 | 
| 0.233567 | 3018.2 | 8.36272e-09 | 
| -9.23969e-13 | 8.36272e-09 | 193.05 | 
Eigenvector matrix Q_0:
[[cMatrix]]
| -0.543061 | 0.263757 | 0.797193 | 
| -0.762604 | -0.552288 | -0.33677 | 
| 0.351455 | -0.790829 | 0.501068 | 
Eigenvector matrix after multiplying by Q_1:
[[cMatrix]]
| 0.486855 | -0.201141 | 0.850009 | 
| 0.831883 | 0.403508 | -0.380989 | 
| -0.266353 | 0.892594 | 0.363776 | 
Eigenvector matrix Q_1
[[cMatrix]]
| -0.992399 | 0.115222 | -0.0432122 | 
| -0.120388 | -0.981794 | 0.146927 | 
| -0.0254963 | 0.151012 | 0.988203 | 
Number of iterations: 10
Eigenvector matrix after multiplying by Q_2:
[[cMatrix]]
| -0.476334 | 0.21532 | 0.852492 | 
| -0.850124 | -0.360322 | -0.384002 | 
| 0.224489 | -0.907637 | 0.354682 | 
Eigenvector matrix Q_2
[[cMatrix]]
| -0.998902 | 0.0468354 | 0.00112514 | 
| -0.0468442 | -0.998854 | -0.00983228 | 
| 0.000663355 | -0.00987419 | 0.999951 | 
Number of iterations: 10
Eigenvector matrix after multiplying by Q_3:
[[cMatrix]]
| 0.472187 | -0.223699 | 0.852642 | 
| 0.856755 | 0.344031 | -0.384205 | 
| -0.207389 | 0.911922 | 0.354102 | 
Eigenvector matrix Q_3
[[cMatrix]]
| -0.999823 | 0.018803 | -2.88809e-05 | 
| -0.018803 | -0.999823 | 0.000632033 | 
| -1.69917e-05 | 0.000632464 | 1 | 
Number of iterations: 10
Eigenvector matrix after multiplying by Q_4:
[[cMatrix]]
| -0.470488 | 0.227214 | 0.852652 | 
| -0.859322 | -0.337554 | -0.384218 | 
| 0.200516 | -0.913472 | 0.354065 | 
Eigenvector matrix Q_4
[[cMatrix]]
| -0.999972 | 0.00753009 | 7.39735e-07 | 
| -0.00753009 | -0.999972 | -4.0458e-05 | 
| 4.35062e-07 | -4.04624e-05 | 1 | 
Number of iterations: 10
Eigenvector matrix after multiplying by Q_5:
[[cMatrix]]
| 0.469801 | -0.228629 | 0.852652 | 
| 0.860335 | 0.334961 | -0.384219 | 
| -0.197762 | 0.914073 | 0.354062 | 
Eigenvector matrix Q_5
[[cMatrix]]
| -0.999995 | 0.00301438 | -1.89405e-08 | 
| -0.00301438 | -0.999995 | 2.5881e-06 | 
| -1.11389e-08 | 2.58815e-06 | 1 | 
Number of iterations: 10
Eigenvector matrix after multiplying by Q_6:
[[cMatrix]]
| -0.469525 | 0.229195 | 0.852652 | 
| -0.860739 | -0.333923 | -0.384219 | 
| 0.196659 | -0.914311 | 0.354062 | 
Eigenvector matrix Q_6
[[cMatrix]]
| -0.999999 | 0.00120661 | 4.84934e-10 | 
| -0.00120661 | -0.999999 | -1.65543e-07 | 
| 2.85186e-10 | -1.65544e-07 | 1 | 
Number of iterations: 10
Eigenvector matrix after multiplying by Q_7:
[[cMatrix]]
| 0.469414 | -0.229422 | 0.852652 | 
| 0.8609 | 0.333507 | -0.384219 | 
| -0.196217 | 0.914406 | 0.354062 | 
Eigenvector matrix Q_7
[[cMatrix]]
| -1 | 0.000482985 | -1.24156e-11 | 
| -0.000482985 | -1 | 1.05885e-08 | 
| -7.30155e-12 | 1.05885e-08 | 1 | 
Number of iterations: 10
Eigenvector matrix after multiplying by Q_8:
[[cMatrix]]
| -0.46937 | 0.229513 | 0.852652 | 
| -0.860965 | -0.33334 | -0.384219 | 
| 0.19604 | -0.914444 | 0.354062 | 
Eigenvector matrix Q_8
[[cMatrix]]
| -1 | 0.00019333 | 3.17875e-13 | 
| -0.00019333 | -1 | -6.77262e-10 | 
| 1.8694e-13 | -6.77262e-10 | 1 | 
Number of iterations: 10
Eigenvector matrix after multiplying by Q_9:
[[cMatrix]]
| 0.469352 | -0.229549 | 0.852652 | 
| 0.86099 | 0.333274 | -0.384219 | 
| -0.19597 | 0.914459 | 0.354062 | 
Eigenvector matrix Q_9
[[cMatrix]]
| -1 | 7.73861e-05 | -8.13846e-15 | 
| -7.73861e-05 | -1 | 4.3319e-11 | 
| -4.78617e-15 | 4.3319e-11 | 1 | 
Number of iterations: 10
Eigenvector matrix after multiplying by Q_10:
[[cMatrix]]
| -0.469345 | 0.229564 | 0.852652 | 
| -0.861001 | -0.333247 | -0.384219 | 
| 0.195941 | -0.914465 | 0.354062 | 
Eigenvector matrix Q_10
[[cMatrix]]
| -1 | 3.09762e-05 | 2.08367e-16 | 
| -3.09762e-05 | -1 | -2.77077e-12 | 
| 1.22539e-16 | -2.77077e-12 | 1 | 
Number of iterations: 10
===========================SVD SECTION==========================
A*A' = 
[[cMatrix]]
| 1960.38 | 2752.9 | -1268.71 | 
| 2752.9 | 5953.45 | -378.494 | 
| -1268.71 | -378.494 | 2837.61 | 

Eigenvectors of A*A' (U) = 

[[cMatrix]]
| -0.469345 | 0.229564 | 0.852652 | 
| -0.861001 | -0.333247 | -0.384219 | 
| 0.195941 | -0.914465 | 0.354062 | 

Singular values of A'*A (S) = 

[[cMatrix]]
| 86.8343 | 0 | 0 | 
| 0 | 54.9381 | 0 | 
| 0 | 0 | 13.8942 | 

Eigenvectors of A'*A (V) = 

[[cMatrix]]
| 0.400264 | -0.860901 | 0.314046 | 
| 0.744941 | 0.106099 | -0.658642 | 
| 0.533716 | 0.497586 | 0.683788 | 


Q_U = 
[[cMatrix]]
| -1 | 3.09762e-05 | 2.08367e-16 | 
| -3.09762e-05 | -1 | -2.77077e-12 | 
| 1.22539e-16 | -2.77077e-12 | 1 | 
Q_U iter = 10
Q_V = 
[[cMatrix]]
| 0 | 0 | 0 | 0 | 
| 0 | 0 | 0 | 0 | 
| 0 | 0 | 0 | 0 | 
| 0 | 0 | 0 | 0 | 
Q_V iter = 2685004



Original matrix A = U*S*V' = 
[[cMatrix]]
| -23.4499 | -36.825 | -7.37547 | 
| -15.8406 | -54.1214 | -52.6631 | 
| 51.606 | 4.1043 | -12.5535 | 
===========================KABSCH SECTION==========================

Centroid of A = 
Vector contents:
| 6 |
| 3.83333 |
| 5.16667 |

Centroid of B = 
Vector contents:
| -1.79775 |
| -7.28288 |
| 4.59529 |

A - centroidA =
[[cMatrix]]
| 3 | -3 | 3 | -4 | -2 | 3 | 
| -3.83333 | 2.16667 | 3.16667 | -3.83333 | -0.833333 | 3.16667 | 
| -2.16667 | 3.83333 | -2.16667 | -2.16667 | -1.16667 | 3.83333 | 

B - centroidB =
[[cMatrix]]
| 2.07851 | 0.144218 | -4.12959 | 2.90259 | 0.453288 | -1.44901 | 
| 3.01307 | -3.78704 | 0.0472783 | 4.26188 | 1.74595 | -5.28113 | 
| 3.8717 | -3.74519 | 2.58194 | -2.96653 | -1.67384 | 1.9319 | 

H = 
[[cMatrix]]
| -23.4499 | -36.825 | -7.37547 | 
| -15.8406 | -54.1214 | -52.6631 | 
| 51.606 | 4.1043 | -12.5535 | 

Det of R = 1

Rotation matrix = 
[[cMatrix]]
| -0.117722 | -0.178397 | 0.976884 | 
| -0.886871 | -0.423689 | -0.18426 | 
| 0.446764 | -0.888073 | -0.108345 | 

R * B = 
[[cMatrix]]
| 8.99994 | 2.99994 | 8.99991 | 1.99998 | 3.99996 | 8.9999 | 
| -5.11583e-05 | 6.00003 | 6.99995 | -1.11515e-06 | 2.99999 | 6.99999 | 
| 2.99998 | 9.00006 | 3 | 3 | 4.00002 | 9.00003 | 

Translation matrix = 
Vector contents:
| 6.12865e-05 |
| 1.54206e-05 |
| -1.48017e-05 |

Result of the algorithm: 

R * B + t = A
[[cMatrix]]
| 9 | 3 | 8.99997 | 2.00004 | 4.00002 | 8.99996 | 
| -3.57377e-05 | 6.00004 | 6.99997 | 1.43055e-05 | 3.00001 | 7 | 
| 2.99996 | 9.00004 | 2.99999 | 2.99999 | 4 | 9.00002 | 

Original matrix A = 
[[cMatrix]]
| 9 | 3 | 9 | 2 | 4 | 9 | 
| 0 | 6 | 7 | 0 | 3 | 7 | 
| 3 | 9 | 3 | 3 | 4 | 9 | 

Transformed matrix B = 
[[cMatrix]]
| 0.28076 | -1.65353 | -5.92734 | 1.10484 | -1.34446 | -3.24676 | 
| -4.26981 | -11.0699 | -7.2356 | -3.021 | -5.53693 | -12.564 | 
| 8.46699 | 0.8501 | 7.17723 | 1.62876 | 2.92145 | 6.52719 | 
