
Original matrix A = 
[[cMatrix]]
| 2 | 8 | 5 | 0 | 7 | 0 | 5 | 5 | 
| 6 | 8 | 6 | 3 | 3 | 8 | 3 | 1 | 
| 8 | 8 | 2 | 9 | 9 | 6 | 5 | 9 | 

Transformed matrix B = 
[[cMatrix]]
| -2.45186 | -8.70384 | -5.87924 | 0.16343 | -6.68154 | -1.04562 | -5.05504 | -4.34098 | 
| -4.56334 | -4.62869 | 0.18594 | -6.48504 | -7.63135 | -1.57177 | -3.81013 | -8.22102 | 
| -8.78432 | -9.73747 | -5.51362 | -6.92225 | -6.00995 | -9.82019 | -4.3508 | -4.53549 | 
===========================QR SECTION==========================
Vector x at 0 iter: 

Vector contents:
| 3897.18 |
| 180.458 |
| -678.178 |
Alpha 3959.87 at 0 iter: 

Vector u at 0 iter: 

Vector contents:
| 7857.05 |
| 180.458 |
| -678.178 |
Vector v at 0 iter: 

Vector contents:
| 0.996035 |
| 0.0228766 |
| -0.0859723 |
Q_tmp at 0 iter: 

[[cMatrix]]
| -0.984171 | -0.0455718 | 0.171263 | 
| -0.0455718 | 0.998953 | 0.00393351 | 
| 0.171263 | 0.00393351 | 0.985218 | 
Q_heap(0)

[[cMatrix]]
| -0.984171 | -0.0455718 | 0.171263 | 
| -0.0455718 | 0.998953 | 0.00393351 | 
| 0.171263 | 0.00393351 | 0.985218 | 
===========================QR SECTION==========================
Vector x at 1 iter: 

Vector contents:
| 3543.1 |
| -1010.13 |
Alpha 3684.28 at 1 iter: 

Vector u at 1 iter: 

Vector contents:
| 7227.38 |
| -1010.13 |
Vector v at 1 iter: 

Vector contents:
| 0.990374 |
| -0.138419 |
Q_tmp at 1 iter: 

[[cMatrix]]
| -0.96168 | 0.274173 | 
| 0.274173 | 0.96168 | 
Q_heap(1)

[[cMatrix]]
| 1 | 0 | 0 | 
| 0 | -0.96168 | 0.274173 | 
| 0 | 0.274173 | 0.96168 | 
===========================QR SECTION==========================
Vector x at 0 iter: 

Vector contents:
| 4084.63 |
| 397.012 |
| 158.146 |
Alpha 4106.93 at 0 iter: 

Vector u at 0 iter: 

Vector contents:
| 8191.56 |
| 397.012 |
| 158.146 |
Vector v at 0 iter: 

Vector contents:
| 0.998642 |
| 0.0484002 |
| 0.0192798 |
Q_tmp at 0 iter: 

[[cMatrix]]
| -0.994571 | -0.0966689 | -0.0385071 | 
| -0.0966689 | 0.995315 | -0.00186629 | 
| -0.0385071 | -0.00186629 | 0.999257 | 
Q_heap(0)

[[cMatrix]]
| -0.994571 | -0.0966689 | -0.0385071 | 
| -0.0966689 | 0.995315 | -0.00186629 | 
| -0.0385071 | -0.00186629 | 0.999257 | 
===========================QR SECTION==========================
Vector x at 1 iter: 

Vector contents:
| 3834.65 |
| 223.205 |
Alpha 3841.14 at 1 iter: 

Vector u at 1 iter: 

Vector contents:
| 7675.79 |
| 223.205 |
Vector v at 1 iter: 

Vector contents:
| 0.999577 |
| 0.0290668 |
Q_tmp at 1 iter: 

[[cMatrix]]
| -0.99831 | -0.0581091 | 
| -0.0581091 | 0.99831 | 
Q_heap(1)

[[cMatrix]]
| 1 | 0 | 0 | 
| 0 | -0.99831 | -0.0581091 | 
| 0 | -0.0581091 | 0.99831 | 
===========================QR SECTION==========================
Vector x at 0 iter: 

Vector contents:
| 4168.36 |
| 382.022 |
| -32.8846 |
Alpha 4185.96 at 0 iter: 

Vector u at 0 iter: 

Vector contents:
| 8354.32 |
| 382.022 |
| -32.8846 |
Vector v at 0 iter: 

Vector contents:
| 0.998948 |
| 0.0456794 |
| -0.0039321 |
Q_tmp at 0 iter: 

[[cMatrix]]
| -0.995796 | -0.0912628 | 0.00785593 | 
| -0.0912628 | 0.995827 | 0.000359232 | 
| 0.00785593 | 0.000359232 | 0.999969 | 
Q_heap(0)

[[cMatrix]]
| -0.995796 | -0.0912628 | 0.00785593 | 
| -0.0912628 | 0.995827 | 0.000359232 | 
| 0.00785593 | 0.000359232 | 0.999969 | 
===========================QR SECTION==========================
Vector x at 1 iter: 

Vector contents:
| 3781.01 |
| -43.6172 |
Alpha 3781.27 at 1 iter: 

Vector u at 1 iter: 

Vector contents:
| 7562.28 |
| -43.6172 |
Vector v at 1 iter: 

Vector contents:
| 0.999983 |
| -0.00576764 |
Q_tmp at 1 iter: 

[[cMatrix]]
| -0.999933 | 0.0115351 | 
| 0.0115351 | 0.999933 | 
Q_heap(1)

[[cMatrix]]
| 1 | 0 | 0 | 
| 0 | -0.999933 | 0.0115351 | 
| 0 | 0.0115351 | 0.999933 | 
===========================QR SECTION==========================
Vector x at 0 iter: 

Vector contents:
| 4235.37 |
| 345.516 |
| 6.68642 |
Alpha 4249.45 at 0 iter: 

Vector u at 0 iter: 

Vector contents:
| 8484.82 |
| 345.516 |
| 6.68642 |
Vector v at 0 iter: 

Vector contents:
| 0.999172 |
| 0.0406879 |
| 0.000787393 |
Q_tmp at 0 iter: 

[[cMatrix]]
| -0.996688 | -0.0813084 | -0.00157348 | 
| -0.0813084 | 0.996689 | -6.40747e-05 | 
| -0.00157348 | -6.40747e-05 | 0.999999 | 
Q_heap(0)

[[cMatrix]]
| -0.996688 | -0.0813084 | -0.00157348 | 
| -0.0813084 | 0.996689 | -6.40747e-05 | 
| -0.00157348 | -6.40747e-05 | 0.999999 | 
===========================QR SECTION==========================
Vector x at 1 iter: 

Vector contents:
| 3725.26 |
| 8.72686 |
Alpha 3725.27 at 1 iter: 

Vector u at 1 iter: 

Vector contents:
| 7450.54 |
| 8.72686 |
Vector v at 1 iter: 

Vector contents:
| 0.999999 |
| 0.00117131 |
Q_tmp at 1 iter: 

[[cMatrix]]
| -0.999997 | -0.00234261 | 
| -0.00234261 | 0.999997 | 
Q_heap(1)

[[cMatrix]]
| 1 | 0 | 0 | 
| 0 | -0.999997 | -0.00234261 | 
| 0 | -0.00234261 | 0.999997 | 
===========================QR SECTION==========================
Vector x at 0 iter: 

Vector contents:
| 4288.28 |
| 302.913 |
| -1.33906 |
Alpha 4298.97 at 0 iter: 

Vector u at 0 iter: 

Vector contents:
| 8587.25 |
| 302.913 |
| -1.33906 |
Vector v at 0 iter: 

Vector contents:
| 0.999378 |
| 0.0352528 |
| -0.000155839 |
Q_tmp at 0 iter: 

[[cMatrix]]
| -0.997514 | -0.0704618 | 0.000311484 | 
| -0.0704618 | 0.997514 | 1.09875e-05 | 
| 0.000311484 | 1.09875e-05 | 1 | 
Q_heap(0)

[[cMatrix]]
| -0.997514 | -0.0704618 | 0.000311484 | 
| -0.0704618 | 0.997514 | 1.09875e-05 | 
| 0.000311484 | 1.09875e-05 | 1 | 
===========================QR SECTION==========================
Vector x at 1 iter: 

Vector contents:
| 3682.38 |
| -1.80392 |
Alpha 3682.38 at 1 iter: 

Vector u at 1 iter: 

Vector contents:
| 7364.76 |
| -1.80392 |
Vector v at 1 iter: 

Vector contents:
| 1 |
| -0.000244939 |
Q_tmp at 1 iter: 

[[cMatrix]]
| -1 | 0.000489878 | 
| 0.000489878 | 1 | 
Q_heap(1)

[[cMatrix]]
| 1 | 0 | 0 | 
| 0 | -1 | 0.000489878 | 
| 0 | 0.000489878 | 1 | 
===========================QR SECTION==========================
Vector x at 0 iter: 

Vector contents:
| 4328.01 |
| 259.468 |
| 0.265076 |
Alpha 4335.78 at 0 iter: 

Vector u at 0 iter: 

Vector contents:
| 8663.79 |
| 259.468 |
| 0.265076 |
Vector v at 0 iter: 

Vector contents:
| 0.999552 |
| 0.0299352 |
| 3.05822e-05 |
Q_tmp at 0 iter: 

[[cMatrix]]
| -0.998208 | -0.0598435 | -6.11369e-05 | 
| -0.0598435 | 0.998208 | -1.83096e-06 | 
| -6.11369e-05 | -1.83096e-06 | 1 | 
Q_heap(0)

[[cMatrix]]
| -0.998208 | -0.0598435 | -6.11369e-05 | 
| -0.0598435 | 0.998208 | -1.83096e-06 | 
| -6.11369e-05 | -1.83096e-06 | 1 | 
===========================QR SECTION==========================
Vector x at 1 iter: 

Vector contents:
| 3651.12 |
| 0.384953 |
Alpha 3651.12 at 1 iter: 

Vector u at 1 iter: 

Vector contents:
| 7302.24 |
| 0.384953 |
Vector v at 1 iter: 

Vector contents:
| 1 |
| 5.27171e-05 |
Q_tmp at 1 iter: 

[[cMatrix]]
| -1 | -0.000105434 | 
| -0.000105434 | 1 | 
Q_heap(1)

[[cMatrix]]
| 1 | 0 | 0 | 
| 0 | -1 | -0.000105434 | 
| 0 | -0.000105434 | 1 | 
===========================QR SECTION==========================
Vector x at 0 iter: 

Vector contents:
| 4356.66 |
| 218.496 |
| -0.0520282 |
Alpha 4362.14 at 0 iter: 

Vector u at 0 iter: 

Vector contents:
| 8718.8 |
| 218.496 |
| -0.0520282 |
Vector v at 0 iter: 

Vector contents:
| 0.999686 |
| 0.0250524 |
| -5.96549e-06 |
Q_tmp at 0 iter: 

[[cMatrix]]
| -0.998745 | -0.0500892 | 1.19272e-05 | 
| -0.0500892 | 0.998745 | 2.989e-07 | 
| 1.19272e-05 | 2.989e-07 | 1 | 
Q_heap(0)

[[cMatrix]]
| -0.998745 | -0.0500892 | 1.19272e-05 | 
| -0.0500892 | 0.998745 | 2.989e-07 | 
| 1.19272e-05 | 2.989e-07 | 1 | 
===========================QR SECTION==========================
Vector x at 1 iter: 

Vector contents:
| 3629.06 |
| -0.084472 |
Alpha 3629.06 at 1 iter: 

Vector u at 1 iter: 

Vector contents:
| 7258.11 |
| -0.084472 |
Vector v at 1 iter: 

Vector contents:
| 1 |
| -1.16383e-05 |
Q_tmp at 1 iter: 

[[cMatrix]]
| -1 | 2.32766e-05 | 
| 2.32766e-05 | 1 | 
Q_heap(1)

[[cMatrix]]
| 1 | 0 | 0 | 
| 0 | -1 | 2.32766e-05 | 
| 0 | 2.32766e-05 | 1 | 
===========================QR SECTION==========================
Vector x at 0 iter: 

Vector contents:
| 4376.74 |
| 181.776 |
| 0.0101502 |
Alpha 4380.51 at 0 iter: 

Vector u at 0 iter: 

Vector contents:
| 8757.25 |
| 181.776 |
| 0.0101502 |
Vector v at 0 iter: 

Vector contents:
| 0.999785 |
| 0.0207528 |
| 1.15881e-06 |
Q_tmp at 0 iter: 

[[cMatrix]]
| -0.999139 | -0.0414966 | -2.31713e-06 | 
| -0.0414966 | 0.999139 | -4.80972e-08 | 
| -2.31713e-06 | -4.80972e-08 | 1 | 
Q_heap(0)

[[cMatrix]]
| -0.999139 | -0.0414966 | -2.31713e-06 | 
| -0.0414966 | 0.999139 | -4.80972e-08 | 
| -2.31713e-06 | -4.80972e-08 | 1 | 
===========================QR SECTION==========================
Vector x at 1 iter: 

Vector contents:
| 3613.84 |
| 0.0189587 |
Alpha 3613.84 at 1 iter: 

Vector u at 1 iter: 

Vector contents:
| 7227.67 |
| 0.0189587 |
Vector v at 1 iter: 

Vector contents:
| 1 |
| 2.62308e-06 |
Q_tmp at 1 iter: 

[[cMatrix]]
| -1 | -5.24615e-06 | 
| -5.24615e-06 | 1 | 
Q_heap(1)

[[cMatrix]]
| 1 | 0 | 0 | 
| 0 | -1 | -5.24615e-06 | 
| 0 | -5.24615e-06 | 1 | 
===========================QR SECTION==========================
Vector x at 0 iter: 

Vector contents:
| 4390.51 |
| 149.962 |
| -0.0019719 |
Alpha 4393.07 at 0 iter: 

Vector u at 0 iter: 

Vector contents:
| 8783.59 |
| 149.962 |
| -0.0019719 |
Vector v at 0 iter: 

Vector contents:
| 0.999854 |
| 0.0170705 |
| -2.24466e-07 |
Q_tmp at 0 iter: 

[[cMatrix]]
| -0.999417 | -0.034136 | 4.48866e-07 | 
| -0.034136 | 0.999417 | 7.66348e-09 | 
| 4.48866e-07 | 7.66348e-09 | 1 | 
Q_heap(0)

[[cMatrix]]
| -0.999417 | -0.034136 | 4.48866e-07 | 
| -0.034136 | 0.999417 | 7.66348e-09 | 
| 4.48866e-07 | 7.66348e-09 | 1 | 
===========================QR SECTION==========================
Vector x at 1 iter: 

Vector contents:
| 3603.5 |
| -0.00432862 |
Alpha 3603.5 at 1 iter: 

Vector u at 1 iter: 

Vector contents:
| 7207 |
| -0.00432862 |
Vector v at 1 iter: 

Vector contents:
| 1 |
| -6.00613e-07 |
Q_tmp at 1 iter: 

[[cMatrix]]
| -1 | 1.20123e-06 | 
| 1.20123e-06 | 1 | 
Q_heap(1)

[[cMatrix]]
| 1 | 0 | 0 | 
| 0 | -1 | 1.20123e-06 | 
| 0 | 1.20123e-06 | 1 | 
===========================QR SECTION==========================
Vector x at 0 iter: 

Vector contents:
| 4399.84 |
| 123.009 |
| 0.00038199 |
Alpha 4401.56 at 0 iter: 

Vector u at 0 iter: 

Vector contents:
| 8801.39 |
| 123.009 |
| 0.00038199 |
Vector v at 0 iter: 

Vector contents:
| 0.999902 |
| 0.0139747 |
| 4.33968e-08 |
Q_tmp at 0 iter: 

[[cMatrix]]
| -0.999609 | -0.0279467 | -8.67852e-08 | 
| -0.0279467 | 0.999609 | -1.21292e-09 | 
| -8.67852e-08 | -1.21292e-09 | 1 | 
Q_heap(0)

[[cMatrix]]
| -0.999609 | -0.0279467 | -8.67852e-08 | 
| -0.0279467 | 0.999609 | -1.21292e-09 | 
| -8.67852e-08 | -1.21292e-09 | 1 | 
===========================QR SECTION==========================
Vector x at 1 iter: 

Vector contents:
| 3596.56 |
| 0.00100069 |
Alpha 3596.56 at 1 iter: 

Vector u at 1 iter: 

Vector contents:
| 7193.11 |
| 0.00100069 |
Vector v at 1 iter: 

Vector contents:
| 1 |
| 1.39118e-07 |
Q_tmp at 1 iter: 

[[cMatrix]]
| -1 | -2.78236e-07 | 
| -2.78236e-07 | 1 | 
Q_heap(1)

[[cMatrix]]
| 1 | 0 | 0 | 
| 0 | -1 | -2.78236e-07 | 
| 0 | -2.78236e-07 | 1 | 
===========================QR SECTION==========================
Vector x at 0 iter: 

Vector contents:
| 4406.09 |
| 100.512 |
| -7.38552e-05 |
Alpha 4407.23 at 0 iter: 

Vector u at 0 iter: 

Vector contents:
| 8813.32 |
| 100.512 |
| -7.38552e-05 |
Vector v at 0 iter: 

Vector contents:
| 0.999935 |
| 0.0114038 |
| -8.3794e-09 |
Q_tmp at 0 iter: 

[[cMatrix]]
| -0.99974 | -0.0228061 | 1.67577e-08 | 
| -0.0228061 | 0.99974 | 1.91114e-10 | 
| 1.67577e-08 | 1.91114e-10 | 1 | 
Q_heap(0)

[[cMatrix]]
| -0.99974 | -0.0228061 | 1.67577e-08 | 
| -0.0228061 | 0.99974 | 1.91114e-10 | 
| 1.67577e-08 | 1.91114e-10 | 1 | 
===========================QR SECTION==========================
Vector x at 1 iter: 

Vector contents:
| 3591.92 |
| -0.000233378 |
Alpha 3591.92 at 1 iter: 

Vector u at 1 iter: 

Vector contents:
| 7183.85 |
| -0.000233378 |
Vector v at 1 iter: 

Vector contents:
| 1 |
| -3.24865e-08 |
Q_tmp at 1 iter: 

[[cMatrix]]
| -1 | 6.49731e-08 | 
| 6.49731e-08 | 1 | 
Q_heap(1)

[[cMatrix]]
| 1 | 0 | 0 | 
| 0 | -1 | 6.49731e-08 | 
| 0 | 6.49731e-08 | 1 | 
===========================QR SECTION==========================
Vector x at 0 iter: 

Vector contents:
| 4410.25 |
| 81.9179 |
| 1.4261e-05 |
Alpha 4411.01 at 0 iter: 

Vector u at 0 iter: 

Vector contents:
| 8821.26 |
| 81.9179 |
| 1.4261e-05 |
Vector v at 0 iter: 

Vector contents:
| 0.999957 |
| 0.00928602 |
| 1.61659e-09 |
Q_tmp at 0 iter: 

[[cMatrix]]
| -0.999828 | -0.0185712 | -3.23305e-09 | 
| -0.0185712 | 0.999828 | -3.00234e-11 | 
| -3.23305e-09 | -3.00234e-11 | 1 | 
Q_heap(0)

[[cMatrix]]
| -0.999828 | -0.0185712 | -3.23305e-09 | 
| -0.0185712 | 0.999828 | -3.00234e-11 | 
| -3.23305e-09 | -3.00234e-11 | 1 | 
===========================QR SECTION==========================
Vector x at 1 iter: 

Vector contents:
| 3588.85 |
| 5.47575e-05 |
Alpha 3588.85 at 1 iter: 

Vector u at 1 iter: 

Vector contents:
| 7177.7 |
| 5.47575e-05 |
Vector v at 1 iter: 

Vector contents:
| 1 |
| 7.62884e-09 |
Q_tmp at 1 iter: 

[[cMatrix]]
| -1 | -1.52577e-08 | 
| -1.52577e-08 | 1 | 
Q_heap(1)

[[cMatrix]]
| 1 | 0 | 0 | 
| 0 | -1 | -1.52577e-08 | 
| 0 | -1.52577e-08 | 1 | 
===========================QR SECTION==========================
Vector x at 0 iter: 

Vector contents:
| 4413.01 |
| 66.6494 |
| -2.75136e-06 |
Alpha 4413.51 at 0 iter: 

Vector u at 0 iter: 

Vector contents:
| 8826.52 |
| 66.6494 |
| -2.75136e-06 |
Vector v at 0 iter: 

Vector contents:
| 0.999971 |
| 0.00755082 |
| -3.11706e-10 |
Q_tmp at 0 iter: 

[[cMatrix]]
| -0.999886 | -0.0151012 | 6.23395e-10 | 
| -0.0151012 | 0.999886 | 4.70728e-12 | 
| 6.23395e-10 | 4.70728e-12 | 1 | 
Q_heap(0)

[[cMatrix]]
| -0.999886 | -0.0151012 | 6.23395e-10 | 
| -0.0151012 | 0.999886 | 4.70728e-12 | 
| 6.23395e-10 | 4.70728e-12 | 1 | 
===========================QR SECTION==========================
Vector x at 1 iter: 

Vector contents:
| 3586.81 |
| -1.29005e-05 |
Alpha 3586.81 at 1 iter: 

Vector u at 1 iter: 

Vector contents:
| 7173.63 |
| -1.29005e-05 |
Vector v at 1 iter: 

Vector contents:
| 1 |
| -1.79832e-09 |
Q_tmp at 1 iter: 

[[cMatrix]]
| -1 | 3.59664e-09 | 
| 3.59664e-09 | 1 | 
Q_heap(1)

[[cMatrix]]
| 1 | 0 | 0 | 
| 0 | -1 | 3.59664e-09 | 
| 0 | 3.59664e-09 | 1 | 
===========================QR SECTION==========================
Vector x at 0 iter: 

Vector contents:
| 4414.83 |
| 54.1652 |
| 5.30516e-07 |
Alpha 4415.17 at 0 iter: 

Vector u at 0 iter: 

Vector contents:
| 8830 |
| 54.1652 |
| 5.30516e-07 |
Vector v at 0 iter: 

Vector contents:
| 0.999981 |
| 0.00613411 |
| 6.008e-11 |
Q_tmp at 0 iter: 

[[cMatrix]]
| -0.999925 | -0.012268 | -1.20158e-10 | 
| -0.012268 | 0.999925 | -7.37075e-13 | 
| -1.20158e-10 | -7.37075e-13 | 1 | 
Q_heap(0)

[[cMatrix]]
| -0.999925 | -0.012268 | -1.20158e-10 | 
| -0.012268 | 0.999925 | -7.37075e-13 | 
| -1.20158e-10 | -7.37075e-13 | 1 | 
===========================QR SECTION==========================
Vector x at 1 iter: 

Vector contents:
| 3585.47 |
| 3.04762e-06 |
Alpha 3585.47 at 1 iter: 

Vector u at 1 iter: 

Vector contents:
| 7170.94 |
| 3.04762e-06 |
Vector v at 1 iter: 

Vector contents:
| 1 |
| 4.24996e-10 |
Q_tmp at 1 iter: 

[[cMatrix]]
| -1 | -8.49992e-10 | 
| -8.49992e-10 | 1 | 
Q_heap(1)

[[cMatrix]]
| 1 | 0 | 0 | 
| 0 | -1 | -8.49992e-10 | 
| 0 | -8.49992e-10 | 1 | 
===========================QR SECTION==========================
Vector x at 0 iter: 

Vector contents:
| 4416.04 |
| 43.9865 |
| -1.02256e-07 |
Alpha 4416.26 at 0 iter: 

Vector u at 0 iter: 

Vector contents:
| 8832.29 |
| 43.9865 |
| -1.02256e-07 |
Vector v at 0 iter: 

Vector contents:
| 0.999988 |
| 0.00498013 |
| -1.15773e-11 |
Q_tmp at 0 iter: 

[[cMatrix]]
| -0.99995 | -0.00996014 | 2.31543e-11 | 
| -0.00996014 | 0.99995 | 1.15313e-13 | 
| 2.31543e-11 | 1.15313e-13 | 1 | 
Q_heap(0)

[[cMatrix]]
| -0.99995 | -0.00996014 | 2.31543e-11 | 
| -0.00996014 | 0.99995 | 1.15313e-13 | 
| 2.31543e-11 | 1.15313e-13 | 1 | 
===========================QR SECTION==========================
Vector x at 1 iter: 

Vector contents:
| 3584.58 |
| -7.21293e-07 |
Alpha 3584.58 at 1 iter: 

Vector u at 1 iter: 

Vector contents:
| 7169.17 |
| -7.21293e-07 |
Vector v at 1 iter: 

Vector contents:
| 1 |
| -1.0061e-10 |
Q_tmp at 1 iter: 

[[cMatrix]]
| -1 | 2.01221e-10 | 
| 2.01221e-10 | 1 | 
Q_heap(1)

[[cMatrix]]
| 1 | 0 | 0 | 
| 0 | -1 | 2.01221e-10 | 
| 0 | 2.01221e-10 | 1 | 
===========================QR SECTION==========================
Vector x at 0 iter: 

Vector contents:
| 4416.83 |
| 35.703 |
| 1.97046e-08 |
Alpha 4416.98 at 0 iter: 

Vector u at 0 iter: 

Vector contents:
| 8833.81 |
| 35.703 |
| 1.97046e-08 |
Vector v at 0 iter: 

Vector contents:
| 0.999992 |
| 0.0040416 |
| 2.23057e-12 |
Q_tmp at 0 iter: 

[[cMatrix]]
| -0.999967 | -0.00808313 | -4.46111e-12 | 
| -0.00808313 | 0.999967 | -1.80301e-14 | 
| -4.46111e-12 | -1.80301e-14 | 1 | 
Q_heap(0)

[[cMatrix]]
| -0.999967 | -0.00808313 | -4.46111e-12 | 
| -0.00808313 | 0.999967 | -1.80301e-14 | 
| -4.46111e-12 | -1.80301e-14 | 1 | 
===========================QR SECTION==========================
Vector x at 1 iter: 

Vector contents:
| 3584 |
| 1.70919e-07 |
Alpha 3584 at 1 iter: 

Vector u at 1 iter: 

Vector contents:
| 7168 |
| 1.70919e-07 |
Vector v at 1 iter: 

Vector contents:
| 1 |
| 2.38447e-11 |
Q_tmp at 1 iter: 

[[cMatrix]]
| -1 | -4.76895e-11 | 
| -4.76895e-11 | 1 | 
Q_heap(1)

[[cMatrix]]
| 1 | 0 | 0 | 
| 0 | -1 | -4.76895e-11 | 
| 0 | -4.76895e-11 | 1 | 
===========================QR SECTION==========================
Vector x at 0 iter: 

Vector contents:
| 4417.35 |
| 28.9699 |
| -3.79645e-09 |
Alpha 4417.45 at 0 iter: 

Vector u at 0 iter: 

Vector contents:
| 8834.8 |
| 28.9699 |
| -3.79645e-09 |
Vector v at 0 iter: 

Vector contents:
| 0.999995 |
| 0.00327905 |
| -4.29713e-13 |
Q_tmp at 0 iter: 

[[cMatrix]]
| -0.999978 | -0.00655807 | 8.59422e-13 | 
| -0.00655807 | 0.999978 | 2.81811e-15 | 
| 8.59422e-13 | 2.81811e-15 | 1 | 
Q_heap(0)

[[cMatrix]]
| -0.999978 | -0.00655807 | 8.59422e-13 | 
| -0.00655807 | 0.999978 | 2.81811e-15 | 
| 8.59422e-13 | 2.81811e-15 | 1 | 
===========================QR SECTION==========================
Vector x at 1 iter: 

Vector contents:
| 3583.62 |
| -4.05339e-08 |
Alpha 3583.62 at 1 iter: 

Vector u at 1 iter: 

Vector contents:
| 7167.23 |
| -4.05339e-08 |
Vector v at 1 iter: 

Vector contents:
| 1 |
| -5.65545e-12 |
Q_tmp at 1 iter: 

[[cMatrix]]
| -1 | 1.13109e-11 | 
| 1.13109e-11 | 1 | 
Q_heap(1)

[[cMatrix]]
| 1 | 0 | 0 | 
| 0 | -1 | 1.13109e-11 | 
| 0 | 1.13109e-11 | 1 | 
===========================QR SECTION==========================
Vector x at 0 iter: 

Vector contents:
| 4417.7 |
| 23.5016 |
| 7.31378e-10 |
Alpha 4417.76 at 0 iter: 

Vector u at 0 iter: 

Vector contents:
| 8835.46 |
| 23.5016 |
| 7.31378e-10 |
Vector v at 0 iter: 

Vector contents:
| 0.999996 |
| 0.00265991 |
| 8.27773e-14 |
Q_tmp at 0 iter: 

[[cMatrix]]
| -0.999986 | -0.0053198 | -1.65554e-13 | 
| -0.0053198 | 0.999986 | -4.4036e-16 | 
| -1.65554e-13 | -4.4036e-16 | 1 | 
Q_heap(0)

[[cMatrix]]
| -0.999986 | -0.0053198 | -1.65554e-13 | 
| -0.0053198 | 0.999986 | -4.4036e-16 | 
| -1.65554e-13 | -4.4036e-16 | 1 | 
===========================QR SECTION==========================
Vector x at 1 iter: 

Vector contents:
| 3583.36 |
| 9.61784e-09 |
Alpha 3583.36 at 1 iter: 

Vector u at 1 iter: 

Vector contents:
| 7166.73 |
| 9.61784e-09 |
Vector v at 1 iter: 

Vector contents:
| 1 |
| 1.34201e-12 |
Q_tmp at 1 iter: 

[[cMatrix]]
| -1 | -2.68402e-12 | 
| -2.68402e-12 | 1 | 
Q_heap(1)

[[cMatrix]]
| 1 | 0 | 0 | 
| 0 | -1 | -2.68402e-12 | 
| 0 | -2.68402e-12 | 1 | 
===========================QR SECTION==========================
Vector x at 0 iter: 

Vector contents:
| 4417.92 |
| 19.0628 |
| -1.40888e-10 |
Alpha 4417.97 at 0 iter: 

Vector u at 0 iter: 

Vector contents:
| 8835.89 |
| 19.0628 |
| -1.40888e-10 |
Vector v at 0 iter: 

Vector contents:
| 0.999998 |
| 0.00215742 |
| -1.5945e-14 |
Q_tmp at 0 iter: 

[[cMatrix]]
| -0.999991 | -0.00431484 | 3.18899e-14 | 
| -0.00431484 | 0.999991 | 6.88001e-17 | 
| 3.18899e-14 | 6.88001e-17 | 1 | 
Q_heap(0)

[[cMatrix]]
| -0.999991 | -0.00431484 | 3.18899e-14 | 
| -0.00431484 | 0.999991 | 6.88001e-17 | 
| 3.18899e-14 | 6.88001e-17 | 1 | 
===========================QR SECTION==========================
Vector x at 1 iter: 

Vector contents:
| 3583.2 |
| -2.28291e-09 |
Alpha 3583.2 at 1 iter: 

Vector u at 1 iter: 

Vector contents:
| 7166.4 |
| -2.28291e-09 |
Vector v at 1 iter: 

Vector contents:
| 1 |
| -3.18557e-13 |
Q_tmp at 1 iter: 

[[cMatrix]]
| -1 | 6.37114e-13 | 
| 6.37114e-13 | 1 | 
Q_heap(1)

[[cMatrix]]
| 1 | 0 | 0 | 
| 0 | -1 | 6.37114e-13 | 
| 0 | 6.37114e-13 | 1 | 
===========================QR SECTION==========================
Vector x at 0 iter: 

Vector contents:
| 4418.07 |
| 15.4609 |
| 2.71386e-11 |
Alpha 4418.1 at 0 iter: 

Vector u at 0 iter: 

Vector contents:
| 8836.17 |
| 15.4609 |
| 2.71386e-11 |
Vector v at 0 iter: 

Vector contents:
| 0.999998 |
| 0.00174973 |
| 3.0713e-15 |
Q_tmp at 0 iter: 

[[cMatrix]]
| -0.999994 | -0.00349945 | -6.1426e-15 | 
| -0.00349945 | 0.999994 | -1.07479e-17 | 
| -6.1426e-15 | -1.07479e-17 | 1 | 
Q_heap(0)

[[cMatrix]]
| -0.999994 | -0.00349945 | -6.1426e-15 | 
| -0.00349945 | 0.999994 | -1.07479e-17 | 
| -6.1426e-15 | -1.07479e-17 | 1 | 
===========================QR SECTION==========================
Vector x at 1 iter: 

Vector contents:
| 3583.09 |
| 5.41999e-10 |
Alpha 3583.09 at 1 iter: 

Vector u at 1 iter: 

Vector contents:
| 7166.18 |
| 5.41999e-10 |
Vector v at 1 iter: 

Vector contents:
| 1 |
| 7.56329e-14 |
Q_tmp at 1 iter: 

[[cMatrix]]
| -1 | -1.51266e-13 | 
| -1.51266e-13 | 1 | 
Q_heap(1)

[[cMatrix]]
| 1 | 0 | 0 | 
| 0 | -1 | -1.51266e-13 | 
| 0 | -1.51266e-13 | 1 | 
===========================QR SECTION==========================
Vector x at 0 iter: 

Vector contents:
| 4418.17 |
| 12.5388 |
| -5.22742e-12 |
Alpha 4418.19 at 0 iter: 

Vector u at 0 iter: 

Vector contents:
| 8836.36 |
| 12.5388 |
| -5.22742e-12 |
Vector v at 0 iter: 

Vector contents:
| 0.999999 |
| 0.001419 |
| -5.9158e-16 |
Q_tmp at 0 iter: 

[[cMatrix]]
| -0.999996 | -0.002838 | 1.18316e-15 | 
| -0.002838 | 0.999996 | 1.67891e-18 | 
| 1.18316e-15 | 1.67891e-18 | 1 | 
Q_heap(0)

[[cMatrix]]
| -0.999996 | -0.002838 | 1.18316e-15 | 
| -0.002838 | 0.999996 | 1.67891e-18 | 
| 1.18316e-15 | 1.67891e-18 | 1 | 
===========================QR SECTION==========================
Vector x at 1 iter: 

Vector contents:
| 3583.02 |
| -1.28699e-10 |
Alpha 3583.02 at 1 iter: 

Vector u at 1 iter: 

Vector contents:
| 7166.03 |
| -1.28699e-10 |
Vector v at 1 iter: 

Vector contents:
| 1 |
| -1.79596e-14 |
Q_tmp at 1 iter: 

[[cMatrix]]
| -1 | 3.59192e-14 | 
| 3.59192e-14 | 1 | 
Q_heap(1)

[[cMatrix]]
| 1 | 0 | 0 | 
| 0 | -1 | 3.59192e-14 | 
| 0 | 3.59192e-14 | 1 | 
===========================QR SECTION==========================
Vector x at 0 iter: 

Vector contents:
| 4418.24 |
| 10.1686 |
| 1.00688e-12 |
Alpha 4418.25 at 0 iter: 

Vector u at 0 iter: 

Vector contents:
| 8836.48 |
| 10.1686 |
| 1.00688e-12 |
Vector v at 0 iter: 

Vector contents:
| 0.999999 |
| 0.00115075 |
| 1.13946e-16 |
Q_tmp at 0 iter: 

[[cMatrix]]
| -0.999997 | -0.0023015 | -2.27892e-16 | 
| -0.0023015 | 0.999997 | -2.62247e-19 | 
| -2.27892e-16 | -2.62247e-19 | 1 | 
Q_heap(0)

[[cMatrix]]
| -0.999997 | -0.0023015 | -2.27892e-16 | 
| -0.0023015 | 0.999997 | -2.62247e-19 | 
| -2.27892e-16 | -2.62247e-19 | 1 | 
===========================QR SECTION==========================
Vector x at 1 iter: 

Vector contents:
| 3582.97 |
| 3.05629e-11 |
Alpha 3582.97 at 1 iter: 

Vector u at 1 iter: 

Vector contents:
| 7165.94 |
| 3.05629e-11 |
Vector v at 1 iter: 

Vector contents:
| 1 |
| 4.26503e-15 |
Q_tmp at 1 iter: 

[[cMatrix]]
| -1 | -8.53005e-15 | 
| -8.53005e-15 | 1 | 
Q_heap(1)

[[cMatrix]]
| 1 | 0 | 0 | 
| 0 | -1 | -8.53005e-15 | 
| 0 | -8.53005e-15 | 1 | 
===========================QR SECTION==========================
Vector x at 0 iter: 

Vector contents:
| 4418.28 |
| 8.24622 |
| -1.93938e-13 |
Alpha 4418.29 at 0 iter: 

Vector u at 0 iter: 

Vector contents:
| 8836.56 |
| 8.24622 |
| -1.93938e-13 |
Vector v at 0 iter: 

Vector contents:
| 1 |
| 0.000933192 |
| -2.19473e-17 |
Q_tmp at 0 iter: 

[[cMatrix]]
| -0.999998 | -0.00186638 | 4.38945e-17 | 
| -0.00186638 | 0.999998 | 4.0962e-20 | 
| 4.38945e-17 | 4.0962e-20 | 1 | 
Q_heap(0)

[[cMatrix]]
| -0.999998 | -0.00186638 | 4.38945e-17 | 
| -0.00186638 | 0.999998 | 4.0962e-20 | 
| 4.38945e-17 | 4.0962e-20 | 1 | 
===========================QR SECTION==========================
Vector x at 1 iter: 

Vector contents:
| 3582.94 |
| -7.25844e-12 |
Alpha 3582.94 at 1 iter: 

Vector u at 1 iter: 

Vector contents:
| 7165.88 |
| -7.25844e-12 |
Vector v at 1 iter: 

Vector contents:
| 1 |
| -1.01292e-15 |
Q_tmp at 1 iter: 

[[cMatrix]]
| -1 | 2.02583e-15 | 
| 2.02583e-15 | 1 | 
Q_heap(1)

[[cMatrix]]
| 1 | 0 | 0 | 
| 0 | -1 | 2.02583e-15 | 
| 0 | 2.02583e-15 | 1 | 
===========================QR SECTION==========================
Vector x at 0 iter: 

Vector contents:
| 4418.31 |
| 6.68714 |
| 3.73547e-14 |
Alpha 4418.31 at 0 iter: 

Vector u at 0 iter: 

Vector contents:
| 8836.62 |
| 6.68714 |
| 3.73547e-14 |
Vector v at 0 iter: 

Vector contents:
| 1 |
| 0.000756753 |
| 4.22726e-18 |
Q_tmp at 0 iter: 

[[cMatrix]]
| -0.999999 | -0.00151351 | -8.45452e-18 | 
| -0.00151351 | 0.999999 | -6.39798e-21 | 
| -8.45452e-18 | -6.39798e-21 | 1 | 
Q_heap(0)

[[cMatrix]]
| -0.999999 | -0.00151351 | -8.45452e-18 | 
| -0.00151351 | 0.999999 | -6.39798e-21 | 
| -8.45452e-18 | -6.39798e-21 | 1 | 
===========================QR SECTION==========================
Vector x at 1 iter: 

Vector contents:
| 3582.92 |
| 1.72389e-12 |
Alpha 3582.92 at 1 iter: 

Vector u at 1 iter: 

Vector contents:
| 7165.84 |
| 1.72389e-12 |
Vector v at 1 iter: 

Vector contents:
| 1 |
| 2.40571e-16 |
Q_tmp at 1 iter: 

[[cMatrix]]
| -1 | -4.81142e-16 | 
| -4.81142e-16 | 1 | 
Q_heap(1)

[[cMatrix]]
| 1 | 0 | 0 | 
| 0 | -1 | -4.81142e-16 | 
| 0 | -4.81142e-16 | 1 | 
===========================QR SECTION==========================
Vector x at 0 iter: 

Vector contents:
| 4418.32 |
| 5.42277 |
| -7.19489e-15 |
Alpha 4418.33 at 0 iter: 

Vector u at 0 iter: 

Vector contents:
| 8836.65 |
| 5.42277 |
| -7.19489e-15 |
Vector v at 0 iter: 

Vector contents:
| 1 |
| 0.000613667 |
| -8.1421e-19 |
Q_tmp at 0 iter: 

[[cMatrix]]
| -0.999999 | -0.00122733 | 1.62842e-18 | 
| -0.00122733 | 0.999999 | 9.99308e-22 | 
| 1.62842e-18 | 9.99308e-22 | 1 | 
Q_heap(0)

[[cMatrix]]
| -0.999999 | -0.00122733 | 1.62842e-18 | 
| -0.00122733 | 0.999999 | 9.99308e-22 | 
| 1.62842e-18 | 9.99308e-22 | 1 | 
===========================QR SECTION==========================
Vector x at 1 iter: 

Vector contents:
| 3582.9 |
| -4.09439e-13 |
Alpha 3582.9 at 1 iter: 

Vector u at 1 iter: 

Vector contents:
| 7165.81 |
| -4.09439e-13 |
Vector v at 1 iter: 

Vector contents:
| 1 |
| -5.71379e-17 |
Q_tmp at 1 iter: 

[[cMatrix]]
| -1 | 1.14276e-16 | 
| 1.14276e-16 | 1 | 
Q_heap(1)

[[cMatrix]]
| 1 | 0 | 0 | 
| 0 | -1 | 1.14276e-16 | 
| 0 | 1.14276e-16 | 1 | 
===========================QR SECTION==========================
Vector x at 0 iter: 

Vector contents:
| 4418.34 |
| 4.39742 |
| 1.3858e-15 |
Alpha 4418.34 at 0 iter: 

Vector u at 0 iter: 

Vector contents:
| 8836.67 |
| 4.39742 |
| 1.3858e-15 |
Vector v at 0 iter: 

Vector contents:
| 1 |
| 0.000497633 |
| 1.56824e-19 |
Q_tmp at 0 iter: 

[[cMatrix]]
| -1 | -0.000995266 | -3.13648e-19 | 
| -0.000995266 | 1 | -1.56082e-22 | 
| -3.13648e-19 | -1.56082e-22 | 1 | 
Q_heap(0)

[[cMatrix]]
| -1 | -0.000995266 | -3.13648e-19 | 
| -0.000995266 | 1 | -1.56082e-22 | 
| -3.13648e-19 | -1.56082e-22 | 1 | 
===========================QR SECTION==========================
Vector x at 1 iter: 

Vector contents:
| 3582.9 |
| 9.72472e-14 |
Alpha 3582.9 at 1 iter: 

Vector u at 1 iter: 

Vector contents:
| 7165.79 |
| 9.72472e-14 |
Vector v at 1 iter: 

Vector contents:
| 1 |
| 1.3571e-17 |
Q_tmp at 1 iter: 

[[cMatrix]]
| -1 | -2.71421e-17 | 
| -2.71421e-17 | 1 | 
Q_heap(1)

[[cMatrix]]
| 1 | 0 | 0 | 
| 0 | -1 | -2.71421e-17 | 
| 0 | -2.71421e-17 | 1 | 
===========================QR SECTION==========================
Vector x at 0 iter: 

Vector contents:
| 4418.34 |
| 3.56593 |
| -2.66918e-16 |
Alpha 4418.35 at 0 iter: 

Vector u at 0 iter: 

Vector contents:
| 8836.69 |
| 3.56593 |
| -2.66918e-16 |
Vector v at 0 iter: 

Vector contents:
| 1 |
| 0.000403537 |
| -3.02056e-20 |
Q_tmp at 0 iter: 

[[cMatrix]]
| -1 | -0.000807075 | 6.04113e-20 | 
| -0.000807075 | 1 | 2.43782e-23 | 
| 6.04113e-20 | 2.43782e-23 | 1 | 
Q_heap(0)

[[cMatrix]]
| -1 | -0.000807075 | 6.04113e-20 | 
| -0.000807075 | 1 | 2.43782e-23 | 
| 6.04113e-20 | 2.43782e-23 | 1 | 
===========================QR SECTION==========================
Vector x at 1 iter: 

Vector contents:
| 3582.89 |
| -2.30978e-14 |
Alpha 3582.89 at 1 iter: 

Vector u at 1 iter: 

Vector contents:
| 7165.78 |
| -2.30978e-14 |
Vector v at 1 iter: 

Vector contents:
| 1 |
| -3.22334e-18 |
Q_tmp at 1 iter: 

[[cMatrix]]
| -1 | 6.44669e-18 | 
| 6.44669e-18 | 1 | 
Q_heap(1)

[[cMatrix]]
| 1 | 0 | 0 | 
| 0 | -1 | 6.44669e-18 | 
| 0 | 6.44669e-18 | 1 | 
===========================QR SECTION==========================
Vector x at 0 iter: 

Vector contents:
| 4418.35 |
| 2.89166 |
| 5.14107e-17 |
Alpha 4418.35 at 0 iter: 

Vector u at 0 iter: 

Vector contents:
| 8836.7 |
| 2.89166 |
| 5.14107e-17 |
Vector v at 0 iter: 

Vector contents:
| 1 |
| 0.000327233 |
| 5.81786e-21 |
Q_tmp at 0 iter: 

[[cMatrix]]
| -1 | -0.000654466 | -1.16357e-20 | 
| -0.000654466 | 1 | -3.80759e-24 | 
| -1.16357e-20 | -3.80759e-24 | 1 | 
Q_heap(0)

[[cMatrix]]
| -1 | -0.000654466 | -1.16357e-20 | 
| -0.000654466 | 1 | -3.80759e-24 | 
| -1.16357e-20 | -3.80759e-24 | 1 | 
===========================QR SECTION==========================
Vector x at 1 iter: 

Vector contents:
| 3582.89 |
| 5.48614e-15 |
Alpha 3582.89 at 1 iter: 

Vector u at 1 iter: 

Vector contents:
| 7165.77 |
| 5.48614e-15 |
Vector v at 1 iter: 

Vector contents:
| 1 |
| 7.65603e-19 |
Q_tmp at 1 iter: 

[[cMatrix]]
| -1 | -1.53121e-18 | 
| -1.53121e-18 | 1 | 
Q_heap(1)

[[cMatrix]]
| 1 | 0 | 0 | 
| 0 | -1 | -1.53121e-18 | 
| 0 | -1.53121e-18 | 1 | 
===========================QR SECTION==========================
Vector x at 0 iter: 

Vector contents:
| 4418.35 |
| 2.34488 |
| -9.90213e-18 |
Alpha 4418.35 at 0 iter: 

Vector u at 0 iter: 

Vector contents:
| 8836.71 |
| 2.34488 |
| -9.90213e-18 |
Vector v at 0 iter: 

Vector contents:
| 1 |
| 0.000265356 |
| -1.12057e-21 |
Q_tmp at 0 iter: 

[[cMatrix]]
| -1 | -0.000530713 | 2.24113e-21 | 
| -0.000530713 | 1 | 5.94699e-25 | 
| 2.24113e-21 | 5.94699e-25 | 1 | 
Q_heap(0)

[[cMatrix]]
| -1 | -0.000530713 | 2.24113e-21 | 
| -0.000530713 | 1 | 5.94699e-25 | 
| 2.24113e-21 | 5.94699e-25 | 1 | 
===========================QR SECTION==========================
Vector x at 1 iter: 

Vector contents:
| 3582.88 |
| -1.30306e-15 |
Alpha 3582.88 at 1 iter: 

Vector u at 1 iter: 

Vector contents:
| 7165.77 |
| -1.30306e-15 |
Vector v at 1 iter: 

Vector contents:
| 1 |
| -1.81846e-19 |
Q_tmp at 1 iter: 

[[cMatrix]]
| -1 | 3.63691e-19 | 
| 3.63691e-19 | 1 | 
Q_heap(1)

[[cMatrix]]
| 1 | 0 | 0 | 
| 0 | -1 | 3.63691e-19 | 
| 0 | 3.63691e-19 | 1 | 
===========================QR SECTION==========================
Vector x at 0 iter: 

Vector contents:
| 4418.35 |
| 1.90148 |
| 1.90723e-18 |
Alpha 4418.36 at 0 iter: 

Vector u at 0 iter: 

Vector contents:
| 8836.71 |
| 1.90148 |
| 1.90723e-18 |
Vector v at 0 iter: 

Vector contents:
| 1 |
| 0.00021518 |
| 2.1583e-22 |
Q_tmp at 0 iter: 

[[cMatrix]]
| -1 | -0.00043036 | -4.31661e-22 | 
| -0.00043036 | 1 | -9.28847e-26 | 
| -4.31661e-22 | -9.28847e-26 | 1 | 
Q_heap(0)

[[cMatrix]]
| -1 | -0.00043036 | -4.31661e-22 | 
| -0.00043036 | 1 | -9.28847e-26 | 
| -4.31661e-22 | -9.28847e-26 | 1 | 
===========================QR SECTION==========================
Vector x at 1 iter: 

Vector contents:
| 3582.88 |
| 3.09504e-16 |
Alpha 3582.88 at 1 iter: 

Vector u at 1 iter: 

Vector contents:
| 7165.76 |
| 3.09504e-16 |
Vector v at 1 iter: 

Vector contents:
| 1 |
| 4.3192e-20 |
Q_tmp at 1 iter: 

[[cMatrix]]
| -1 | -8.6384e-20 | 
| -8.6384e-20 | 1 | 
Q_heap(1)

[[cMatrix]]
| 1 | 0 | 0 | 
| 0 | -1 | -8.6384e-20 | 
| 0 | -8.6384e-20 | 1 | 
===========================QR SECTION==========================
Vector x at 0 iter: 

Vector contents:
| 4418.36 |
| 1.54193 |
| -3.67348e-19 |
Alpha 4418.36 at 0 iter: 

Vector u at 0 iter: 

Vector contents:
| 8836.71 |
| 1.54193 |
| -3.67348e-19 |
Vector v at 0 iter: 

Vector contents:
| 1 |
| 0.000174491 |
| -4.15707e-23 |
Q_tmp at 0 iter: 

[[cMatrix]]
| -1 | -0.000348982 | 8.31414e-23 | 
| -0.000348982 | 1 | 1.45074e-26 | 
| 8.31414e-23 | 1.45074e-26 | 1 | 
Q_heap(0)

[[cMatrix]]
| -1 | -0.000348982 | 8.31414e-23 | 
| -0.000348982 | 1 | 1.45074e-26 | 
| 8.31414e-23 | 1.45074e-26 | 1 | 
===========================QR SECTION==========================
Vector x at 1 iter: 

Vector contents:
| 3582.88 |
| -7.35135e-17 |
Alpha 3582.88 at 1 iter: 

Vector u at 1 iter: 

Vector contents:
| 7165.76 |
| -7.35135e-17 |
Vector v at 1 iter: 

Vector contents:
| 1 |
| -1.0259e-20 |
Q_tmp at 1 iter: 

[[cMatrix]]
| -1 | 2.0518e-20 | 
| 2.0518e-20 | 1 | 
Q_heap(1)

[[cMatrix]]
| 1 | 0 | 0 | 
| 0 | -1 | 2.0518e-20 | 
| 0 | 2.0518e-20 | 1 | 
===========================EIGEN SECTION==========================
Eigenvalue matrix after 30 iterations of the QR algorithm
[[cMatrix]]
| 4418.36 | 1.54193 | -1.16268e-17 | 
| 1.54193 | 3582.88 | -8.42056e-17 | 
| -3.67348e-19 | -7.35136e-17 | 851.011 | 
Eigenvector matrix Q_0:
[[cMatrix]]
| -0.984171 | 0.0907811 | 0.152206 | 
| -0.0455718 | -0.959595 | 0.277669 | 
| 0.171263 | 0.266337 | 0.948543 | 
Eigenvector matrix after multiplying by Q_1:
[[cMatrix]]
| 0.964191 | -0.195928 | 0.178737 | 
| 0.127395 | 0.933276 | 0.335807 | 
| -0.232605 | -0.301012 | 0.924817 | 
Eigenvector matrix Q_1
[[cMatrix]]
| -0.994571 | 0.0987432 | -0.0328247 | 
| -0.0966689 | -0.993525 | -0.0596999 | 
| -0.0385071 | -0.0562027 | 0.997677 | 
Number of iterations: 30
Eigenvector matrix after multiplying by Q_2:
[[cMatrix]]
| -0.940853 | 0.28517 | 0.182959 | 
| -0.209395 | -0.913925 | 0.347698 | 
| 0.266364 | 0.288822 | 0.919583 | 
Eigenvector matrix Q_2
[[cMatrix]]
| -0.995796 | 0.0913473 | 0.00680268 | 
| -0.0912628 | -0.995756 | 0.0118462 | 
| 0.00785593 | 0.0111755 | 0.999907 | 
Number of iterations: 30
Eigenvector matrix after multiplying by Q_3:
[[cMatrix]]
| 0.914262 | -0.361144 | 0.183575 | 
| 0.282464 | 0.893078 | 0.350179 | 
| -0.290412 | -0.268302 | 0.918518 | 
Eigenvector matrix Q_3
[[cMatrix]]
| -0.996688 | 0.0813118 | -0.001383 | 
| -0.0813084 | -0.996686 | -0.00239893 | 
| -0.00157348 | -0.00227853 | 0.999996 | 
Number of iterations: 30
Eigenvector matrix after multiplying by Q_4:
[[cMatrix]]
| -0.886485 | 0.424755 | 0.183648 | 
| -0.344581 | -0.870788 | 0.350703 | 
| 0.308881 | 0.247612 | 0.918303 | 
Eigenvector matrix Q_4
[[cMatrix]]
| -0.997514 | 0.070462 | 0.000276966 | 
| -0.0704618 | -0.997514 | 0.000499648 | 
| 0.000311484 | 0.00047889 | 1 | 
Number of iterations: 30
Eigenvector matrix after multiplying by Q_5:
[[cMatrix]]
| 0.859466 | -0.477064 | 0.183651 | 
| 0.396053 | 0.84857 | 0.350815 | 
| -0.323202 | -0.228778 | 0.91826 | 
Eigenvector matrix Q_5
[[cMatrix]]
| -0.998208 | 0.0598435 | -5.48274e-05 | 
| -0.0598435 | -0.998208 | -0.000107076 | 
| -6.11369e-05 | -0.000103603 | 1 | 
Number of iterations: 30
Eigenvector matrix after multiplying by Q_6:
[[cMatrix]]
| -0.83449 | 0.519519 | 0.183649 | 
| -0.438056 | -0.827659 | 0.35084 | 
| 0.334267 | 0.212323 | 0.918251 | 
Eigenvector matrix Q_6
[[cMatrix]]
| -0.998745 | 0.0500892 | 1.07613e-05 | 
| -0.0500892 | -0.998745 | 2.35463e-05 | 
| 1.19272e-05 | 2.29777e-05 | 1 | 
Number of iterations: 30
Eigenvector matrix after multiplying by Q_7:
[[cMatrix]]
| 0.812212 | -0.553701 | 0.183648 | 
| 0.472023 | 0.808766 | 0.350845 | 
| -0.342791 | -0.198274 | 0.918249 | 
Eigenvector matrix Q_7
[[cMatrix]]
| -0.999139 | 0.0414966 | -2.09943e-06 | 
| -0.0414966 | -0.999139 | -5.28973e-06 | 
| -2.31713e-06 | -5.19805e-06 | 1 | 
Number of iterations: 30
Eigenvector matrix after multiplying by Q_8:
[[cMatrix]]
| -0.792838 | 0.581104 | 0.183648 | 
| -0.499355 | -0.792181 | 0.350846 | 
| 0.34936 | 0.186458 | 0.918249 | 
Eigenvector matrix Q_8
[[cMatrix]]
| -0.999417 | 0.034136 | 4.07861e-07 | 
| -0.034136 | -0.999417 | 1.20819e-06 | 
| 4.48866e-07 | 1.19356e-06 | 1 | 
Number of iterations: 30
Eigenvector matrix after multiplying by Q_9:
[[cMatrix]]
| 0.776288 | -0.603034 | 0.183648 | 
| 0.521299 | 0.777916 | 0.350846 | 
| -0.354435 | -0.176622 | 0.918249 | 
Eigenvector matrix Q_9
[[cMatrix]]
| -0.999609 | 0.0279467 | -7.90094e-08 | 
| -0.0279467 | -0.999609 | -2.7934e-07 | 
| -8.67852e-08 | -2.77023e-07 | 1 | 
Number of iterations: 30
Eigenvector matrix after multiplying by Q_10:
[[cMatrix]]
| -0.762333 | 0.620582 | 0.183648 | 
| -0.538905 | -0.765825 | 0.350846 | 
| 0.358371 | 0.168493 | 0.918249 | 
Eigenvector matrix Q_10
[[cMatrix]]
| -0.99974 | 0.0228061 | 1.52759e-08 | 
| -0.0228061 | -0.99974 | 6.51473e-08 | 
| 1.67577e-08 | 6.4782e-08 | 1 | 
Number of iterations: 30
Eigenvector matrix after multiplying by Q_11:
[[cMatrix]]
| 0.750677 | -0.634632 | 0.183648 | 
| 0.553034 | 0.755685 | 0.350846 | 
| -0.361438 | -0.161809 | 0.918249 | 
Eigenvector matrix Q_11
[[cMatrix]]
| -0.999828 | 0.0185712 | -2.94969e-09 | 
| -0.0185712 | -0.999828 | -1.52851e-08 | 
| -3.23305e-09 | -1.52277e-08 | 1 | 
Number of iterations: 30
Eigenvector matrix after multiplying by Q_12:
[[cMatrix]]
| -0.741007 | 0.645896 | 0.183648 | 
| -0.564383 | -0.747247 | 0.350846 | 
| 0.36384 | 0.156332 | 0.918249 | 
Eigenvector matrix Q_12
[[cMatrix]]
| -0.999886 | 0.0151012 | 5.69081e-10 | 
| -0.0151012 | -0.999886 | 3.60093e-09 | 
| 6.23395e-10 | 3.59193e-09 | 1 | 
Number of iterations: 30
Eigenvector matrix after multiplying by Q_13:
[[cMatrix]]
| 0.733028 | -0.654938 | 0.183648 | 
| 0.573508 | 0.740267 | 0.350846 | 
| -0.365731 | -0.151857 | 0.918249 | 
Eigenvector matrix Q_13
[[cMatrix]]
| -0.999925 | 0.012268 | -1.0973e-10 | 
| -0.012268 | -0.999925 | -8.50665e-10 | 
| -1.20158e-10 | -8.49255e-10 | 1 | 
Number of iterations: 30
Eigenvector matrix after multiplying by Q_14:
[[cMatrix]]
| -0.726468 | 0.662207 | 0.183648 | 
| -0.580852 | -0.734518 | 0.350846 | 
| 0.367225 | 0.148207 | 0.918249 | 
Eigenvector matrix Q_14
[[cMatrix]]
| -0.99995 | 0.00996014 | 2.11502e-11 | 
| -0.00996014 | -0.99995 | 2.01326e-10 | 
| 2.31543e-11 | 2.01106e-10 | 1 | 
Number of iterations: 30
Eigenvector matrix after multiplying by Q_15:
[[cMatrix]]
| 0.721092 | -0.668057 | 0.183648 | 
| 0.586771 | 0.729799 | 0.350846 | 
| -0.368411 | -0.145233 | 0.918249 | 
Eigenvector matrix Q_15
[[cMatrix]]
| -0.999967 | 0.00808313 | -4.07563e-12 | 
| -0.00808313 | -0.999967 | -4.7706e-11 | 
| -4.46111e-12 | -4.76715e-11 | 1 | 
Number of iterations: 30
Eigenvector matrix after multiplying by Q_16:
[[cMatrix]]
| -0.716695 | 0.672772 | 0.183648 | 
| -0.591544 | -0.725936 | 0.350846 | 
| 0.369356 | 0.142814 | 0.918249 | 
Eigenvector matrix Q_16
[[cMatrix]]
| -0.999978 | 0.00655807 | 7.85244e-13 | 
| -0.00655807 | -0.999978 | 1.13135e-11 | 
| 8.59422e-13 | 1.13081e-11 | 1 | 
Number of iterations: 30
Eigenvector matrix after multiplying by Q_17:
[[cMatrix]]
| 0.713106 | -0.676575 | 0.183648 | 
| 0.595398 | 0.722778 | 0.350846 | 
| -0.37011 | -0.140847 | 0.918249 | 
Eigenvector matrix Q_17
[[cMatrix]]
| -0.999986 | 0.0053198 | -1.51275e-13 | 
| -0.0053198 | -0.999986 | -2.68443e-12 | 
| -1.65554e-13 | -2.68358e-12 | 1 | 
Number of iterations: 30
