
Original matrix A = 
[[cMatrix]]
| 0 | 4 | 4 | 4 | 7 | 6 | 0 | 0 | 5 | 7 | 5 | 5 | 1 | 6 | 5 | 1 | 6 | 
| 9 | 8 | 1 | 7 | 9 | 7 | 2 | 5 | 7 | 8 | 1 | 7 | 9 | 0 | 9 | 4 | 9 | 
| 2 | 8 | 9 | 2 | 8 | 7 | 4 | 4 | 5 | 0 | 3 | 9 | 6 | 5 | 9 | 6 | 2 | 

Transformed matrix B = 
[[cMatrix]]
| 9.13229 | 9.35255 | 2.58222 | 7.58597 | 10.6573 | 8.44925 | 2.49209 | 5.44944 | 8.08268 | 8.63041 | 1.90773 | 8.60321 | 9.75913 | 1.28852 | 10.5748 | 4.83023 | 9.77015 | 
| 1.13715 | -1.33445 | -1.5936 | -2.87452 | -4.16326 | -3.58496 | 1.12268 | 1.33861 | -3.1074 | -6.19269 | -4.02862 | -2.12867 | 1.14895 | -4.57816 | -1.98472 | 0.78907 | -4.66442 | 
| 0.55509 | 7.39926 | 9.42298 | 1.78612 | 7.94293 | 7.05395 | 3.53964 | 3.08412 | 4.90045 | 0.40812 | 3.88983 | 8.74377 | 4.63025 | 6.19517 | 8.44009 | 5.38946 | 1.94611 | 
===========================QR SECTION==========================
Vector x at 0 iter: 

Vector contents:
| 27649.3 |
| -2948.46 |
| -800.867 |
Alpha 27817.6 at 0 iter: 

Vector u at 0 iter: 

Vector contents:
| 55466.9 |
| -2948.46 |
| -800.867 |
Vector v at 0 iter: 

Vector contents:
| 0.998486 |
| -0.0530766 |
| -0.0144168 |
Q_tmp at 0 iter: 

[[cMatrix]]
| -0.99395 | 0.105993 | 0.0287899 | 
| 0.105993 | 0.994366 | -0.00153039 | 
| 0.0287899 | -0.00153039 | 0.999584 | 
Q_heap(0)

[[cMatrix]]
| -0.99395 | 0.105993 | 0.0287899 | 
| 0.105993 | 0.994366 | -0.00153039 | 
| 0.0287899 | -0.00153039 | 0.999584 | 
===========================QR SECTION==========================
Vector x at 1 iter: 

Vector contents:
| 8543.07 |
| -552.923 |
Alpha 8560.94 at 1 iter: 

Vector u at 1 iter: 

Vector contents:
| 17104 |
| -552.923 |
Vector v at 1 iter: 

Vector contents:
| 0.999478 |
| -0.0323102 |
Q_tmp at 1 iter: 

[[cMatrix]]
| -0.997912 | 0.0645867 | 
| 0.0645867 | 0.997912 | 
Q_heap(1)

[[cMatrix]]
| 1 | 0 | 0 | 
| 0 | -0.997912 | 0.0645867 | 
| 0 | 0.0645867 | 0.997912 | 
===========================QR SECTION==========================
Vector x at 0 iter: 

Vector contents:
| 28094.9 |
| -858.18 |
| 508.965 |
Alpha 28112.6 at 0 iter: 

Vector u at 0 iter: 

Vector contents:
| 56207.4 |
| -858.18 |
| 508.965 |
Vector v at 0 iter: 

Vector contents:
| 0.999842 |
| -0.0152657 |
| 0.00905369 |
Q_tmp at 0 iter: 

[[cMatrix]]
| -0.99937 | 0.0305266 | -0.0181045 | 
| 0.0305266 | 0.999534 | 0.000276422 | 
| -0.0181045 | 0.000276422 | 0.999836 | 
Q_heap(0)

[[cMatrix]]
| -0.99937 | 0.0305266 | -0.0181045 | 
| 0.0305266 | 0.999534 | 0.000276422 | 
| -0.0181045 | 0.000276422 | 0.999836 | 
===========================QR SECTION==========================
Vector x at 1 iter: 

Vector contents:
| 8578.87 |
| 1186.05 |
Alpha 8660.47 at 1 iter: 

Vector u at 1 iter: 

Vector contents:
| 17239.3 |
| 1186.05 |
Vector v at 1 iter: 

Vector contents:
| 0.997642 |
| 0.0686368 |
Q_tmp at 1 iter: 

[[cMatrix]]
| -0.990578 | -0.13695 | 
| -0.13695 | 0.990578 | 
Q_heap(1)

[[cMatrix]]
| 1 | 0 | 0 | 
| 0 | -0.990578 | -0.13695 | 
| 0 | -0.13695 | 0.990578 | 
===========================QR SECTION==========================
Vector x at 0 iter: 

Vector contents:
| 28142.8 |
| -199.376 |
| -313.065 |
Alpha 28145.2 at 0 iter: 

Vector u at 0 iter: 

Vector contents:
| 56288 |
| -199.376 |
| -313.065 |
Vector v at 0 iter: 

Vector contents:
| 0.999978 |
| -0.003542 |
| -0.00556172 |
Q_tmp at 0 iter: 

[[cMatrix]]
| -0.999913 | 0.00708384 | 0.0111232 | 
| 0.00708384 | 0.999975 | -3.93992e-05 | 
| 0.0111232 | -3.93992e-05 | 0.999938 | 
Q_heap(0)

[[cMatrix]]
| -0.999913 | 0.00708384 | 0.0111232 | 
| 0.00708384 | 0.999975 | -3.93992e-05 | 
| 0.0111232 | -3.93992e-05 | 0.999938 | 
===========================QR SECTION==========================
Vector x at 1 iter: 

Vector contents:
| 9066.23 |
| -2374.92 |
Alpha 9372.13 at 1 iter: 

Vector u at 1 iter: 

Vector contents:
| 18438.4 |
| -2374.92 |
Vector v at 1 iter: 

Vector contents:
| 0.991807 |
| -0.127748 |
Q_tmp at 1 iter: 

[[cMatrix]]
| -0.967361 | 0.253402 | 
| 0.253402 | 0.967361 | 
Q_heap(1)

[[cMatrix]]
| 1 | 0 | 0 | 
| 0 | -0.967361 | 0.253402 | 
| 0 | 0.253402 | 0.967361 | 
===========================QR SECTION==========================
Vector x at 0 iter: 

Vector contents:
| 28149.9 |
| 7.42676 |
| 177.532 |
Alpha 28150.4 at 0 iter: 

Vector u at 0 iter: 

Vector contents:
| 56300.3 |
| 7.42676 |
| 177.532 |
Vector v at 0 iter: 

Vector contents:
| 0.999995 |
| 0.000131913 |
| 0.00315328 |
Q_tmp at 0 iter: 

[[cMatrix]]
| -0.99998 | -0.000263824 | -0.00630654 | 
| -0.000263824 | 1 | -8.31917e-07 | 
| -0.00630654 | -8.31917e-07 | 0.99998 | 
Q_heap(0)

[[cMatrix]]
| -0.99998 | -0.000263824 | -0.00630654 | 
| -0.000263824 | 1 | -8.31917e-07 | 
| -0.00630654 | -8.31917e-07 | 0.99998 | 
===========================QR SECTION==========================
Vector x at 1 iter: 

Vector contents:
| 10747.9 |
| 4044.65 |
Alpha 11483.8 at 1 iter: 

Vector u at 1 iter: 

Vector contents:
| 22231.7 |
| 4044.65 |
Vector v at 1 iter: 

Vector contents:
| 0.98385 |
| 0.178994 |
Q_tmp at 1 iter: 

[[cMatrix]]
| -0.935923 | -0.352206 | 
| -0.352206 | 0.935923 | 
Q_heap(1)

[[cMatrix]]
| 1 | 0 | 0 | 
| 0 | -0.935923 | -0.352206 | 
| 0 | -0.352206 | 0.935923 | 
===========================QR SECTION==========================
Vector x at 0 iter: 

Vector contents:
| 28151.6 |
| 61.1921 |
| -82.1317 |
Alpha 28151.8 at 0 iter: 

Vector u at 0 iter: 

Vector contents:
| 56303.4 |
| 61.1921 |
| -82.1317 |
Vector v at 0 iter: 

Vector contents:
| 0.999998 |
| 0.00108683 |
| -0.00145873 |
Q_tmp at 0 iter: 

[[cMatrix]]
| -0.999993 | -0.00217365 | 0.00291746 | 
| -0.00217365 | 0.999998 | 3.17077e-06 | 
| 0.00291746 | 3.17077e-06 | 0.999996 | 
Q_heap(0)

[[cMatrix]]
| -0.999993 | -0.00217365 | 0.00291746 | 
| -0.00217365 | 0.999998 | 3.17077e-06 | 
| 0.00291746 | 3.17077e-06 | 0.999996 | 
===========================QR SECTION==========================
Vector x at 1 iter: 

Vector contents:
| 13995.9 |
| -4586.53 |
Alpha 14728.2 at 1 iter: 

Vector u at 1 iter: 

Vector contents:
| 28724.1 |
| -4586.53 |
Vector v at 1 iter: 

Vector contents:
| 0.987491 |
| -0.157678 |
Q_tmp at 1 iter: 

[[cMatrix]]
| -0.950275 | 0.31141 | 
| 0.31141 | 0.950275 | 
Q_heap(1)

[[cMatrix]]
| 1 | 0 | 0 | 
| 0 | -0.950275 | 0.31141 | 
| 0 | 0.31141 | 0.950275 | 
===========================QR SECTION==========================
Vector x at 0 iter: 

Vector contents:
| 28152.2 |
| 55.803 |
| 29.6235 |
Alpha 28152.3 at 0 iter: 

Vector u at 0 iter: 

Vector contents:
| 56304.5 |
| 55.803 |
| 29.6235 |
Vector v at 0 iter: 

Vector contents:
| 0.999999 |
| 0.000991093 |
| 0.00052613 |
Q_tmp at 0 iter: 

[[cMatrix]]
| -0.999997 | -0.00198219 | -0.00105226 | 
| -0.00198219 | 0.999998 | -1.04289e-06 | 
| -0.00105226 | -1.04289e-06 | 0.999999 | 
Q_heap(0)

[[cMatrix]]
| -0.999997 | -0.00198219 | -0.00105226 | 
| -0.00198219 | 0.999998 | -1.04289e-06 | 
| -0.00105226 | -1.04289e-06 | 0.999999 | 
===========================QR SECTION==========================
Vector x at 1 iter: 

Vector contents:
| 16534.9 |
| 3161.9 |
Alpha 16834.5 at 1 iter: 

Vector u at 1 iter: 

Vector contents:
| 33369.4 |
| 3161.9 |
Vector v at 1 iter: 

Vector contents:
| 0.995541 |
| 0.0943319 |
Q_tmp at 1 iter: 

[[cMatrix]]
| -0.982203 | -0.187823 | 
| -0.187823 | 0.982203 | 
Q_heap(1)

[[cMatrix]]
| 1 | 0 | 0 | 
| 0 | -0.982203 | -0.187823 | 
| 0 | -0.187823 | 0.982203 | 
===========================QR SECTION==========================
Vector x at 0 iter: 

Vector contents:
| 28152.4 |
| 38.544 |
| -9.34755 |
Alpha 28152.5 at 0 iter: 

Vector u at 0 iter: 

Vector contents:
| 56304.9 |
| 38.544 |
| -9.34755 |
Vector v at 0 iter: 

Vector contents:
| 1 |
| 0.000684559 |
| -0.000166017 |
Q_tmp at 0 iter: 

[[cMatrix]]
| -0.999999 | -0.00136912 | 0.000332033 | 
| -0.00136912 | 0.999999 | 2.27296e-07 | 
| 0.000332033 | 2.27296e-07 | 1 | 
Q_heap(0)

[[cMatrix]]
| -0.999999 | -0.00136912 | 0.000332033 | 
| -0.00136912 | 0.999999 | 2.27296e-07 | 
| 0.000332033 | 2.27296e-07 | 1 | 
===========================QR SECTION==========================
Vector x at 1 iter: 

Vector contents:
| 17458.5 |
| -1668.46 |
Alpha 17538 at 1 iter: 

Vector u at 1 iter: 

Vector contents:
| 34996.5 |
| -1668.46 |
Vector v at 1 iter: 

Vector contents:
| 0.998865 |
| -0.0476209 |
Q_tmp at 1 iter: 

[[cMatrix]]
| -0.995464 | 0.0951338 | 
| 0.0951338 | 0.995464 | 
Q_heap(1)

[[cMatrix]]
| 1 | 0 | 0 | 
| 0 | -0.995464 | 0.0951338 | 
| 0 | 0.0951338 | 0.995464 | 
===========================QR SECTION==========================
Vector x at 0 iter: 

Vector contents:
| 28152.5 |
| 24.8387 |
| 2.83122 |
Alpha 28152.5 at 0 iter: 

Vector u at 0 iter: 

Vector contents:
| 56305.1 |
| 24.8387 |
| 2.83122 |
Vector v at 0 iter: 

Vector contents:
| 1 |
| 0.000441145 |
| 5.02835e-05 |
Q_tmp at 0 iter: 

[[cMatrix]]
| -1 | -0.00088229 | -0.000100567 | 
| -0.00088229 | 1 | -4.43646e-08 | 
| -0.000100567 | -4.43646e-08 | 1 | 
Q_heap(0)

[[cMatrix]]
| -1 | -0.00088229 | -0.000100567 | 
| -0.00088229 | 1 | -4.43646e-08 | 
| -0.000100567 | -4.43646e-08 | 1 | 
===========================QR SECTION==========================
Vector x at 1 iter: 

Vector contents:
| 17695.4 |
| 811.191 |
Alpha 17714 at 1 iter: 

Vector u at 1 iter: 

Vector contents:
| 35409.4 |
| 811.191 |
Vector v at 1 iter: 

Vector contents:
| 0.999738 |
| 0.0229029 |
Q_tmp at 1 iter: 

[[cMatrix]]
| -0.998951 | -0.0457938 | 
| -0.0457938 | 0.998951 | 
Q_heap(1)

[[cMatrix]]
| 1 | 0 | 0 | 
| 0 | -0.998951 | -0.0457938 | 
| 0 | -0.0457938 | 0.998951 | 
===========================QR SECTION==========================
Vector x at 0 iter: 

Vector contents:
| 28152.6 |
| 15.7495 |
| -0.849004 |
Alpha 28152.6 at 0 iter: 

Vector u at 0 iter: 

Vector contents:
| 56305.1 |
| 15.7495 |
| -0.849004 |
Vector v at 0 iter: 

Vector contents:
| 1 |
| 0.000279717 |
| -1.50786e-05 |
Q_tmp at 0 iter: 

[[cMatrix]]
| -1 | -0.000559433 | 3.01573e-05 | 
| -0.000559433 | 1 | 8.43549e-09 | 
| 3.01573e-05 | 8.43549e-09 | 1 | 
Q_heap(0)

[[cMatrix]]
| -1 | -0.000559433 | 3.01573e-05 | 
| -0.000559433 | 1 | 8.43549e-09 | 
| 3.01573e-05 | 8.43549e-09 | 1 | 
===========================QR SECTION==========================
Vector x at 1 iter: 

Vector contents:
| 17750.3 |
| -386.598 |
Alpha 17754.5 at 1 iter: 

Vector u at 1 iter: 

Vector contents:
| 35504.8 |
| -386.598 |
Vector v at 1 iter: 

Vector contents:
| 0.999941 |
| -0.010888 |
Q_tmp at 1 iter: 

[[cMatrix]]
| -0.999763 | 0.0217746 | 
| 0.0217746 | 0.999763 | 
Q_heap(1)

[[cMatrix]]
| 1 | 0 | 0 | 
| 0 | -0.999763 | 0.0217746 | 
| 0 | 0.0217746 | 0.999763 | 
===========================QR SECTION==========================
Vector x at 0 iter: 

Vector contents:
| 28152.6 |
| 9.94966 |
| 0.254012 |
Alpha 28152.6 at 0 iter: 

Vector u at 0 iter: 

Vector contents:
| 56305.2 |
| 9.94966 |
| 0.254012 |
Vector v at 0 iter: 

Vector contents:
| 1 |
| 0.00017671 |
| 4.51134e-06 |
Q_tmp at 0 iter: 

[[cMatrix]]
| -1 | -0.000353419 | -9.02268e-06 | 
| -0.000353419 | 1 | -1.59439e-09 | 
| -9.02268e-06 | -1.59439e-09 | 1 | 
Q_heap(0)

[[cMatrix]]
| -1 | -0.000353419 | -9.02268e-06 | 
| -0.000353419 | 1 | -1.59439e-09 | 
| -9.02268e-06 | -1.59439e-09 | 1 | 
===========================QR SECTION==========================
Vector x at 1 iter: 

Vector contents:
| 17762.7 |
| 183.406 |
Alpha 17763.7 at 1 iter: 

Vector u at 1 iter: 

Vector contents:
| 35526.4 |
| 183.406 |
Vector v at 1 iter: 

Vector contents:
| 0.999987 |
| 0.00516245 |
Q_tmp at 1 iter: 

[[cMatrix]]
| -0.999947 | -0.0103248 | 
| -0.0103248 | 0.999947 | 
Q_heap(1)

[[cMatrix]]
| 1 | 0 | 0 | 
| 0 | -0.999947 | -0.0103248 | 
| 0 | -0.0103248 | 0.999947 | 
===========================QR SECTION==========================
Vector x at 0 iter: 

Vector contents:
| 28152.6 |
| 6.28046 |
| -0.075958 |
Alpha 28152.6 at 0 iter: 

Vector u at 0 iter: 

Vector contents:
| 56305.2 |
| 6.28046 |
| -0.075958 |
Vector v at 0 iter: 

Vector contents:
| 1 |
| 0.000111543 |
| -1.34904e-06 |
Q_tmp at 0 iter: 

[[cMatrix]]
| -1 | -0.000223086 | 2.69808e-06 | 
| -0.000223086 | 1 | 3.00953e-10 | 
| 2.69808e-06 | 3.00953e-10 | 1 | 
Q_heap(0)

[[cMatrix]]
| -1 | -0.000223086 | 2.69808e-06 | 
| -0.000223086 | 1 | 3.00953e-10 | 
| 2.69808e-06 | 3.00953e-10 | 1 | 
===========================QR SECTION==========================
Vector x at 1 iter: 

Vector contents:
| 17765.5 |
| -86.9196 |
Alpha 17765.7 at 1 iter: 

Vector u at 1 iter: 

Vector contents:
| 35531.2 |
| -86.9196 |
Vector v at 1 iter: 

Vector contents:
| 0.999997 |
| -0.00244628 |
Q_tmp at 1 iter: 

[[cMatrix]]
| -0.999988 | 0.00489255 | 
| 0.00489255 | 0.999988 | 
Q_heap(1)

[[cMatrix]]
| 1 | 0 | 0 | 
| 0 | -0.999988 | 0.00489255 | 
| 0 | 0.00489255 | 0.999988 | 
===========================QR SECTION==========================
Vector x at 0 iter: 

Vector contents:
| 28152.6 |
| 3.96363 |
| 0.0227114 |
Alpha 28152.6 at 0 iter: 

Vector u at 0 iter: 

Vector contents:
| 56305.2 |
| 3.96363 |
| 0.0227114 |
Vector v at 0 iter: 

Vector contents:
| 1 |
| 7.03956e-05 |
| 4.03362e-07 |
Q_tmp at 0 iter: 

[[cMatrix]]
| -1 | -0.000140791 | -8.06724e-07 | 
| -0.000140791 | 1 | -5.67898e-11 | 
| -8.06724e-07 | -5.67898e-11 | 1 | 
Q_heap(0)

[[cMatrix]]
| -1 | -0.000140791 | -8.06724e-07 | 
| -0.000140791 | 1 | -5.67898e-11 | 
| -8.06724e-07 | -5.67898e-11 | 1 | 
===========================QR SECTION==========================
Vector x at 1 iter: 

Vector contents:
| 17766.1 |
| 41.1835 |
Alpha 17766.2 at 1 iter: 

Vector u at 1 iter: 

Vector contents:
| 35532.3 |
| 41.1835 |
Vector v at 1 iter: 

Vector contents:
| 0.999999 |
| 0.00115904 |
Q_tmp at 1 iter: 

[[cMatrix]]
| -0.999997 | -0.00231808 | 
| -0.00231808 | 0.999997 | 
Q_heap(1)

[[cMatrix]]
| 1 | 0 | 0 | 
| 0 | -0.999997 | -0.00231808 | 
| 0 | -0.00231808 | 0.999997 | 
===========================EIGEN SECTION==========================
Eigenvalue matrix after 11 iterations of the QR algorithm
[[cMatrix]]
| 28152.6 | 3.96363 | 0.0227114 | 
| 3.96363 | 17766.1 | 41.1835 | 
| 0.0227114 | 41.1835 | 8417.49 | 
Eigenvector matrix Q_0:
[[cMatrix]]
| -0.99395 | -0.103912 | 0.0355755 | 
| 0.105993 | -0.992388 | 0.0626956 | 
| 0.0287899 | 0.066087 | 0.997398 | 
Eigenvector matrix after multiplying by Q_1:
[[cMatrix]]
| 0.989508 | 0.125599 | 0.0714096 | 
| -0.137355 | 0.971073 | 0.195321 | 
| -0.0448118 | -0.20308 | 0.978136 | 
Eigenvector matrix Q_1
[[cMatrix]]
| -0.99937 | -0.0277595 | -0.0221146 | 
| 0.0305266 | -0.990154 | -0.136612 | 
| -0.0181045 | -0.137201 | 0.990378 | 
Number of iterations: 11
Eigenvector matrix after multiplying by Q_2:
[[cMatrix]]
| -0.987738 | -0.107393 | 0.113319 | 
| 0.146395 | -0.889311 | 0.433237 | 
| 0.0542493 | 0.444513 | 0.894128 | 
Eigenvector matrix Q_2
[[cMatrix]]
| -0.999913 | -0.00403399 | 0.0125552 | 
| 0.00708384 | -0.967347 | 0.253358 | 
| 0.0111232 | 0.253425 | 0.967291 | 
Number of iterations: 11
Eigenvector matrix after multiplying by Q_3:
[[cMatrix]]
| 0.987032 | 0.0581627 | 0.149618 | 
| -0.148889 | 0.680102 | 0.717839 | 
| -0.0600044 | -0.730806 | 0.679942 | 
Eigenvector matrix Q_3
[[cMatrix]]
| -0.99998 | 0.00246812 | -0.00580951 | 
| -0.000263824 | -0.935922 | -0.352207 | 
| -0.00630654 | -0.352198 | 0.935904 | 
Number of iterations: 11
Eigenvector matrix after multiplying by Q_4:
[[cMatrix]]
| -0.986715 | -0.00574284 | 0.162359 | 
| 0.149504 | -0.423186 | 0.893623 | 
| 0.0635762 | 0.906025 | 0.418422 | 
Eigenvector matrix Q_4
[[cMatrix]]
| -0.999993 | 0.00297409 | 0.00209549 | 
| -0.00217365 | -0.950272 | 0.311413 | 
| 0.00291746 | 0.311406 | 0.950272 | 
Number of iterations: 11
Eigenvector matrix after multiplying by Q_5:
[[cMatrix]]
| 0.986553 | -0.02697 | 0.161201 | 
| -0.149605 | 0.248133 | 0.957104 | 
| -0.0658122 | -0.968351 | 0.240761 | 
Eigenvector matrix Q_5
[[cMatrix]]
| -0.999997 | 0.00214455 | -0.000661234 | 
| -0.00198219 | -0.982201 | -0.187823 | 
| -0.00105226 | -0.187821 | 0.982203 | 
Number of iterations: 11
Eigenvector matrix after multiplying by Q_6:
[[cMatrix]]
| -0.986462 | 0.043559 | 0.158101 | 
| 0.149583 | -0.156163 | 0.976339 | 
| 0.0672179 | 0.98677 | 0.147533 | 
Eigenvector matrix Q_6
[[cMatrix]]
| -0.999999 | 0.0013945 | 0.000200278 | 
| -0.00136912 | -0.995464 | 0.0951339 | 
| 0.000332033 | 0.0951335 | 0.995464 | 
Number of iterations: 11
Eigenvector matrix after multiplying by Q_7:
[[cMatrix]]
| 0.986407 | -0.0516273 | 0.156 | 
| -0.149544 | 0.111421 | 0.982457 | 
| -0.0681033 | -0.992431 | 0.102186 | 
Eigenvector matrix Q_7
[[cMatrix]]
| -1 | 0.00088597 | -6.0058e-05 | 
| -0.00088229 | -0.998951 | -0.0457938 | 
| -0.000100567 | -0.0457937 | 0.998951 | 
Number of iterations: 11
Eigenvector matrix after multiplying by Q_8:
[[cMatrix]]
| -0.986373 | 0.0555642 | 0.154857 | 
| 0.149511 | -0.090086 | 0.984648 | 
| 0.0686616 | 0.994383 | 0.0805509 | 
Eigenvector matrix Q_8
[[cMatrix]]
| -1 | 0.000559957 | 1.79687e-05 | 
| -0.000559433 | -0.999763 | 0.0217747 | 
| 3.01573e-05 | 0.0217746 | 0.999763 | 
Number of iterations: 11
Eigenvector matrix after multiplying by Q_9:
[[cMatrix]]
| 0.986352 | -0.0575088 | 0.15428 | 
| -0.149488 | 0.0799678 | 0.985524 | 
| -0.0690137 | -0.995137 | 0.0702795 | 
Eigenvector matrix Q_9
[[cMatrix]]
| -1 | 0.000353493 | -5.37323e-06 | 
| -0.000353419 | -0.999947 | -0.0103248 | 
| -9.02268e-06 | -0.0103248 | 0.999947 | 
Number of iterations: 11
Eigenvector matrix after multiplying by Q_10:
[[cMatrix]]
| -0.986339 | 0.058483 | 0.153998 | 
| 0.149473 | -0.0751784 | 0.985904 | 
| 0.0692359 | 0.995454 | 0.0654098 | 
Eigenvector matrix Q_10
[[cMatrix]]
| -1 | 0.000223097 | 1.60659e-06 | 
| -0.000223086 | -0.999988 | 0.00489255 | 
| 2.69808e-06 | 0.00489255 | 0.999988 | 
Number of iterations: 11
Eigenvector matrix after multiplying by Q_11:
[[cMatrix]]
| 0.98633 | -0.0589787 | 0.153863 | 
| -0.149463 | 0.0729139 | 0.986075 | 
| -0.0693761 | -0.995593 | 0.063102 | 
Eigenvector matrix Q_11
[[cMatrix]]
| -1 | 0.000140793 | -4.80356e-07 | 
| -0.000140791 | -0.999997 | -0.00231808 | 
| -8.06724e-07 | -0.00231808 | 0.999997 | 
Number of iterations: 11
===========================SVD SECTION==========================
A*A' = 
[[cMatrix]]
| 27649.3 | -2948.46 | -800.867 | 
| -2948.46 | 8905.06 | -454.598 | 
| -800.867 | -454.598 | 17781.8 | 

Eigenvectors of A*A' (U) = 

[[cMatrix]]
| 0.98633 | -0.0589787 | 0.153863 | 
| -0.149463 | 0.0729139 | 0.986075 | 
| -0.0693761 | -0.995593 | 0.063102 | 

Singular values of A'*A (S) = 

[[cMatrix]]
| 167.787 | 0 | 0 | 
| 0 | 133.29 | 0 | 
| 0 | 0 | 91.7469 | 

Eigenvectors of A'*A (V) = 

[[cMatrix]]
| 0.233277 | -0.306973 | -0.922179 | 
| 0.972087 | 0.0982024 | 0.212972 | 
| 0.0250775 | -0.946642 | 0.322819 | 


Q_U = 
[[cMatrix]]
| -1 | 0.000140793 | -4.80356e-07 | 
| -0.000140791 | -0.999997 | -0.00231808 | 
| -8.06724e-07 | -0.00231808 | 0.999997 | 
Q_U iter = 11
Q_V = 
[[cMatrix]]
| 0 | 0 | 0 | 0 | 
| 0 | 0 | 0 | 0 | 
| 0 | 0 | 0 | 0 | 
| 0 | 0 | 0 | 0 | 
Q_V iter = 2685004



Original matrix A = U*S*V' = 
[[cMatrix]]
| 28.0013 | 163.109 | 16.149 | 
| -92.2624 | -4.15614 | 19.3763 | 
| 32.6817 | -23.1142 | 127.199 | 
===========================KABSCH SECTION==========================

Centroid of A = 
Vector contents:
| 3.88235 |
| 6 |
| 5.23529 |

Centroid of B = 
Vector contents:
| 7.0087 |
| -2.04112 |
| 5.01926 |

A - centroidA =
[[cMatrix]]
| -3.88235 | 0.117647 | 0.117647 | 0.117647 | 3.11765 | 2.11765 | -3.88235 | -3.88235 | 1.11765 | 3.11765 | 1.11765 | 1.11765 | -2.88235 | 2.11765 | 1.11765 | -2.88235 | 2.11765 | 
| 3 | 2 | -5 | 1 | 3 | 1 | -4 | -1 | 1 | 2 | -5 | 1 | 3 | -6 | 3 | -2 | 3 | 
| -3.23529 | 2.76471 | 3.76471 | -3.23529 | 2.76471 | 1.76471 | -1.23529 | -1.23529 | -0.235294 | -5.23529 | -2.23529 | 3.76471 | 0.764706 | -0.235294 | 3.76471 | 0.764706 | -3.23529 | 

B - centroidB =
[[cMatrix]]
| 2.12359 | 2.34385 | -4.42648 | 0.57727 | 3.64856 | 1.44055 | -4.51661 | -1.55926 | 1.07398 | 1.62171 | -5.10097 | 1.59451 | 2.75043 | -5.72018 | 3.56607 | -2.17847 | 2.76145 | 
| 3.17827 | 0.706668 | 0.447518 | -0.833402 | -2.12214 | -1.54384 | 3.1638 | 3.37973 | -1.06628 | -4.15157 | -1.9875 | -0.0875518 | 3.19007 | -2.53704 | 0.0563982 | 2.83019 | -2.6233 | 
| -4.46417 | 2.38 | 4.40372 | -3.23314 | 2.92367 | 2.03469 | -1.47962 | -1.93514 | -0.118805 | -4.61114 | -1.12943 | 3.72451 | -0.389005 | 1.17591 | 3.42083 | 0.370205 | -3.07315 | 

H = 
[[cMatrix]]
| 28.0013 | 163.109 | 16.149 | 
| -92.2624 | -4.15614 | 19.3763 | 
| 32.6817 | -23.1142 | 127.199 | 

Det of R = 0.999994

Rotation matrix = 
[[cMatrix]]
| 0.106305 | -0.966587 | 0.231245 | 
| 0.985775 | 0.071876 | -0.15177 | 
| 0.130236 | 0.245553 | 0.961101 | 

R * B = 
[[cMatrix]]
| 1.16452e-05 | 3.99512 | 3.99387 | 3.99793 | 6.99383 | 5.99456 | -0.00172191 | -0.00139416 | 4.996 | 6.9976 | 4.99632 | 4.99406 | 0.997604 | 5.99477 | 4.99428 | 0.997058 | 5.99721 | 
| 8.99988 | 8.00061 | 1.00082 | 7.00037 | 9.00093 | 7.00081 | 2.00012 | 5.00006 | 7.00062 | 8.0006 | 1.00067 | 7.00079 | 9.00016 | 0.000888953 | 9.00074 | 4.00028 | 9.00055 | 
| 2.00208 | 8.0018 | 9.00142 | 1.99876 | 7.99962 | 6.99966 | 4.00219 | 4.00256 | 4.99946 | -0.00439388 | 2.99774 | 9.0014 | 6.00326 | 4.99782 | 9.00164 | 6.00264 | 1.99748 | 

Translation matrix = 
Vector contents:
| 0.00369948 |
| -0.000523512 |
| -0.000302355 |

Result of the algorithm: 

R * B + t = A
[[cMatrix]]
| 0.00371112 | 3.99882 | 3.99757 | 4.00163 | 6.99753 | 5.99826 | 0.00197757 | 0.00230531 | 4.9997 | 7.0013 | 5.00002 | 4.99776 | 1.0013 | 5.99847 | 4.99798 | 1.00076 | 6.00091 | 
| 8.99935 | 8.00009 | 1.0003 | 6.99985 | 9.0004 | 7.00029 | 1.9996 | 4.99954 | 7.00009 | 8.00008 | 1.00015 | 7.00027 | 8.99964 | 0.000365441 | 9.00022 | 3.99975 | 9.00003 | 
| 2.00178 | 8.0015 | 9.00112 | 1.99846 | 7.99932 | 6.99936 | 4.00189 | 4.00226 | 4.99915 | -0.00469623 | 2.99743 | 9.00109 | 6.00296 | 4.99751 | 9.00134 | 6.00234 | 1.99717 | 

Original matrix A = 
[[cMatrix]]
| 0 | 4 | 4 | 4 | 7 | 6 | 0 | 0 | 5 | 7 | 5 | 5 | 1 | 6 | 5 | 1 | 6 | 
| 9 | 8 | 1 | 7 | 9 | 7 | 2 | 5 | 7 | 8 | 1 | 7 | 9 | 0 | 9 | 4 | 9 | 
| 2 | 8 | 9 | 2 | 8 | 7 | 4 | 4 | 5 | 0 | 3 | 9 | 6 | 5 | 9 | 6 | 2 | 

Transformed matrix B = 
[[cMatrix]]
| 9.13229 | 9.35255 | 2.58222 | 7.58597 | 10.6573 | 8.44925 | 2.49209 | 5.44944 | 8.08268 | 8.63041 | 1.90773 | 8.60321 | 9.75913 | 1.28852 | 10.5748 | 4.83023 | 9.77015 | 
| 1.13715 | -1.33445 | -1.5936 | -2.87452 | -4.16326 | -3.58496 | 1.12268 | 1.33861 | -3.1074 | -6.19269 | -4.02862 | -2.12867 | 1.14895 | -4.57816 | -1.98472 | 0.78907 | -4.66442 | 
| 0.55509 | 7.39926 | 9.42298 | 1.78612 | 7.94293 | 7.05395 | 3.53964 | 3.08412 | 4.90045 | 0.40812 | 3.88983 | 8.74377 | 4.63025 | 6.19517 | 8.44009 | 5.38946 | 1.94611 | 
