
Original matrix A = 
[[cMatrix]]
| 4 | 9 | 4 | 8 | 7 | 4 | 
| 9 | 8 | 5 | 3 | 3 | 8 | 
| 7 | 6 | 9 | 4 | 3 | 1 | 

Transformed matrix B = 
[[cMatrix]]
| 9.79547 | 11.3519 | 6.29486 | 6.49975 | 6.01611 | 8.93372 | 
| 0.39486 | 4.99459 | 2.66278 | 6.16443 | 5.12536 | -0.20073 | 
| -7.06349 | -5.21419 | -8.67666 | -2.95857 | -2.13005 | -1.07161 | 
===========================QR SECTION==========================
Vector x at 0 iter: 

Vector contents:
| 694.59 |
| -590.403 |
| -305.344 |
Alpha 961.388 at 0 iter: 

Vector u at 0 iter: 

Vector contents:
| 1655.98 |
| -590.403 |
| -305.344 |
Vector v at 0 iter: 

Vector contents:
| 0.928032 |
| -0.33087 |
| -0.171119 |
Q_tmp at 0 iter: 

[[cMatrix]]
| -0.722487 | 0.614115 | 0.317607 | 
| 0.614115 | 0.781051 | -0.113236 | 
| 0.317607 | -0.113236 | 0.941437 | 
Q_heap(0)

[[cMatrix]]
| -0.722487 | 0.614115 | 0.317607 | 
| 0.614115 | 0.781051 | -0.113236 | 
| 0.317607 | -0.113236 | 0.941437 | 
===========================QR SECTION==========================
Vector x at 1 iter: 

Vector contents:
| 659.309 |
| 111.487 |
Alpha 668.668 at 1 iter: 

Vector u at 1 iter: 

Vector contents:
| 1327.98 |
| 111.487 |
Vector v at 1 iter: 

Vector contents:
| 0.996495 |
| 0.0836582 |
Q_tmp at 1 iter: 

[[cMatrix]]
| -0.986003 | -0.16673 | 
| -0.16673 | 0.986003 | 
Q_heap(1)

[[cMatrix]]
| 1 | 0 | 0 | 
| 0 | -0.986003 | -0.16673 | 
| 0 | -0.16673 | 0.986003 | 
===========================QR SECTION==========================
Vector x at 0 iter: 

Vector contents:
| 1937.29 |
| -490.976 |
| 545.56 |
Alpha 2071.67 at 0 iter: 

Vector u at 0 iter: 

Vector contents:
| 4008.96 |
| -490.976 |
| 545.56 |
Vector v at 0 iter: 

Vector contents:
| 0.983651 |
| -0.120467 |
| 0.13386 |
Q_tmp at 0 iter: 

[[cMatrix]]
| -0.935138 | 0.236996 | -0.263344 | 
| 0.236996 | 0.970975 | 0.0322516 | 
| -0.263344 | 0.0322516 | 0.964163 | 
Q_heap(0)

[[cMatrix]]
| -0.935138 | 0.236996 | -0.263344 | 
| 0.236996 | 0.970975 | 0.0322516 | 
| -0.263344 | 0.0322516 | 0.964163 | 
===========================QR SECTION==========================
Vector x at 1 iter: 

Vector contents:
| 380.009 |
| 70.8176 |
Alpha 386.551 at 1 iter: 

Vector u at 1 iter: 

Vector contents:
| 766.56 |
| 70.8176 |
Vector v at 1 iter: 

Vector contents:
| 0.99576 |
| 0.0919919 |
Q_tmp at 1 iter: 

[[cMatrix]]
| -0.983075 | -0.183204 | 
| -0.183204 | 0.983075 | 
Q_heap(1)

[[cMatrix]]
| 1 | 0 | 0 | 
| 0 | -0.983075 | -0.183204 | 
| 0 | -0.183204 | 0.983075 | 
===========================QR SECTION==========================
Vector x at 0 iter: 

Vector contents:
| 2331.86 |
| 4.50555 |
| -363.126 |
Alpha 2359.97 at 0 iter: 

Vector u at 0 iter: 

Vector contents:
| 4691.82 |
| 4.50555 |
| -363.126 |
Vector v at 0 iter: 

Vector contents:
| 0.997018 |
| 0.000957435 |
| -0.0771647 |
Q_tmp at 0 iter: 

[[cMatrix]]
| -0.988089 | -0.00190916 | 0.153869 | 
| -0.00190916 | 0.999998 | 0.00014776 | 
| 0.153869 | 0.00014776 | 0.988091 | 
Q_heap(0)

[[cMatrix]]
| -0.988089 | -0.00190916 | 0.153869 | 
| -0.00190916 | 0.999998 | 0.00014776 | 
| 0.153869 | 0.00014776 | 0.988091 | 
===========================QR SECTION==========================
Vector x at 1 iter: 

Vector contents:
| 447.254 |
| -283.106 |
Alpha 529.325 at 1 iter: 

Vector u at 1 iter: 

Vector contents:
| 976.579 |
| -283.106 |
Vector v at 1 iter: 

Vector contents:
| 0.960456 |
| -0.278432 |
Q_tmp at 1 iter: 

[[cMatrix]]
| -0.844951 | 0.534843 | 
| 0.534843 | 0.844951 | 
Q_heap(1)

[[cMatrix]]
| 1 | 0 | 0 | 
| 0 | -0.844951 | 0.534843 | 
| 0 | 0.534843 | 0.844951 | 
===========================QR SECTION==========================
Vector x at 0 iter: 

Vector contents:
| 2418 |
| 139.261 |
| 136.014 |
Alpha 2425.82 at 0 iter: 

Vector u at 0 iter: 

Vector contents:
| 4843.81 |
| 139.261 |
| 136.014 |
Vector v at 0 iter: 

Vector contents:
| 0.999193 |
| 0.028727 |
| 0.0280574 |
Q_tmp at 0 iter: 

[[cMatrix]]
| -0.996775 | -0.0574077 | -0.0560694 | 
| -0.0574077 | 0.99835 | -0.00161201 | 
| -0.0560694 | -0.00161201 | 0.998426 | 
Q_heap(0)

[[cMatrix]]
| -0.996775 | -0.0574077 | -0.0560694 | 
| -0.0574077 | 0.99835 | -0.00161201 | 
| -0.0560694 | -0.00161201 | 0.998426 | 
===========================QR SECTION==========================
Vector x at 1 iter: 

Vector contents:
| 911.659 |
| 457.01 |
Alpha 1019.79 at 1 iter: 

Vector u at 1 iter: 

Vector contents:
| 1931.45 |
| 457.01 |
Vector v at 1 iter: 

Vector contents:
| 0.97313 |
| 0.230257 |
Q_tmp at 1 iter: 

[[cMatrix]]
| -0.893964 | -0.44814 | 
| -0.44814 | 0.893964 | 
Q_heap(1)

[[cMatrix]]
| 1 | 0 | 0 | 
| 0 | -0.893964 | -0.44814 | 
| 0 | -0.44814 | 0.893964 | 
===========================QR SECTION==========================
Vector x at 0 iter: 

Vector contents:
| 2441.93 |
| 99.7703 |
| -25.0274 |
Alpha 2444.1 at 0 iter: 

Vector u at 0 iter: 

Vector contents:
| 4886.03 |
| 99.7703 |
| -25.0274 |
Vector v at 0 iter: 

Vector contents:
| 0.999778 |
| 0.020415 |
| -0.00512111 |
Q_tmp at 0 iter: 

[[cMatrix]]
| -0.999114 | -0.0408209 | 0.01024 | 
| -0.0408209 | 0.999166 | 0.000209095 | 
| 0.01024 | 0.000209095 | 0.999948 | 
Q_heap(0)

[[cMatrix]]
| -0.999114 | -0.0408209 | 0.01024 | 
| -0.0408209 | 0.999166 | 0.000209095 | 
| 0.01024 | 0.000209095 | 0.999948 | 
===========================QR SECTION==========================
Vector x at 1 iter: 

Vector contents:
| 1232.2 |
| -197.785 |
Alpha 1247.97 at 1 iter: 

Vector u at 1 iter: 

Vector contents:
| 2480.17 |
| -197.785 |
Vector v at 1 iter: 

Vector contents:
| 0.996835 |
| -0.0794942 |
Q_tmp at 1 iter: 

[[cMatrix]]
| -0.987361 | 0.158485 | 
| 0.158485 | 0.987361 | 
Q_heap(1)

[[cMatrix]]
| 1 | 0 | 0 | 
| 0 | -0.987361 | 0.158485 | 
| 0 | 0.158485 | 0.987361 | 
===========================QR SECTION==========================
Vector x at 0 iter: 

Vector contents:
| 2448.53 |
| 53.5898 |
| 3.70712 |
Alpha 2449.12 at 0 iter: 

Vector u at 0 iter: 

Vector contents:
| 4897.64 |
| 53.5898 |
| 3.70712 |
Vector v at 0 iter: 

Vector contents:
| 0.99994 |
| 0.0109413 |
| 0.000756874 |
Q_tmp at 0 iter: 

[[cMatrix]]
| -0.999759 | -0.0218813 | -0.00151366 | 
| -0.0218813 | 0.999761 | -1.65624e-05 | 
| -0.00151366 | -1.65624e-05 | 0.999999 | 
Q_heap(0)

[[cMatrix]]
| -0.999759 | -0.0218813 | -0.00151366 | 
| -0.0218813 | 0.999761 | -1.65624e-05 | 
| -0.00151366 | -1.65624e-05 | 0.999999 | 
===========================QR SECTION==========================
Vector x at 1 iter: 

Vector contents:
| 1270.56 |
| 57.1956 |
Alpha 1271.84 at 1 iter: 

Vector u at 1 iter: 

Vector contents:
| 2542.4 |
| 57.1956 |
Vector v at 1 iter: 

Vector contents:
| 0.999747 |
| 0.022491 |
Q_tmp at 1 iter: 

[[cMatrix]]
| -0.998988 | -0.0449707 | 
| -0.0449707 | 0.998988 | 
Q_heap(1)

[[cMatrix]]
| 1 | 0 | 0 | 
| 0 | -0.998988 | -0.0449707 | 
| 0 | -0.0449707 | 0.998988 | 
===========================QR SECTION==========================
Vector x at 0 iter: 

Vector contents:
| 2450.32 |
| 27.9404 |
| -0.536594 |
Alpha 2450.48 at 0 iter: 

Vector u at 0 iter: 

Vector contents:
| 4900.8 |
| 27.9404 |
| -0.536594 |
Vector v at 0 iter: 

Vector contents:
| 0.999984 |
| 0.00570109 |
| -0.000109489 |
Q_tmp at 0 iter: 

[[cMatrix]]
| -0.999935 | -0.011402 | 0.000218975 | 
| -0.011402 | 0.999935 | 1.24842e-06 | 
| 0.000218975 | 1.24842e-06 | 1 | 
Q_heap(0)

[[cMatrix]]
| -0.999935 | -0.011402 | 0.000218975 | 
| -0.011402 | 0.999935 | 1.24842e-06 | 
| 0.000218975 | 1.24842e-06 | 1 | 
===========================QR SECTION==========================
Vector x at 1 iter: 

Vector contents:
| 1273.14 |
| -15.9286 |
Alpha 1273.24 at 1 iter: 

Vector u at 1 iter: 

Vector contents:
| 2546.38 |
| -15.9286 |
Vector v at 1 iter: 

Vector contents:
| 0.99998 |
| -0.00625527 |
Q_tmp at 1 iter: 

[[cMatrix]]
| -0.999922 | 0.0125103 | 
| 0.0125103 | 0.999922 | 
Q_heap(1)

[[cMatrix]]
| 1 | 0 | 0 | 
| 0 | -0.999922 | 0.0125103 | 
| 0 | 0.0125103 | 0.999922 | 
===========================QR SECTION==========================
Vector x at 0 iter: 

Vector contents:
| 2450.8 |
| 14.5219 |
| 0.0774989 |
Alpha 2450.85 at 0 iter: 

Vector u at 0 iter: 

Vector contents:
| 4901.65 |
| 14.5219 |
| 0.0774989 |
Vector v at 0 iter: 

Vector contents:
| 0.999996 |
| 0.00296265 |
| 1.58107e-05 |
Q_tmp at 0 iter: 

[[cMatrix]]
| -0.999982 | -0.00592528 | -3.16213e-05 | 
| -0.00592528 | 0.999982 | -9.36833e-08 | 
| -3.16213e-05 | -9.36833e-08 | 1 | 
Q_heap(0)

[[cMatrix]]
| -0.999982 | -0.00592528 | -3.16213e-05 | 
| -0.00592528 | 0.999982 | -9.36833e-08 | 
| -3.16213e-05 | -9.36833e-08 | 1 | 
===========================QR SECTION==========================
Vector x at 1 iter: 

Vector contents:
| 1273.2 |
| 4.42657 |
Alpha 1273.21 at 1 iter: 

Vector u at 1 iter: 

Vector contents:
| 2546.42 |
| 4.42657 |
Vector v at 1 iter: 

Vector contents:
| 0.999998 |
| 0.00173835 |
Q_tmp at 1 iter: 

[[cMatrix]]
| -0.999994 | -0.0034767 | 
| -0.0034767 | 0.999994 | 
Q_heap(1)

[[cMatrix]]
| 1 | 0 | 0 | 
| 0 | -0.999994 | -0.0034767 | 
| 0 | -0.0034767 | 0.999994 | 
===========================QR SECTION==========================
Vector x at 0 iter: 

Vector contents:
| 2450.93 |
| 7.54431 |
| -0.0111899 |
Alpha 2450.95 at 0 iter: 

Vector u at 0 iter: 

Vector contents:
| 4901.88 |
| 7.54431 |
| -0.0111899 |
Vector v at 0 iter: 

Vector contents:
| 0.999999 |
| 0.00153906 |
| -2.28277e-06 |
Q_tmp at 0 iter: 

[[cMatrix]]
| -0.999995 | -0.00307812 | 4.56553e-06 | 
| -0.00307812 | 0.999995 | 7.02664e-09 | 
| 4.56553e-06 | 7.02664e-09 | 1 | 
Q_heap(0)

[[cMatrix]]
| -0.999995 | -0.00307812 | 4.56553e-06 | 
| -0.00307812 | 0.999995 | 7.02664e-09 | 
| 4.56553e-06 | 7.02664e-09 | 1 | 
===========================QR SECTION==========================
Vector x at 1 iter: 

Vector contents:
| 1273.17 |
| -1.23023 |
Alpha 1273.17 at 1 iter: 

Vector u at 1 iter: 

Vector contents:
| 2546.34 |
| -1.23023 |
Vector v at 1 iter: 

Vector contents:
| 1 |
| -0.000483134 |
Q_tmp at 1 iter: 

[[cMatrix]]
| -1 | 0.000966268 | 
| 0.000966268 | 1 | 
Q_heap(1)

[[cMatrix]]
| 1 | 0 | 0 | 
| 0 | -1 | 0.000966268 | 
| 0 | 0.000966268 | 1 | 
===========================QR SECTION==========================
Vector x at 0 iter: 

Vector contents:
| 2450.97 |
| 3.91899 |
| 0.00161559 |
Alpha 2450.97 at 0 iter: 

Vector u at 0 iter: 

Vector contents:
| 4901.94 |
| 3.91899 |
| 0.00161559 |
Vector v at 0 iter: 

Vector contents:
| 1 |
| 0.000799477 |
| 3.29582e-07 |
Q_tmp at 0 iter: 

[[cMatrix]]
| -0.999999 | -0.00159895 | -6.59163e-07 | 
| -0.00159895 | 0.999999 | -5.26986e-10 | 
| -6.59163e-07 | -5.26986e-10 | 1 | 
Q_heap(0)

[[cMatrix]]
| -0.999999 | -0.00159895 | -6.59163e-07 | 
| -0.00159895 | 0.999999 | -5.26986e-10 | 
| -6.59163e-07 | -5.26986e-10 | 1 | 
===========================QR SECTION==========================
Vector x at 1 iter: 

Vector contents:
| 1273.16 |
| 0.341925 |
Alpha 1273.16 at 1 iter: 

Vector u at 1 iter: 

Vector contents:
| 2546.32 |
| 0.341925 |
Vector v at 1 iter: 

Vector contents:
| 1 |
| 0.000134282 |
Q_tmp at 1 iter: 

[[cMatrix]]
| -1 | -0.000268564 | 
| -0.000268564 | 1 | 
Q_heap(1)

[[cMatrix]]
| 1 | 0 | 0 | 
| 0 | -1 | -0.000268564 | 
| 0 | -0.000268564 | 1 | 
===========================QR SECTION==========================
Vector x at 0 iter: 

Vector contents:
| 2450.98 |
| 2.03572 |
| -0.000233256 |
Alpha 2450.98 at 0 iter: 

Vector u at 0 iter: 

Vector contents:
| 4901.96 |
| 2.03572 |
| -0.000233256 |
Vector v at 0 iter: 

Vector contents:
| 1 |
| 0.000415288 |
| -4.75843e-08 |
Q_tmp at 0 iter: 

[[cMatrix]]
| -1 | -0.000830575 | 9.51686e-08 | 
| -0.000830575 | 1 | 3.95223e-11 | 
| 9.51686e-08 | 3.95223e-11 | 1 | 
Q_heap(0)

[[cMatrix]]
| -1 | -0.000830575 | 9.51686e-08 | 
| -0.000830575 | 1 | 3.95223e-11 | 
| 9.51686e-08 | 3.95223e-11 | 1 | 
===========================QR SECTION==========================
Vector x at 1 iter: 

Vector contents:
| 1273.16 |
| -0.0950356 |
Alpha 1273.16 at 1 iter: 

Vector u at 1 iter: 

Vector contents:
| 2546.31 |
| -0.0950356 |
Vector v at 1 iter: 

Vector contents:
| 1 |
| -3.73228e-05 |
Q_tmp at 1 iter: 

[[cMatrix]]
| -1 | 7.46457e-05 | 
| 7.46457e-05 | 1 | 
Q_heap(1)

[[cMatrix]]
| 1 | 0 | 0 | 
| 0 | -1 | 7.46457e-05 | 
| 0 | 7.46457e-05 | 1 | 
===========================QR SECTION==========================
Vector x at 0 iter: 

Vector contents:
| 2450.98 |
| 1.05745 |
| 3.3677e-05 |
Alpha 2450.98 at 0 iter: 

Vector u at 0 iter: 

Vector contents:
| 4901.96 |
| 1.05745 |
| 3.3677e-05 |
Vector v at 0 iter: 

Vector contents:
| 1 |
| 0.00021572 |
| 6.87011e-09 |
Q_tmp at 0 iter: 

[[cMatrix]]
| -1 | -0.00043144 | -1.37402e-08 | 
| -0.00043144 | 1 | -2.96404e-12 | 
| -1.37402e-08 | -2.96404e-12 | 1 | 
Q_heap(0)

[[cMatrix]]
| -1 | -0.00043144 | -1.37402e-08 | 
| -0.00043144 | 1 | -2.96404e-12 | 
| -1.37402e-08 | -2.96404e-12 | 1 | 
===========================QR SECTION==========================
Vector x at 1 iter: 

Vector contents:
| 1273.15 |
| 0.0264146 |
Alpha 1273.15 at 1 iter: 

Vector u at 1 iter: 

Vector contents:
| 2546.31 |
| 0.0264146 |
Vector v at 1 iter: 

Vector contents:
| 1 |
| 1.03737e-05 |
Q_tmp at 1 iter: 

[[cMatrix]]
| -1 | -2.07474e-05 | 
| -2.07474e-05 | 1 | 
Q_heap(1)

[[cMatrix]]
| 1 | 0 | 0 | 
| 0 | -1 | -2.07474e-05 | 
| 0 | -2.07474e-05 | 1 | 
===========================QR SECTION==========================
Vector x at 0 iter: 

Vector contents:
| 2450.98 |
| 0.54929 |
| -4.86221e-06 |
Alpha 2450.98 at 0 iter: 

Vector u at 0 iter: 

Vector contents:
| 4901.96 |
| 0.54929 |
| -4.86221e-06 |
Vector v at 0 iter: 

Vector contents:
| 1 |
| 0.000112055 |
| -9.91891e-10 |
Q_tmp at 0 iter: 

[[cMatrix]]
| -1 | -0.00022411 | 1.98378e-09 | 
| -0.00022411 | 1 | 2.22293e-13 | 
| 1.98378e-09 | 2.22293e-13 | 1 | 
Q_heap(0)

[[cMatrix]]
| -1 | -0.00022411 | 1.98378e-09 | 
| -0.00022411 | 1 | 2.22293e-13 | 
| 1.98378e-09 | 2.22293e-13 | 1 | 
===========================QR SECTION==========================
Vector x at 1 iter: 

Vector contents:
| 1273.15 |
| -0.00734181 |
Alpha 1273.15 at 1 iter: 

Vector u at 1 iter: 

Vector contents:
| 2546.31 |
| -0.00734181 |
Vector v at 1 iter: 

Vector contents:
| 1 |
| -2.88331e-06 |
Q_tmp at 1 iter: 

[[cMatrix]]
| -1 | 5.76663e-06 | 
| 5.76663e-06 | 1 | 
Q_heap(1)

[[cMatrix]]
| 1 | 0 | 0 | 
| 0 | -1 | 5.76663e-06 | 
| 0 | 5.76663e-06 | 1 | 
===========================QR SECTION==========================
Vector x at 0 iter: 

Vector contents:
| 2450.98 |
| 0.285327 |
| 7.01995e-07 |
Alpha 2450.98 at 0 iter: 

Vector u at 0 iter: 

Vector contents:
| 4901.96 |
| 0.285327 |
| 7.01995e-07 |
Vector v at 0 iter: 

Vector contents:
| 1 |
| 5.82067e-05 |
| 1.43207e-10 |
Q_tmp at 0 iter: 

[[cMatrix]]
| -1 | -0.000116413 | -2.86414e-10 | 
| -0.000116413 | 1 | -1.66712e-14 | 
| -2.86414e-10 | -1.66712e-14 | 1 | 
Q_heap(0)

[[cMatrix]]
| -1 | -0.000116413 | -2.86414e-10 | 
| -0.000116413 | 1 | -1.66712e-14 | 
| -2.86414e-10 | -1.66712e-14 | 1 | 
===========================QR SECTION==========================
Vector x at 1 iter: 

Vector contents:
| 1273.15 |
| 0.00204062 |
Alpha 1273.15 at 1 iter: 

Vector u at 1 iter: 

Vector contents:
| 2546.31 |
| 0.00204062 |
Vector v at 1 iter: 

Vector contents:
| 1 |
| 8.01403e-07 |
Q_tmp at 1 iter: 

[[cMatrix]]
| -1 | -1.60281e-06 | 
| -1.60281e-06 | 1 | 
Q_heap(1)

[[cMatrix]]
| 1 | 0 | 0 | 
| 0 | -1 | -1.60281e-06 | 
| 0 | -1.60281e-06 | 1 | 
===========================QR SECTION==========================
Vector x at 0 iter: 

Vector contents:
| 2450.98 |
| 0.148212 |
| -1.01352e-07 |
Alpha 2450.98 at 0 iter: 

Vector u at 0 iter: 

Vector contents:
| 4901.96 |
| 0.148212 |
| -1.01352e-07 |
Vector v at 0 iter: 

Vector contents:
| 1 |
| 3.02353e-05 |
| -2.06759e-11 |
Q_tmp at 0 iter: 

[[cMatrix]]
| -1 | -6.04706e-05 | 4.13518e-11 | 
| -6.04706e-05 | 1 | 1.25028e-15 | 
| 4.13518e-11 | 1.25028e-15 | 1 | 
Q_heap(0)

[[cMatrix]]
| -1 | -6.04706e-05 | 4.13518e-11 | 
| -6.04706e-05 | 1 | 1.25028e-15 | 
| 4.13518e-11 | 1.25028e-15 | 1 | 
===========================QR SECTION==========================
Vector x at 1 iter: 

Vector contents:
| 1273.15 |
| -0.00056718 |
Alpha 1273.15 at 1 iter: 

Vector u at 1 iter: 

Vector contents:
| 2546.31 |
| -0.00056718 |
Vector v at 1 iter: 

Vector contents:
| 1 |
| -2.22746e-07 |
Q_tmp at 1 iter: 

[[cMatrix]]
| -1 | 4.45492e-07 | 
| 4.45492e-07 | 1 | 
Q_heap(1)

[[cMatrix]]
| 1 | 0 | 0 | 
| 0 | -1 | 4.45492e-07 | 
| 0 | 4.45492e-07 | 1 | 
===========================EIGEN SECTION==========================
Eigenvalue matrix after 14 iterations of the QR algorithm
[[cMatrix]]
| 2450.98 | 0.148212 | -1.01352e-07 | 
| 0.148212 | 1273.15 | -0.00056718 | 
| -1.01352e-07 | -0.00056718 | 353.867 | 
Eigenvector matrix Q_0:
[[cMatrix]]
| -0.722487 | -0.658474 | 0.21077 | 
| 0.614115 | -0.751238 | -0.241875 | 
| 0.317607 | -0.0453147 | 0.947139 | 
Eigenvector matrix after multiplying by Q_1:
[[cMatrix]]
| 0.464065 | 0.72199 | 0.5132 | 
| -0.688626 | 0.658469 | -0.303665 | 
| -0.557169 | -0.212483 | 0.802754 | 
Eigenvector matrix Q_1
[[cMatrix]]
| -0.935138 | -0.184739 | -0.302305 | 
| 0.236996 | -0.96045 | -0.14618 | 
| -0.263344 | -0.208344 | 0.941936 | 
Number of iterations: 14
Eigenvector matrix after multiplying by Q_2:
[[cMatrix]]
| -0.38095 | -0.299901 | 0.874606 | 
| 0.632443 | -0.774544 | 0.00988235 | 
| 0.674458 | 0.556903 | 0.484733 | 
Eigenvector matrix Q_2
[[cMatrix]]
| -0.988089 | 0.083909 | 0.128991 | 
| -0.00190916 | -0.844871 | 0.534967 | 
| 0.153869 | 0.528349 | 0.834968 | 
Number of iterations: 14
Eigenvector matrix after multiplying by Q_3:
[[cMatrix]]
| 0.3479 | -0.15175 | 0.925169 | 
| -0.586492 | 0.734653 | 0.341045 | 
| -0.731432 | -0.661254 | 0.166585 | 
Eigenvector matrix Q_3
[[cMatrix]]
| -0.996775 | 0.0764473 | -0.0243974 | 
| -0.0574077 | -0.891766 | -0.448841 | 
| -0.0560694 | -0.445993 | 0.893279 | 
Number of iterations: 14
Eigenvector matrix after multiplying by Q_4:
[[cMatrix]]
| -0.331923 | 0.310716 | 0.890664 | 
| 0.559476 | -0.695352 | 0.451079 | 
| 0.759482 | 0.648029 | 0.0569655 | 
Eigenvector matrix Q_4
[[cMatrix]]
| -0.999114 | 0.0419279 | 0.00364102 | 
| -0.0408209 | -0.986505 | 0.15856 | 
| 0.01024 | 0.15827 | 0.987343 | 
Number of iterations: 14
Eigenvector matrix after multiplying by Q_5:
[[cMatrix]]
| 0.323696 | -0.357644 | 0.875963 | 
| -0.544809 | 0.686472 | 0.481601 | 
| -0.773566 | -0.633125 | 0.0273607 | 
Eigenvector matrix Q_5
[[cMatrix]]
| -0.999759 | 0.0219272 | -0.000528109 | 
| -0.0218813 | -0.998748 | -0.0449765 | 
| -0.00151366 | -0.0449541 | 0.998988 | 
Number of iterations: 14
Eigenvector matrix after multiplying by Q_6:
[[cMatrix]]
| -0.319406 | 0.372242 | 0.871445 | 
| 0.537052 | -0.686562 | 0.49011 | 
| 0.78074 | 0.624555 | 0.0193787 | 
Eigenvector matrix Q_6
[[cMatrix]]
| -0.999935 | 0.0114038 | 7.63158e-05 | 
| -0.011402 | -0.999857 | 0.0125107 | 
| 0.000218975 | 0.012509 | 0.999922 | 
Number of iterations: 14
Eigenvector matrix after multiplying by Q_7:
[[cMatrix]]
| 0.317167 | -0.377155 | 0.870149 | 
| -0.53299 | 0.688024 | 0.492489 | 
| -0.784428 | -0.619982 | 0.0171986 | 
Eigenvector matrix Q_7
[[cMatrix]]
| -0.999982 | 0.00592535 | -1.10207e-05 | 
| -0.00592528 | -0.999976 | -0.00347673 | 
| -3.16213e-05 | -0.00347661 | 0.999994 | 
Number of iterations: 14
Eigenvector matrix after multiplying by Q_8:
[[cMatrix]]
| -0.316 | 0.37897 | 0.869785 | 
| 0.530872 | -0.689185 | 0.493152 | 
| 0.786333 | 0.61758 | 0.0165983 | 
Eigenvector matrix Q_8
[[cMatrix]]
| -0.999995 | 0.00307813 | 1.59123e-06 | 
| -0.00307812 | -0.999995 | 0.000966271 | 
| 4.56553e-06 | 0.000966261 | 1 | 
Number of iterations: 14
Eigenvector matrix after multiplying by Q_9:
[[cMatrix]]
| 0.315394 | -0.379709 | 0.869683 | 
| -0.529769 | 0.689901 | 0.493337 | 
| -0.787319 | -0.616327 | 0.0164322 | 
Eigenvector matrix Q_9
[[cMatrix]]
| -0.999999 | 0.00159895 | -2.29742e-07 | 
| -0.00159895 | -0.999999 | -0.000268564 | 
| -6.59163e-07 | -0.000268564 | 1 | 
Number of iterations: 14
Eigenvector matrix after multiplying by Q_10:
[[cMatrix]]
| -0.315078 | 0.380035 | 0.869655 | 
| 0.529196 | -0.690303 | 0.493389 | 
| 0.787831 | 0.615674 | 0.0163862 | 
Eigenvector matrix Q_10
[[cMatrix]]
| -1 | 0.000830575 | 3.31697e-08 | 
| -0.000830575 | -1 | 7.46457e-05 | 
| 9.51686e-08 | 7.46456e-05 | 1 | 
Number of iterations: 14
Eigenvector matrix after multiplying by Q_11:
[[cMatrix]]
| 0.314914 | -0.380189 | 0.869647 | 
| -0.528898 | 0.690521 | 0.493403 | 
| -0.788096 | -0.615334 | 0.0163734 | 
Eigenvector matrix Q_11
[[cMatrix]]
| -1 | 0.00043144 | -4.78897e-09 | 
| -0.00043144 | -1 | -2.07474e-05 | 
| -1.37402e-08 | -2.07474e-05 | 1 | 
Number of iterations: 14
Eigenvector matrix after multiplying by Q_12:
[[cMatrix]]
| -0.314829 | 0.380265 | 0.869644 | 
| 0.528744 | -0.690637 | 0.493407 | 
| 0.788234 | 0.615158 | 0.0163699 | 
Eigenvector matrix Q_12
[[cMatrix]]
| -1 | 0.00022411 | 6.91421e-10 | 
| -0.00022411 | -1 | 5.76663e-06 | 
| 1.98378e-09 | 5.76663e-06 | 1 | 
Number of iterations: 14
Eigenvector matrix after multiplying by Q_13:
[[cMatrix]]
| 0.314785 | -0.380303 | 0.869644 | 
| -0.528663 | 0.690698 | 0.493408 | 
| -0.788306 | -0.615066 | 0.0163689 | 
Eigenvector matrix Q_13
[[cMatrix]]
| -1 | 0.000116413 | -9.98258e-11 | 
| -0.000116413 | -1 | -1.60281e-06 | 
| -2.86414e-10 | -1.60281e-06 | 1 | 
Number of iterations: 14
Eigenvector matrix after multiplying by Q_14:
[[cMatrix]]
| -0.314762 | 0.380322 | 0.869644 | 
| 0.528621 | -0.69073 | 0.493408 | 
| 0.788343 | 0.615018 | 0.0163686 | 
Eigenvector matrix Q_14
[[cMatrix]]
| -1 | 6.04706e-05 | 1.44126e-11 | 
| -6.04706e-05 | -1 | 4.45492e-07 | 
| 4.13518e-11 | 4.45492e-07 | 1 | 
Number of iterations: 14
===========================SVD SECTION==========================
A*A' = 
[[cMatrix]]
| 694.59 | -590.403 | -305.344 | 
| -590.403 | 1378.43 | 483.4 | 
| -305.344 | 483.4 | 2004.98 | 

Eigenvectors of A*A' (U) = 

[[cMatrix]]
| -0.314762 | 0.380322 | 0.869644 | 
| 0.528621 | -0.69073 | 0.493408 | 
| 0.788343 | 0.615018 | 0.0163686 | 

Singular values of A'*A (S) = 

[[cMatrix]]
| 49.5074 | 0 | 0 | 
| 0 | 35.6813 | 0 | 
| 0 | 0 | 18.8114 | 

Eigenvectors of A'*A (V) = 

[[cMatrix]]
| 0.424312 | -0.313887 | 0.849366 | 
| -0.597455 | 0.607773 | 0.523095 | 
| -0.680446 | -0.729443 | 0.0703511 | 


Q_U = 
[[cMatrix]]
| -1 | 6.04706e-05 | 1.44126e-11 | 
| -6.04706e-05 | -1 | 4.45492e-07 | 
| 4.13518e-11 | 4.45492e-07 | 1 | 
Q_U iter = 14
Q_V = 
[[cMatrix]]
| 0 | 0 | 0 | 0 | 
| 0 | 0 | 0 | 0 | 
| 0 | 0 | 0 | 0 | 
| 0 | 0 | 0 | 0 | 
Q_V iter = 2685004



Original matrix A = U*S*V' = 
[[cMatrix]]
| 3.0233 | 26.1153 | 1.85546 | 
| 26.7242 | -25.7598 | 0.8232 | 
| 9.93376 | -9.81955 | -42.5427 | 
===========================KABSCH SECTION==========================

Centroid of A = 
Vector contents:
| 6 |
| 6 |
| 5 |

Centroid of B = 
Vector contents:
| 8.14864 |
| 3.19022 |
| -4.5191 |

A - centroidA =
[[cMatrix]]
| -2 | 3 | -2 | 2 | 1 | -2 | 
| 3 | 2 | -1 | -3 | -3 | 2 | 
| 2 | 1 | 4 | -1 | -2 | -4 | 

B - centroidB =
[[cMatrix]]
| 1.64683 | 3.20329 | -1.85378 | -1.64889 | -2.13253 | 0.78508 | 
| -2.79536 | 1.80437 | -0.527435 | 2.97422 | 1.93514 | -3.39095 | 
| -2.54439 | -0.695095 | -4.15756 | 1.56053 | 2.38905 | 3.44749 | 

H = 
[[cMatrix]]
| 3.0233 | 26.1153 | 1.85546 | 
| 26.7242 | -25.7598 | 0.8232 | 
| 9.93376 | -9.81955 | -42.5427 | 

Det of R = 1

Rotation matrix = 
[[cMatrix]]
| 0.485711 | 0.860196 | 0.15536 | 
| 0.874111 | -0.477535 | -0.0886463 | 
| -0.00206496 | 0.178862 | -0.983894 | 

R * B = 
[[cMatrix]]
| 4.00004 | 9 | 3.99999 | 7.99997 | 6.99998 | 4.00005 | 
| 8.99992 | 7.99998 | 4.99999 | 3.00004 | 3.00003 | 7.99992 | 
| 7.00012 | 6.00011 | 9.00018 | 4.00008 | 3.00005 | 1 | 

Translation matrix = 
Vector contents:
| -5.76348e-06 |
| 1.92649e-05 |
| -9.08925e-05 |

Result of the algorithm: 

R * B + t = A
[[cMatrix]]
| 4.00003 | 9 | 3.99998 | 7.99997 | 6.99997 | 4.00004 | 
| 8.99994 | 8 | 5.00001 | 3.00006 | 3.00005 | 7.99994 | 
| 7.00003 | 6.00002 | 9.00009 | 3.99999 | 2.99996 | 0.999909 | 

Original matrix A = 
[[cMatrix]]
| 4 | 9 | 4 | 8 | 7 | 4 | 
| 9 | 8 | 5 | 3 | 3 | 8 | 
| 7 | 6 | 9 | 4 | 3 | 1 | 

Transformed matrix B = 
[[cMatrix]]
| 9.79547 | 11.3519 | 6.29486 | 6.49975 | 6.01611 | 8.93372 | 
| 0.39486 | 4.99459 | 2.66278 | 6.16443 | 5.12536 | -0.20073 | 
| -7.06349 | -5.21419 | -8.67666 | -2.95857 | -2.13005 | -1.07161 | 
