
Original matrix A = 
[[cMatrix]]
| 8 | 3 | 7 | 0 | 8 | 8 | 4 | 5 | 
| 6 | 0 | 0 | 9 | 7 | 9 | 8 | 5 | 
| 2 | 4 | 2 | 6 | 2 | 5 | 6 | 1 | 

Transformed matrix B = 
[[cMatrix]]
| -7.18555 | -4.9297 | -6.45368 | -4.1409 | -7.18666 | -9.25434 | -7.04076 | -4.32023 | 
| 6.58285 | -0.7163 | 2.87323 | 0.96481 | 7.10319 | 6.28473 | 2.79456 | 4.91964 | 
| -3.00566 | -0.4301 | 1.75912 | -9.94596 | -3.85961 | -6.69771 | -7.65625 | -2.8518 | 
===========================QR SECTION==========================
Vector x at 0 iter: 

Vector contents:
| 945.661 |
| -1713.77 |
| 457.305 |
Alpha 2010.08 at 0 iter: 

Vector u at 0 iter: 

Vector contents:
| 2955.74 |
| -1713.77 |
| 457.305 |
Vector v at 0 iter: 

Vector contents:
| 0.857456 |
| -0.497162 |
| 0.132664 |
Q_tmp at 0 iter: 

[[cMatrix]]
| -0.47046 | 0.852589 | -0.227506 | 
| 0.852589 | 0.505659 | 0.131911 | 
| -0.227506 | 0.131911 | 0.964801 | 
Q_heap(0)

[[cMatrix]]
| -0.47046 | 0.852589 | -0.227506 | 
| 0.852589 | 0.505659 | 0.131911 | 
| -0.227506 | 0.131911 | 0.964801 | 
===========================QR SECTION==========================
Vector x at 1 iter: 

Vector contents:
| 319.378 |
| 331.264 |
Alpha 460.15 at 1 iter: 

Vector u at 1 iter: 

Vector contents:
| 779.529 |
| 331.264 |
Vector v at 1 iter: 

Vector contents:
| 0.920346 |
| 0.391105 |
Q_tmp at 1 iter: 

[[cMatrix]]
| -0.694074 | -0.719904 | 
| -0.719904 | 0.694074 | 
Q_heap(1)

[[cMatrix]]
| 1 | 0 | 0 | 
| 0 | -0.694074 | -0.719904 | 
| 0 | -0.719904 | 0.694074 | 
===========================QR SECTION==========================
Vector x at 0 iter: 

Vector contents:
| 5129.08 |
| 1539.68 |
| -1376.07 |
Alpha 5529.16 at 0 iter: 

Vector u at 0 iter: 

Vector contents:
| 10658.2 |
| 1539.68 |
| -1376.07 |
Vector v at 0 iter: 

Vector contents:
| 0.981744 |
| 0.141822 |
| -0.126752 |
Q_tmp at 0 iter: 

[[cMatrix]]
| -0.927641 | -0.278465 | 0.248875 | 
| -0.278465 | 0.959773 | 0.0359522 | 
| 0.248875 | 0.0359522 | 0.967868 | 
Q_heap(0)

[[cMatrix]]
| -0.927641 | -0.278465 | 0.248875 | 
| -0.278465 | 0.959773 | 0.0359522 | 
| 0.248875 | 0.0359522 | 0.967868 | 
===========================QR SECTION==========================
Vector x at 1 iter: 

Vector contents:
| 6004.48 |
| -3971.49 |
Alpha 7199.06 at 1 iter: 

Vector u at 1 iter: 

Vector contents:
| 13203.5 |
| -3971.49 |
Vector v at 1 iter: 

Vector contents:
| 0.957618 |
| -0.288042 |
Q_tmp at 1 iter: 

[[cMatrix]]
| -0.834064 | 0.551668 | 
| 0.551668 | 0.834064 | 
Q_heap(1)

[[cMatrix]]
| 1 | 0 | 0 | 
| 0 | -0.834064 | 0.551668 | 
| 0 | 0.551668 | 0.834064 | 
===========================QR SECTION==========================
Vector x at 0 iter: 

Vector contents:
| 7252.41 |
| 3237.91 |
| 34.979 |
Alpha 7942.47 at 0 iter: 

Vector u at 0 iter: 

Vector contents:
| 15194.9 |
| 3237.91 |
| 34.979 |
Vector v at 0 iter: 

Vector contents:
| 0.978038 |
| 0.208413 |
| 0.00225147 |
Q_tmp at 0 iter: 

[[cMatrix]]
| -0.913118 | -0.407671 | -0.00440404 | 
| -0.407671 | 0.913128 | -0.000938468 | 
| -0.00440404 | -0.000938468 | 0.99999 | 
Q_heap(0)

[[cMatrix]]
| -0.913118 | -0.407671 | -0.00440404 | 
| -0.407671 | 0.913128 | -0.000938468 | 
| -0.00440404 | -0.000938468 | 0.99999 | 
===========================QR SECTION==========================
Vector x at 1 iter: 

Vector contents:
| 6092.12 |
| 48.9514 |
Alpha 6092.31 at 1 iter: 

Vector u at 1 iter: 

Vector contents:
| 12184.4 |
| 48.9514 |
Vector v at 1 iter: 

Vector contents:
| 0.999992 |
| 0.00401751 |
Q_tmp at 1 iter: 

[[cMatrix]]
| -0.999968 | -0.00803495 | 
| -0.00803495 | 0.999968 | 
Q_heap(1)

[[cMatrix]]
| 1 | 0 | 0 | 
| 0 | -0.999968 | -0.00803495 | 
| 0 | -0.00803495 | 0.999968 | 
===========================QR SECTION==========================
Vector x at 0 iter: 

Vector contents:
| 9807.2 |
| 2483.89 |
| -0.509184 |
Alpha 10116.9 at 0 iter: 

Vector u at 0 iter: 

Vector contents:
| 19924.1 |
| 2483.89 |
| -0.509184 |
Vector v at 0 iter: 

Vector contents:
| 0.992318 |
| 0.12371 |
| -2.53599e-05 |
Q_tmp at 0 iter: 

[[cMatrix]]
| -0.969392 | -0.245519 | 5.03302e-05 | 
| -0.245519 | 0.969392 | 6.27455e-06 | 
| 5.03302e-05 | 6.27455e-06 | 1 | 
Q_heap(0)

[[cMatrix]]
| -0.969392 | -0.245519 | 5.03302e-05 | 
| -0.245519 | 0.969392 | 6.27455e-06 | 
| 5.03302e-05 | 6.27455e-06 | 1 | 
===========================QR SECTION==========================
Vector x at 1 iter: 

Vector contents:
| 4783.08 |
| -0.66055 |
Alpha 4783.08 at 1 iter: 

Vector u at 1 iter: 

Vector contents:
| 9566.16 |
| -0.66055 |
Vector v at 1 iter: 

Vector contents:
| 1 |
| -6.90507e-05 |
Q_tmp at 1 iter: 

[[cMatrix]]
| -1 | 0.000138101 | 
| 0.000138101 | 1 | 
Q_heap(1)

[[cMatrix]]
| 1 | 0 | 0 | 
| 0 | -1 | 0.000138101 | 
| 0 | 0.000138101 | 1 | 
===========================QR SECTION==========================
Vector x at 0 iter: 

Vector contents:
| 10733.7 |
| 1174.34 |
| 0.00581884 |
Alpha 10797.8 at 0 iter: 

Vector u at 0 iter: 

Vector contents:
| 21531.5 |
| 1174.34 |
| 0.00581884 |
Vector v at 0 iter: 

Vector contents:
| 0.998516 |
| 0.0544596 |
| 2.69847e-07 |
Q_tmp at 0 iter: 

[[cMatrix]]
| -0.994068 | -0.108758 | -5.38893e-07 | 
| -0.108758 | 0.994068 | -2.93915e-08 | 
| -5.38893e-07 | -2.93915e-08 | 1 | 
Q_heap(0)

[[cMatrix]]
| -0.994068 | -0.108758 | -5.38893e-07 | 
| -0.108758 | 0.994068 | -2.93915e-08 | 
| -5.38893e-07 | -2.93915e-08 | 1 | 
===========================QR SECTION==========================
Vector x at 1 iter: 

Vector contents:
| 4481.46 |
| 0.0144718 |
Alpha 4481.46 at 1 iter: 

Vector u at 1 iter: 

Vector contents:
| 8962.91 |
| 0.0144718 |
Vector v at 1 iter: 

Vector contents:
| 1 |
| 1.61463e-06 |
Q_tmp at 1 iter: 

[[cMatrix]]
| -1 | -3.22926e-06 | 
| -3.22926e-06 | 1 | 
Q_heap(1)

[[cMatrix]]
| 1 | 0 | 0 | 
| 0 | -1 | -3.22926e-06 | 
| 0 | -3.22926e-06 | 1 | 
===========================QR SECTION==========================
Vector x at 0 iter: 

Vector contents:
| 10915.5 |
| 487.392 |
| -6.23031e-05 |
Alpha 10926.4 at 0 iter: 

Vector u at 0 iter: 

Vector contents:
| 21841.9 |
| 487.392 |
| -6.23031e-05 |
Vector v at 0 iter: 

Vector contents:
| 0.999751 |
| 0.022309 |
| -2.85175e-09 |
Q_tmp at 0 iter: 

[[cMatrix]]
| -0.999005 | -0.0446068 | 5.70207e-09 | 
| -0.0446068 | 0.999005 | 1.27239e-10 | 
| 5.70207e-09 | 1.27239e-10 | 1 | 
Q_heap(0)

[[cMatrix]]
| -0.999005 | -0.0446068 | 5.70207e-09 | 
| -0.0446068 | 0.999005 | 1.27239e-10 | 
| 5.70207e-09 | 1.27239e-10 | 1 | 
===========================QR SECTION==========================
Vector x at 1 iter: 

Vector contents:
| 4428.7 |
| -0.000366602 |
Alpha 4428.7 at 1 iter: 

Vector u at 1 iter: 

Vector contents:
| 8857.4 |
| -0.000366602 |
Vector v at 1 iter: 

Vector contents:
| 1 |
| -4.13893e-08 |
Q_tmp at 1 iter: 

[[cMatrix]]
| -1 | 8.27787e-08 | 
| 8.27787e-08 | 1 | 
Q_heap(1)

[[cMatrix]]
| 1 | 0 | 0 | 
| 0 | -1 | 8.27787e-08 | 
| 0 | 8.27787e-08 | 1 | 
===========================QR SECTION==========================
Vector x at 0 iter: 

Vector contents:
| 10946.1 |
| 197.55 |
| 6.59235e-07 |
Alpha 10947.9 at 0 iter: 

Vector u at 0 iter: 

Vector contents:
| 21894 |
| 197.55 |
| 6.59235e-07 |
Vector v at 0 iter: 

Vector contents:
| 0.999959 |
| 0.00902266 |
| 3.01091e-11 |
Q_tmp at 0 iter: 

[[cMatrix]]
| -0.999837 | -0.0180446 | -6.02157e-11 | 
| -0.0180446 | 0.999837 | -5.43328e-13 | 
| -6.02157e-11 | -5.43328e-13 | 1 | 
Q_heap(0)

[[cMatrix]]
| -0.999837 | -0.0180446 | -6.02157e-11 | 
| -0.0180446 | 0.999837 | -5.43328e-13 | 
| -6.02157e-11 | -5.43328e-13 | 1 | 
===========================QR SECTION==========================
Vector x at 1 iter: 

Vector contents:
| 4420 |
| 9.5413e-06 |
Alpha 4420 at 1 iter: 

Vector u at 1 iter: 

Vector contents:
| 8840.01 |
| 9.5413e-06 |
Vector v at 1 iter: 

Vector contents:
| 1 |
| 1.07933e-09 |
Q_tmp at 1 iter: 

[[cMatrix]]
| -1 | -2.15866e-09 | 
| -2.15866e-09 | 1 | 
Q_heap(1)

[[cMatrix]]
| 1 | 0 | 0 | 
| 0 | -1 | -2.15866e-09 | 
| 0 | -2.15866e-09 | 1 | 
===========================QR SECTION==========================
Vector x at 0 iter: 

Vector contents:
| 10951.1 |
| 79.7572 |
| -6.96173e-09 |
Alpha 10951.4 at 0 iter: 

Vector u at 0 iter: 

Vector contents:
| 21902.5 |
| 79.7572 |
| -6.96173e-09 |
Vector v at 0 iter: 

Vector contents:
| 0.999993 |
| 0.00364144 |
| -3.17849e-13 |
Q_tmp at 0 iter: 

[[cMatrix]]
| -0.999973 | -0.00728283 | 6.35693e-13 | 
| -0.00728283 | 0.999973 | 2.31485e-15 | 
| 6.35693e-13 | 2.31485e-15 | 1 | 
Q_heap(0)

[[cMatrix]]
| -0.999973 | -0.00728283 | 6.35693e-13 | 
| -0.00728283 | 0.999973 | 2.31485e-15 | 
| 6.35693e-13 | 2.31485e-15 | 1 | 
===========================QR SECTION==========================
Vector x at 1 iter: 

Vector contents:
| 4418.59 |
| -2.49446e-07 |
Alpha 4418.59 at 1 iter: 

Vector u at 1 iter: 

Vector contents:
| 8837.17 |
| -2.49446e-07 |
Vector v at 1 iter: 

Vector contents:
| 1 |
| -2.82269e-11 |
Q_tmp at 1 iter: 

[[cMatrix]]
| -1 | 5.64538e-11 | 
| 5.64538e-11 | 1 | 
Q_heap(1)

[[cMatrix]]
| 1 | 0 | 0 | 
| 0 | -1 | 5.64538e-11 | 
| 0 | 5.64538e-11 | 1 | 
===========================QR SECTION==========================
Vector x at 0 iter: 

Vector contents:
| 10951.9 |
| 32.1798 |
| 7.34945e-11 |
Alpha 10952 at 0 iter: 

Vector u at 0 iter: 

Vector contents:
| 21903.9 |
| 32.1798 |
| 7.34945e-11 |
Vector v at 0 iter: 

Vector contents:
| 0.999999 |
| 0.00146913 |
| 3.35531e-15 |
Q_tmp at 0 iter: 

[[cMatrix]]
| -0.999996 | -0.00293826 | -6.71062e-15 | 
| -0.00293826 | 0.999996 | -9.85881e-18 | 
| -6.71062e-15 | -9.85881e-18 | 1 | 
Q_heap(0)

[[cMatrix]]
| -0.999996 | -0.00293826 | -6.71062e-15 | 
| -0.00293826 | 0.999996 | -9.85881e-18 | 
| -6.71062e-15 | -9.85881e-18 | 1 | 
===========================QR SECTION==========================
Vector x at 1 iter: 

Vector contents:
| 4418.36 |
| 6.52628e-09 |
Alpha 4418.36 at 1 iter: 

Vector u at 1 iter: 

Vector contents:
| 8836.71 |
| 6.52628e-09 |
Vector v at 1 iter: 

Vector contents:
| 1 |
| 7.38542e-13 |
Q_tmp at 1 iter: 

[[cMatrix]]
| -1 | -1.47708e-12 | 
| -1.47708e-12 | 1 | 
Q_heap(1)

[[cMatrix]]
| 1 | 0 | 0 | 
| 0 | -1 | -1.47708e-12 | 
| 0 | -1.47708e-12 | 1 | 
===========================QR SECTION==========================
Vector x at 0 iter: 

Vector contents:
| 10952.1 |
| 12.9823 |
| -7.75836e-13 |
Alpha 10952.1 at 0 iter: 

Vector u at 0 iter: 

Vector contents:
| 21904.1 |
| 12.9823 |
| -7.75836e-13 |
Vector v at 0 iter: 

Vector contents:
| 1 |
| 0.000592687 |
| -3.54196e-17 |
Q_tmp at 0 iter: 

[[cMatrix]]
| -0.999999 | -0.00118537 | 7.08393e-17 | 
| -0.00118537 | 0.999999 | 4.19855e-20 | 
| 7.08393e-17 | 4.19855e-20 | 1 | 
Q_heap(0)

[[cMatrix]]
| -0.999999 | -0.00118537 | 7.08393e-17 | 
| -0.00118537 | 0.999999 | 4.19855e-20 | 
| 7.08393e-17 | 4.19855e-20 | 1 | 
===========================QR SECTION==========================
Vector x at 1 iter: 

Vector contents:
| 4418.32 |
| -1.70768e-10 |
Alpha 4418.32 at 1 iter: 

Vector u at 1 iter: 

Vector contents:
| 8836.64 |
| -1.70768e-10 |
Vector v at 1 iter: 

Vector contents:
| 1 |
| -1.9325e-14 |
Q_tmp at 1 iter: 

[[cMatrix]]
| -1 | 3.865e-14 | 
| 3.865e-14 | 1 | 
Q_heap(1)

[[cMatrix]]
| 1 | 0 | 0 | 
| 0 | -1 | 3.865e-14 | 
| 0 | 3.865e-14 | 1 | 
===========================QR SECTION==========================
Vector x at 0 iter: 

Vector contents:
| 10952.1 |
| 5.23736 |
| 8.18996e-15 |
Alpha 10952.1 at 0 iter: 

Vector u at 0 iter: 

Vector contents:
| 21904.2 |
| 5.23736 |
| 8.18996e-15 |
Vector v at 0 iter: 

Vector contents:
| 1 |
| 0.000239103 |
| 3.73899e-19 |
Q_tmp at 0 iter: 

[[cMatrix]]
| -1 | -0.000478207 | -7.47799e-19 | 
| -0.000478207 | 1 | -1.78801e-22 | 
| -7.47799e-19 | -1.78801e-22 | 1 | 
Q_heap(0)

[[cMatrix]]
| -1 | -0.000478207 | -7.47799e-19 | 
| -0.000478207 | 1 | -1.78801e-22 | 
| -7.47799e-19 | -1.78801e-22 | 1 | 
===========================QR SECTION==========================
Vector x at 1 iter: 

Vector contents:
| 4418.31 |
| 4.46845e-12 |
Alpha 4418.31 at 1 iter: 

Vector u at 1 iter: 

Vector contents:
| 8836.62 |
| 4.46845e-12 |
Vector v at 1 iter: 

Vector contents:
| 1 |
| 5.05673e-16 |
Q_tmp at 1 iter: 

[[cMatrix]]
| -1 | -1.01135e-15 | 
| -1.01135e-15 | 1 | 
Q_heap(1)

[[cMatrix]]
| 1 | 0 | 0 | 
| 0 | -1 | -1.01135e-15 | 
| 0 | -1.01135e-15 | 1 | 
===========================QR SECTION==========================
Vector x at 0 iter: 

Vector contents:
| 10952.1 |
| 2.11287 |
| -8.64554e-17 |
Alpha 10952.1 at 0 iter: 

Vector u at 0 iter: 

Vector contents:
| 21904.2 |
| 2.11287 |
| -8.64554e-17 |
Vector v at 0 iter: 

Vector contents:
| 1 |
| 9.64595e-05 |
| -3.94698e-21 |
Q_tmp at 0 iter: 

[[cMatrix]]
| -1 | -0.000192919 | 7.89397e-21 | 
| -0.000192919 | 1 | 7.61449e-25 | 
| 7.89397e-21 | 7.61449e-25 | 1 | 
Q_heap(0)

[[cMatrix]]
| -1 | -0.000192919 | 7.89397e-21 | 
| -0.000192919 | 1 | 7.61449e-25 | 
| 7.89397e-21 | 7.61449e-25 | 1 | 
===========================QR SECTION==========================
Vector x at 1 iter: 

Vector contents:
| 4418.31 |
| -1.16925e-13 |
Alpha 4418.31 at 1 iter: 

Vector u at 1 iter: 

Vector contents:
| 8836.62 |
| -1.16925e-13 |
Vector v at 1 iter: 

Vector contents:
| 1 |
| -1.32319e-17 |
Q_tmp at 1 iter: 

[[cMatrix]]
| -1 | 2.64637e-17 | 
| 2.64637e-17 | 1 | 
Q_heap(1)

[[cMatrix]]
| 1 | 0 | 0 | 
| 0 | -1 | 2.64637e-17 | 
| 0 | 2.64637e-17 | 1 | 
===========================QR SECTION==========================
Vector x at 0 iter: 

Vector contents:
| 10952.1 |
| 0.852377 |
| 9.12647e-19 |
Alpha 10952.1 at 0 iter: 

Vector u at 0 iter: 

Vector contents:
| 21904.2 |
| 0.852377 |
| 9.12647e-19 |
Vector v at 0 iter: 

Vector contents:
| 1 |
| 3.89139e-05 |
| 4.16654e-23 |
Q_tmp at 0 iter: 

[[cMatrix]]
| -1 | -7.78278e-05 | -8.33309e-23 | 
| -7.78278e-05 | 1 | -3.24273e-27 | 
| -8.33309e-23 | -3.24273e-27 | 1 | 
Q_heap(0)

[[cMatrix]]
| -1 | -7.78278e-05 | -8.33309e-23 | 
| -7.78278e-05 | 1 | -3.24273e-27 | 
| -8.33309e-23 | -3.24273e-27 | 1 | 
===========================QR SECTION==========================
Vector x at 1 iter: 

Vector contents:
| 4418.31 |
| 3.05956e-15 |
Alpha 4418.31 at 1 iter: 

Vector u at 1 iter: 

Vector contents:
| 8836.62 |
| 3.05956e-15 |
Vector v at 1 iter: 

Vector contents:
| 1 |
| 3.46236e-19 |
Q_tmp at 1 iter: 

[[cMatrix]]
| -1 | -6.92472e-19 | 
| -6.92472e-19 | 1 | 
Q_heap(1)

[[cMatrix]]
| 1 | 0 | 0 | 
| 0 | -1 | -6.92472e-19 | 
| 0 | -6.92472e-19 | 1 | 
===========================QR SECTION==========================
Vector x at 0 iter: 

Vector contents:
| 10952.1 |
| 0.343867 |
| -9.63415e-21 |
Alpha 10952.1 at 0 iter: 

Vector u at 0 iter: 

Vector contents:
| 21904.2 |
| 0.343867 |
| -9.63415e-21 |
Vector v at 0 iter: 

Vector contents:
| 1 |
| 1.56987e-05 |
| -4.39832e-25 |
Q_tmp at 0 iter: 

[[cMatrix]]
| -1 | -3.13974e-05 | 8.79664e-25 | 
| -3.13974e-05 | 1 | 1.38096e-29 | 
| 8.79664e-25 | 1.38096e-29 | 1 | 
Q_heap(0)

[[cMatrix]]
| -1 | -3.13974e-05 | 8.79664e-25 | 
| -3.13974e-05 | 1 | 1.38096e-29 | 
| 8.79664e-25 | 1.38096e-29 | 1 | 
===========================QR SECTION==========================
Vector x at 1 iter: 

Vector contents:
| 4418.31 |
| -8.00589e-17 |
Alpha 4418.31 at 1 iter: 

Vector u at 1 iter: 

Vector contents:
| 8836.62 |
| -8.00589e-17 |
Vector v at 1 iter: 

Vector contents:
| 1 |
| -9.0599e-21 |
Q_tmp at 1 iter: 

[[cMatrix]]
| -1 | 1.81198e-20 | 
| 1.81198e-20 | 1 | 
Q_heap(1)

[[cMatrix]]
| 1 | 0 | 0 | 
| 0 | -1 | 1.81198e-20 | 
| 0 | 1.81198e-20 | 1 | 
===========================EIGEN SECTION==========================
Eigenvalue matrix after 13 iterations of the QR algorithm
[[cMatrix]]
| 10952.1 | 0.343867 | 2.72824e-16 | 
| 0.343867 | 4418.31 | -2.42771e-16 | 
| -9.63415e-21 | -8.00589e-17 | 115.613 | 
Eigenvector matrix Q_0:
[[cMatrix]]
| -0.47046 | -0.427978 | -0.771688 | 
| 0.852589 | -0.445928 | -0.27247 | 
| -0.227506 | -0.786119 | 0.57468 | 
Eigenvector matrix after multiplying by Q_1:
[[cMatrix]]
| 0.363541 | -0.228644 | -0.903084 | 
| -0.734533 | 0.525891 | -0.428836 | 
| 0.572974 | 0.819244 | 0.0232368 | 
Eigenvector matrix Q_1
[[cMatrix]]
| -0.927641 | 0.369554 | 0.0539578 | 
| -0.278465 | -0.780679 | 0.559462 | 
| 0.248875 | 0.503955 | 0.827098 | 
Number of iterations: 13
Eigenvector matrix after multiplying by Q_2:
[[cMatrix]]
| -0.234767 | 0.363394 | -0.90157 | 
| 0.458213 | -0.776608 | -0.432344 | 
| -0.857278 | -0.514612 | 0.01581 | 
Eigenvector matrix Q_2
[[cMatrix]]
| -0.913118 | 0.407693 | -0.00112828 | 
| -0.407671 | -0.913091 | -0.00827538 | 
| -0.00440404 | -0.00709643 | 0.999965 | 
Number of iterations: 13
Eigenvector matrix after multiplying by Q_3:
[[cMatrix]]
| 0.138316 | -0.41003 | -0.901523 | 
| -0.253537 | 0.86528 | -0.432445 | 
| 0.957386 | 0.288384 | 0.0157238 | 
Eigenvector matrix Q_3
[[cMatrix]]
| -0.969392 | 0.245519 | 1.64237e-05 | 
| -0.245519 | -0.969392 | 0.000140149 | 
| 5.03302e-05 | 0.000131827 | 1 | 
Number of iterations: 13
Eigenvector matrix after multiplying by Q_4:
[[cMatrix]]
| -0.0929009 | 0.422644 | -0.901522 | 
| 0.157928 | -0.88772 | -0.432448 | 
| -0.983071 | -0.18255 | 0.0157227 | 
Eigenvector matrix Q_4
[[cMatrix]]
| -0.994068 | 0.108758 | -1.87686e-07 | 
| -0.108758 | -0.994068 | -3.2395e-06 | 
| -5.38893e-07 | -3.19987e-06 | 1 | 
Number of iterations: 13
Eigenvector matrix after multiplying by Q_5:
[[cMatrix]]
| 0.0739556 | -0.426367 | -0.901522 | 
| -0.118172 | 0.893881 | -0.432448 | 
| 0.990235 | 0.138517 | 0.0157227 | 
Eigenvector matrix Q_5
[[cMatrix]]
| -0.999005 | 0.0446068 | 2.00958e-09 | 
| -0.0446068 | -0.999005 | 8.28235e-08 | 
| 5.70207e-09 | 8.26514e-08 | 1 | 
Number of iterations: 13
Eigenvector matrix after multiplying by Q_6:
[[cMatrix]]
| -0.0662499 | 0.427632 | -0.901522 | 
| 0.102023 | -0.895868 | -0.432448 | 
| -0.992574 | -0.120626 | 0.0157227 | 
Eigenvector matrix Q_6
[[cMatrix]]
| -0.999837 | 0.0180446 | -2.12635e-11 | 
| -0.0180446 | -0.999837 | -2.15885e-09 | 
| -6.02157e-11 | -2.15812e-09 | 1 | 
Number of iterations: 13
Eigenvector matrix after multiplying by Q_7:
[[cMatrix]]
| 0.0631338 | -0.428103 | -0.901522 | 
| -0.0954963 | 0.896588 | -0.432448 | 
| 0.993426 | 0.113394 | 0.0157227 | 
Eigenvector matrix Q_7
[[cMatrix]]
| -0.999973 | 0.00728283 | 2.2455e-13 | 
| -0.00728283 | -0.999973 | 5.64546e-11 | 
| 6.35693e-13 | 5.64515e-11 | 1 | 
Number of iterations: 13
Eigenvector matrix after multiplying by Q_8:
[[cMatrix]]
| -0.0618756 | 0.428287 | -0.901522 | 
| 0.0928615 | -0.896864 | -0.432448 | 
| -0.993755 | -0.110475 | 0.0157227 | 
Eigenvector matrix Q_8
[[cMatrix]]
| -0.999996 | 0.00293826 | -2.37056e-15 | 
| -0.00293826 | -0.999996 | -1.47709e-12 | 
| -6.71062e-15 | -1.47707e-12 | 1 | 
Number of iterations: 13
Eigenvector matrix after multiplying by Q_9:
[[cMatrix]]
| 0.0613679 | -0.42836 | -0.901522 | 
| -0.0917983 | 0.896974 | -0.432448 | 
| 0.993885 | 0.109297 | 0.0157227 | 
Eigenvector matrix Q_9
[[cMatrix]]
| -0.999999 | 0.00118537 | 2.50245e-17 | 
| -0.00118537 | -0.999999 | 3.86501e-14 | 
| 7.08393e-17 | 3.865e-14 | 1 | 
Number of iterations: 13
Eigenvector matrix after multiplying by Q_10:
[[cMatrix]]
| -0.0611631 | 0.428389 | -0.901522 | 
| 0.0913694 | -0.897018 | -0.432448 | 
| -0.993937 | -0.108821 | 0.0157227 | 
Eigenvector matrix Q_10
[[cMatrix]]
| -1 | 0.000478207 | -2.64166e-19 | 
| -0.000478207 | -1 | -1.01135e-15 | 
| -7.47799e-19 | -1.01135e-15 | 1 | 
Number of iterations: 13
Eigenvector matrix after multiplying by Q_11:
[[cMatrix]]
| 0.0610804 | -0.428401 | -0.901522 | 
| -0.0911963 | 0.897035 | -0.432448 | 
| 0.993958 | 0.10863 | 0.0157227 | 
Eigenvector matrix Q_11
[[cMatrix]]
| -1 | 0.000192919 | 2.78861e-21 | 
| -0.000192919 | -1 | 2.64637e-17 | 
| 7.89397e-21 | 2.64637e-17 | 1 | 
Number of iterations: 13
Eigenvector matrix after multiplying by Q_12:
[[cMatrix]]
| -0.0610471 | 0.428406 | -0.901522 | 
| 0.0911265 | -0.897042 | -0.432448 | 
| -0.993966 | -0.108552 | 0.0157227 | 
Eigenvector matrix Q_12
[[cMatrix]]
| -1 | 7.78278e-05 | -2.94373e-23 | 
| -7.78278e-05 | -1 | -6.92472e-19 | 
| -8.33309e-23 | -6.92472e-19 | 1 | 
Number of iterations: 13
Eigenvector matrix after multiplying by Q_13:
[[cMatrix]]
| 0.0610336 | -0.428408 | -0.901522 | 
| -0.0910983 | 0.897045 | -0.432448 | 
| 0.99397 | 0.108521 | 0.0157227 | 
Eigenvector matrix Q_13
[[cMatrix]]
| -1 | 3.13974e-05 | 3.10748e-25 | 
| -3.13974e-05 | -1 | 1.81198e-20 | 
| 8.79664e-25 | 1.81198e-20 | 1 | 
Number of iterations: 13
===========================SVD SECTION==========================
A*A' = 
[[cMatrix]]
| 945.661 | -1713.77 | 457.305 | 
| -1713.77 | 3667.86 | -562.249 | 
| 457.305 | -562.249 | 10872.5 | 

Eigenvectors of A*A' (U) = 

[[cMatrix]]
| 0.0610336 | -0.428408 | -0.901522 | 
| -0.0910983 | 0.897045 | -0.432448 | 
| 0.99397 | 0.108521 | 0.0157227 | 

Singular values of A'*A (S) = 

[[cMatrix]]
| 104.652 | 0 | 0 | 
| 0 | 66.4704 | 0 | 
| 0 | 0 | 10.7524 | 

Eigenvectors of A'*A (V) = 

[[cMatrix]]
| 0.258996 | 0.876692 | 0.405391 | 
| -0.896271 | 0.374566 | -0.237454 | 
| -0.360026 | -0.301848 | 0.882765 | 


Q_U = 
[[cMatrix]]
| -1 | 3.13974e-05 | 3.10748e-25 | 
| -3.13974e-05 | -1 | 1.81198e-20 | 
| 8.79664e-25 | 1.81198e-20 | 1 | 
Q_U iter = 13
Q_V = 
[[cMatrix]]
| 0 | 0 | 0 | 0 | 
| 0 | 0 | 0 | 0 | 
| 0 | 0 | 0 | 0 | 
| 0 | 0 | 0 | 0 | 
Q_V iter = 2685004



Original matrix A = U*S*V' = 
[[cMatrix]]
| -27.2404 | -14.0893 | -2.2611 | 
| 47.9202 | 31.9831 | -18.6706 | 
| 33.3335 | -90.5694 | -39.4784 | 
===========================KABSCH SECTION==========================

Centroid of A = 
Vector contents:
| 5.375 |
| 5.5 |
| 3.5 |

Centroid of B = 
Vector contents:
| -6.31398 |
| 3.85084 |
| -4.086 |

A - centroidA =
[[cMatrix]]
| 2.625 | -2.375 | 1.625 | -5.375 | 2.625 | 2.625 | -1.375 | -0.375 | 
| 0.5 | -5.5 | -5.5 | 3.5 | 1.5 | 3.5 | 2.5 | -0.5 | 
| -1.5 | 0.5 | -1.5 | 2.5 | -1.5 | 1.5 | 2.5 | -2.5 | 

B - centroidB =
[[cMatrix]]
| -0.871573 | 1.38428 | -0.139702 | 2.17308 | -0.872682 | -2.94036 | -0.726782 | 1.99375 | 
| 2.73201 | -4.56714 | -0.977609 | -2.88603 | 3.25235 | 2.43389 | -1.05628 | 1.0688 | 
| 1.08034 | 3.6559 | 5.84512 | -5.85996 | 0.226386 | -2.61171 | -3.57025 | 1.2342 | 

H = 
[[cMatrix]]
| -27.2404 | -14.0893 | -2.2611 | 
| 47.9202 | 31.9831 | -18.6706 | 
| 33.3335 | -90.5694 | -39.4784 | 

Det of R = 1

Rotation matrix = 
[[cMatrix]]
| -0.725243 | 0.587527 | 0.358947 | 
| -0.00109963 | 0.520338 | -0.853952 | 
| -0.688491 | -0.619723 | -0.376732 | 

R * B = 
[[cMatrix]]
| 8 | 3 | 7.00002 | -6.46313e-05 | 8 | 7.99997 | 3.99995 | 4.99999 | 
| 5.9999 | -1.23822e-05 | -5.70358e-05 | 8.99995 | 6.99988 | 8.99988 | 7.99993 | 4.99993 | 
| 1.99997 | 4 | 1.99998 | 6.00002 | 1.99998 | 4.99998 | 6 | 0.999988 | 

Translation matrix = 
Vector contents:
| 1.61339e-05 |
| 7.53725e-05 |
| 1.14239e-05 |

Result of the algorithm: 

R * B + t = A
[[cMatrix]]
| 8.00002 | 3.00002 | 7.00004 | -4.84974e-05 | 8.00001 | 7.99999 | 3.99997 | 5.00001 | 
| 5.99997 | 6.29903e-05 | 1.83367e-05 | 9.00003 | 6.99996 | 8.99996 | 8 | 5 | 
| 1.99998 | 4.00001 | 1.99999 | 6.00003 | 1.99999 | 4.99999 | 6.00001 | 1 | 

Original matrix A = 
[[cMatrix]]
| 8 | 3 | 7 | 0 | 8 | 8 | 4 | 5 | 
| 6 | 0 | 0 | 9 | 7 | 9 | 8 | 5 | 
| 2 | 4 | 2 | 6 | 2 | 5 | 6 | 1 | 

Transformed matrix B = 
[[cMatrix]]
| -7.18555 | -4.9297 | -6.45368 | -4.1409 | -7.18666 | -9.25434 | -7.04076 | -4.32023 | 
| 6.58285 | -0.7163 | 2.87323 | 0.96481 | 7.10319 | 6.28473 | 2.79456 | 4.91964 | 
| -3.00566 | -0.4301 | 1.75912 | -9.94596 | -3.85961 | -6.69771 | -7.65625 | -2.8518 | 
