
Original matrix A = 
[[cMatrix]]
| 2 | 3 | 7 | 8 | 7 | 
| 6 | 3 | 3 | 5 | 7 | 
| 3 | 9 | 6 | 1 | 4 | 

Transformed matrix B = 
[[cMatrix]]
| -3.54967 | -9.31477 | -6.46621 | -1.68492 | -4.80206 | 
| -5.16279 | -1.59018 | -0.90506 | -2.98332 | -4.93566 | 
| -3.12178 | -3.1155 | -7.16721 | -8.84652 | -8.15963 | 
===========================QR SECTION==========================
Vector x at 0 iter: 

Vector contents:
| 1573.72 |
| -608.069 |
| -1056.53 |
Alpha 1990.63 at 0 iter: 

Vector u at 0 iter: 

Vector contents:
| 3564.35 |
| -608.069 |
| -1056.53 |
Vector v at 0 iter: 

Vector contents:
| 0.946194 |
| -0.161418 |
| -0.280467 |
Q_tmp at 0 iter: 

[[cMatrix]]
| -0.790565 | 0.305466 | 0.530752 | 
| 0.305466 | 0.947888 | -0.090545 | 
| 0.530752 | -0.090545 | 0.842677 | 
Q_heap(0)

[[cMatrix]]
| -0.790565 | 0.305466 | 0.530752 | 
| 0.305466 | 0.947888 | -0.090545 | 
| 0.530752 | -0.090545 | 0.842677 | 
===========================QR SECTION==========================
Vector x at 1 iter: 

Vector contents:
| 156.663 |
| -200.211 |
Alpha 254.22 at 1 iter: 

Vector u at 1 iter: 

Vector contents:
| 410.882 |
| -200.211 |
Vector v at 1 iter: 

Vector contents:
| 0.898958 |
| -0.438035 |
Q_tmp at 1 iter: 

[[cMatrix]]
| -0.61625 | 0.787551 | 
| 0.787551 | 0.61625 | 
Q_heap(1)

[[cMatrix]]
| 1 | 0 | 0 | 
| 0 | -0.61625 | 0.787551 | 
| 0 | 0.787551 | 0.61625 | 
===========================QR SECTION==========================
Vector x at 0 iter: 

Vector contents:
| 2601.77 |
| 192.598 |
| 38.7449 |
Alpha 2609.18 at 0 iter: 

Vector u at 0 iter: 

Vector contents:
| 5210.96 |
| 192.598 |
| 38.7449 |
Vector v at 0 iter: 

Vector contents:
| 0.99929 |
| 0.0369339 |
| 0.00743 |
Q_tmp at 0 iter: 

[[cMatrix]]
| -0.997161 | -0.0738154 | -0.0148494 | 
| -0.0738154 | 0.997272 | -0.000548838 | 
| -0.0148494 | -0.000548838 | 0.99989 | 
Q_heap(0)

[[cMatrix]]
| -0.997161 | -0.0738154 | -0.0148494 | 
| -0.0738154 | 0.997272 | -0.000548838 | 
| -0.0148494 | -0.000548838 | 0.99989 | 
===========================QR SECTION==========================
Vector x at 1 iter: 

Vector contents:
| 517.263 |
| 49.3615 |
Alpha 519.613 at 1 iter: 

Vector u at 1 iter: 

Vector contents:
| 1036.88 |
| 49.3615 |
Vector v at 1 iter: 

Vector contents:
| 0.998869 |
| 0.0475521 |
Q_tmp at 1 iter: 

[[cMatrix]]
| -0.995478 | -0.0949966 | 
| -0.0949966 | 0.995478 | 
Q_heap(1)

[[cMatrix]]
| 1 | 0 | 0 | 
| 0 | -0.995478 | -0.0949966 | 
| 0 | -0.0949966 | 0.995478 | 
===========================QR SECTION==========================
Vector x at 0 iter: 

Vector contents:
| 2619.55 |
| 39.1324 |
| -0.404621 |
Alpha 2619.84 at 0 iter: 

Vector u at 0 iter: 

Vector contents:
| 5239.39 |
| 39.1324 |
| -0.404621 |
Vector v at 0 iter: 

Vector contents:
| 0.999972 |
| 0.00746868 |
| -7.72245e-05 |
Q_tmp at 0 iter: 

[[cMatrix]]
| -0.999888 | -0.0149369 | 0.000154445 | 
| -0.0149369 | 0.999888 | 1.15353e-06 | 
| 0.000154445 | 1.15353e-06 | 1 | 
Q_heap(0)

[[cMatrix]]
| -0.999888 | -0.0149369 | 0.000154445 | 
| -0.0149369 | 0.999888 | 1.15353e-06 | 
| 0.000154445 | 1.15353e-06 | 1 | 
===========================QR SECTION==========================
Vector x at 1 iter: 

Vector contents:
| 520.124 |
| -2.56667 |
Alpha 520.13 at 1 iter: 

Vector u at 1 iter: 

Vector contents:
| 1040.25 |
| -2.56667 |
Vector v at 1 iter: 

Vector contents:
| 0.999997 |
| -0.00246734 |
Q_tmp at 1 iter: 

[[cMatrix]]
| -0.999988 | 0.00493467 | 
| 0.00493467 | 0.999988 | 
Q_heap(1)

[[cMatrix]]
| 1 | 0 | 0 | 
| 0 | -0.999988 | 0.00493467 | 
| 0 | 0.00493467 | 0.999988 | 
===========================QR SECTION==========================
Vector x at 0 iter: 

Vector contents:
| 2620.25 |
| 7.76956 |
| 0.00418705 |
Alpha 2620.26 at 0 iter: 

Vector u at 0 iter: 

Vector contents:
| 5240.52 |
| 7.76956 |
| 0.00418705 |
Vector v at 0 iter: 

Vector contents:
| 0.999999 |
| 0.00148259 |
| 7.98976e-07 |
Q_tmp at 0 iter: 

[[cMatrix]]
| -0.999996 | -0.00296518 | -1.59795e-06 | 
| -0.00296518 | 0.999996 | -2.36911e-09 | 
| -1.59795e-06 | -2.36911e-09 | 1 | 
Q_heap(0)

[[cMatrix]]
| -0.999996 | -0.00296518 | -1.59795e-06 | 
| -0.00296518 | 0.999996 | -2.36911e-09 | 
| -1.59795e-06 | -2.36911e-09 | 1 | 
===========================QR SECTION==========================
Vector x at 1 iter: 

Vector contents:
| 520.054 |
| 0.133736 |
Alpha 520.054 at 1 iter: 

Vector u at 1 iter: 

Vector contents:
| 1040.11 |
| 0.133736 |
Vector v at 1 iter: 

Vector contents:
| 1 |
| 0.000128579 |
Q_tmp at 1 iter: 

[[cMatrix]]
| -1 | -0.000257158 | 
| -0.000257158 | 1 | 
Q_heap(1)

[[cMatrix]]
| 1 | 0 | 0 | 
| 0 | -1 | -0.000257158 | 
| 0 | -0.000257158 | 1 | 
===========================QR SECTION==========================
Vector x at 0 iter: 

Vector contents:
| 2620.28 |
| 1.54205 |
| -4.33204e-05 |
Alpha 2620.28 at 0 iter: 

Vector u at 0 iter: 

Vector contents:
| 5240.56 |
| 1.54205 |
| -4.33204e-05 |
Vector v at 0 iter: 

Vector contents:
| 1 |
| 0.000294254 |
| -8.26637e-09 |
Q_tmp at 0 iter: 

[[cMatrix]]
| -1 | -0.000588508 | 1.65327e-08 | 
| -0.000588508 | 1 | 4.86482e-12 | 
| 1.65327e-08 | 4.86482e-12 | 1 | 
Q_heap(0)

[[cMatrix]]
| -1 | -0.000588508 | 1.65327e-08 | 
| -0.000588508 | 1 | 4.86482e-12 | 
| 1.65327e-08 | 4.86482e-12 | 1 | 
===========================QR SECTION==========================
Vector x at 1 iter: 

Vector contents:
| 520.05 |
| -0.00697145 |
Alpha 520.05 at 1 iter: 

Vector u at 1 iter: 

Vector contents:
| 1040.1 |
| -0.00697145 |
Vector v at 1 iter: 

Vector contents:
| 1 |
| -6.70267e-06 |
Q_tmp at 1 iter: 

[[cMatrix]]
| -1 | 1.34053e-05 | 
| 1.34053e-05 | 1 | 
Q_heap(1)

[[cMatrix]]
| 1 | 0 | 0 | 
| 0 | -1 | 1.34053e-05 | 
| 0 | 1.34053e-05 | 1 | 
===========================QR SECTION==========================
Vector x at 0 iter: 

Vector contents:
| 2620.28 |
| 0.306054 |
| 4.48202e-07 |
Alpha 2620.28 at 0 iter: 

Vector u at 0 iter: 

Vector contents:
| 5240.56 |
| 0.306054 |
| 4.48202e-07 |
Vector v at 0 iter: 

Vector contents:
| 1 |
| 5.84009e-05 |
| 8.55256e-11 |
Q_tmp at 0 iter: 

[[cMatrix]]
| -1 | -0.000116802 | -1.71051e-10 | 
| -0.000116802 | 1 | -9.98954e-15 | 
| -1.71051e-10 | -9.98954e-15 | 1 | 
Q_heap(0)

[[cMatrix]]
| -1 | -0.000116802 | -1.71051e-10 | 
| -0.000116802 | 1 | -9.98954e-15 | 
| -1.71051e-10 | -9.98954e-15 | 1 | 
===========================QR SECTION==========================
Vector x at 1 iter: 

Vector contents:
| 520.05 |
| 0.000363418 |
Alpha 520.05 at 1 iter: 

Vector u at 1 iter: 

Vector contents:
| 1040.1 |
| 0.000363418 |
Vector v at 1 iter: 

Vector contents:
| 1 |
| 3.49407e-07 |
Q_tmp at 1 iter: 

[[cMatrix]]
| -1 | -6.98814e-07 | 
| -6.98814e-07 | 1 | 
Q_heap(1)

[[cMatrix]]
| 1 | 0 | 0 | 
| 0 | -1 | -6.98814e-07 | 
| 0 | -6.98814e-07 | 1 | 
===========================QR SECTION==========================
Vector x at 0 iter: 

Vector contents:
| 2620.28 |
| 0.0607428 |
| -4.63719e-09 |
Alpha 2620.28 at 0 iter: 

Vector u at 0 iter: 

Vector contents:
| 5240.56 |
| 0.0607428 |
| -4.63719e-09 |
Vector v at 0 iter: 

Vector contents:
| 1 |
| 1.15909e-05 |
| -8.84866e-13 |
Q_tmp at 0 iter: 

[[cMatrix]]
| -1 | -2.31818e-05 | 1.76973e-12 | 
| -2.31818e-05 | 1 | 2.05128e-17 | 
| 1.76973e-12 | 2.05128e-17 | 1 | 
Q_heap(0)

[[cMatrix]]
| -1 | -2.31818e-05 | 1.76973e-12 | 
| -2.31818e-05 | 1 | 2.05128e-17 | 
| 1.76973e-12 | 2.05128e-17 | 1 | 
===========================QR SECTION==========================
Vector x at 1 iter: 

Vector contents:
| 520.05 |
| -1.89448e-05 |
Alpha 520.05 at 1 iter: 

Vector u at 1 iter: 

Vector contents:
| 1040.1 |
| -1.89448e-05 |
Vector v at 1 iter: 

Vector contents:
| 1 |
| -1.82144e-08 |
Q_tmp at 1 iter: 

[[cMatrix]]
| -1 | 3.64289e-08 | 
| 3.64289e-08 | 1 | 
Q_heap(1)

[[cMatrix]]
| 1 | 0 | 0 | 
| 0 | -1 | 3.64289e-08 | 
| 0 | 3.64289e-08 | 1 | 
===========================EIGEN SECTION==========================
Eigenvalue matrix after 6 iterations of the QR algorithm
[[cMatrix]]
| 2620.28 | 0.0607428 | -4.63719e-09 | 
| 0.0607428 | 520.05 | -1.89448e-05 | 
| -4.63719e-09 | -1.89448e-05 | 27.11 | 
Eigenvector matrix Q_0:
[[cMatrix]]
| -0.790565 | 0.229751 | 0.567646 | 
| 0.305466 | -0.655445 | 0.690712 | 
| 0.530752 | 0.719449 | 0.447991 | 
Eigenvector matrix after multiplying by Q_1:
[[cMatrix]]
| 0.762932 | -0.340891 | 0.549297 | 
| -0.266473 | 0.608313 | 0.747628 | 
| -0.589004 | -0.716763 | 0.373263 | 
Eigenvector matrix Q_1
[[cMatrix]]
| -0.997161 | 0.0748923 | -0.00777007 | 
| -0.0738154 | -0.99271 | -0.0952838 | 
| -0.0148494 | -0.0944398 | 0.99542 | 
Number of iterations: 6
Eigenvector matrix after multiplying by Q_2:
[[cMatrix]]
| -0.757671 | 0.354955 | 0.54767 | 
| 0.257473 | -0.60853 | 0.750599 | 
| 0.599702 | 0.709717 | 0.369674 | 
Eigenvector matrix Q_2
[[cMatrix]]
| -0.999888 | 0.0149375 | 8.07339e-05 | 
| -0.0149369 | -0.999876 | 0.00493528 | 
| 0.000154445 | 0.00493352 | 0.999988 | 
Number of iterations: 6
Eigenvector matrix after multiplying by Q_3:
[[cMatrix]]
| 0.756614 | -0.357341 | 0.547579 | 
| -0.255669 | 0.609097 | 0.750756 | 
| -0.601805 | -0.708031 | 0.369491 | 
Eigenvector matrix Q_3
[[cMatrix]]
| -0.999996 | 0.00296518 | -8.35429e-07 | 
| -0.00296518 | -0.999996 | -0.000257159 | 
| -1.59795e-06 | -0.000257155 | 1 | 
Number of iterations: 6
Eigenvector matrix after multiplying by Q_4:
[[cMatrix]]
| -0.756403 | 0.357794 | 0.547574 | 
| 0.25531 | -0.609238 | 0.750764 | 
| 0.602221 | 0.707681 | 0.369481 | 
Eigenvector matrix Q_4
[[cMatrix]]
| -1 | 0.000588508 | 8.64359e-09 | 
| -0.000588508 | -1 | 1.34053e-05 | 
| 1.65327e-08 | 1.34053e-05 | 1 | 
Number of iterations: 6
Eigenvector matrix after multiplying by Q_5:
[[cMatrix]]
| 0.756362 | -0.357883 | 0.547574 | 
| -0.255239 | 0.609267 | 0.750764 | 
| -0.602304 | -0.707611 | 0.369481 | 
Eigenvector matrix Q_5
[[cMatrix]]
| -1 | 0.000116802 | -8.94284e-11 | 
| -0.000116802 | -1 | -6.98814e-07 | 
| -1.71051e-10 | -6.98814e-07 | 1 | 
Number of iterations: 6
Eigenvector matrix after multiplying by Q_6:
[[cMatrix]]
| -0.756353 | 0.3579 | 0.547574 | 
| 0.255225 | -0.609273 | 0.750764 | 
| 0.60232 | 0.707597 | 0.369481 | 
Eigenvector matrix Q_6
[[cMatrix]]
| -1 | 2.31818e-05 | 9.25245e-13 | 
| -2.31818e-05 | -1 | 3.64289e-08 | 
| 1.76973e-12 | 3.64289e-08 | 1 | 
Number of iterations: 6
===========================SVD SECTION==========================
A*A' = 
[[cMatrix]]
| 1573.72 | -608.069 | -1056.53 | 
| -608.069 | 379.011 | 186.122 | 
| -1056.53 | 186.122 | 1214.71 | 

Eigenvectors of A*A' (U) = 

[[cMatrix]]
| -0.756353 | 0.3579 | 0.547574 | 
| 0.255225 | -0.609273 | 0.750764 | 
| 0.60232 | 0.707597 | 0.369481 | 

Singular values of A'*A (S) = 

[[cMatrix]]
| 51.1887 | 0 | 0 | 
| 0 | 22.8046 | 0 | 
| 0 | 0 | 5.20672 | 

Eigenvectors of A'*A (V) = 

[[cMatrix]]
| -0.502564 | -0.838734 | -0.209673 | 
| -0.319647 | 0.405603 | -0.856335 | 
| 0.803278 | -0.363334 | -0.47194 | 


Q_U = 
[[cMatrix]]
| -1 | 2.31818e-05 | 9.25245e-13 | 
| -2.31818e-05 | -1 | 3.64289e-08 | 
| 1.76973e-12 | 3.64289e-08 | 1 | 
Q_U iter = 6
Q_V = 
[[cMatrix]]
| 0 | 0 | 0 | 0 | 
| 0 | 0 | 0 | 0 | 
| 0 | 0 | 0 | 0 | 
| 0 | 0 | 0 | 0 | 
Q_V iter = 2685004



Original matrix A = U*S*V' = 
[[cMatrix]]
| 12.0143 | 13.2446 | -35.4113 | 
| 4.26813 | -13.159 | 13.6979 | 
| -29.4326 | -4.95775 | 17.9958 | 
===========================KABSCH SECTION==========================

Centroid of A = 
Vector contents:
| 5.4 |
| 4.8 |
| 4.6 |

Centroid of B = 
Vector contents:
| -5.16353 |
| -3.1154 |
| -6.08213 |

A - centroidA =
[[cMatrix]]
| -3.4 | -2.4 | 1.6 | 2.6 | 1.6 | 
| 1.2 | -1.8 | -1.8 | 0.2 | 2.2 | 
| -1.6 | 4.4 | 1.4 | -3.6 | -0.6 | 

B - centroidB =
[[cMatrix]]
| 1.61386 | -4.15124 | -1.30268 | 3.47861 | 0.361466 | 
| -2.04739 | 1.52522 | 2.21034 | 0.132082 | -1.82026 | 
| 2.96035 | 2.96663 | -1.08508 | -2.76439 | -2.0775 | 

H = 
[[cMatrix]]
| 12.0143 | 13.2446 | -35.4113 | 
| 4.26813 | -13.159 | 13.6979 | 
| -29.4326 | -4.95775 | 17.9958 | 

Det of R = 1

Rotation matrix = 
[[cMatrix]]
| -0.0348782 | 0.225336 | -0.973661 | 
| -0.0819756 | -0.97161 | -0.221926 | 
| -0.996021 | 0.0720701 | 0.0523637 | 

R * B = 
[[cMatrix]]
| 2 | 3 | 7.00002 | 8.00003 | 7.00002 | 
| 6.00001 | 3.00003 | 3.00002 | 5.00002 | 7.00002 | 
| 3 | 8.99996 | 5.99995 | 0.999971 | 3.99997 | 

Translation matrix = 
Vector contents:
| -1.36246e-05 |
| -1.9133e-05 |
| 2.93895e-05 |

Result of the algorithm: 

R * B + t = A
[[cMatrix]]
| 1.99999 | 2.99999 | 7.00001 | 8.00002 | 7.00001 | 
| 5.99999 | 3.00001 | 3 | 5 | 7 | 
| 3.00002 | 8.99999 | 5.99998 | 1 | 4 | 

Original matrix A = 
[[cMatrix]]
| 2 | 3 | 7 | 8 | 7 | 
| 6 | 3 | 3 | 5 | 7 | 
| 3 | 9 | 6 | 1 | 4 | 

Transformed matrix B = 
[[cMatrix]]
| -3.54967 | -9.31477 | -6.46621 | -1.68492 | -4.80206 | 
| -5.16279 | -1.59018 | -0.90506 | -2.98332 | -4.93566 | 
| -3.12178 | -3.1155 | -7.16721 | -8.84652 | -8.15963 | 
