
Original matrix A = 
[[cMatrix]]
| 9 | 3 | 3 | 7 | 9 | 3 | 8 | 1 | 7 | 8 | 8 | 9 | 1 | 3 | 
| 8 | 5 | 2 | 1 | 3 | 4 | 6 | 2 | 6 | 3 | 3 | 6 | 2 | 7 | 
| 3 | 5 | 6 | 0 | 1 | 0 | 3 | 5 | 4 | 5 | 3 | 3 | 4 | 0 | 

Transformed matrix B = 
[[cMatrix]]
| -9.55216 | -5.68873 | -2.78813 | -2.16823 | -4.52699 | -4.4443 | -7.41459 | -2.39779 | -7.29748 | -4.56602 | -4.46194 | -7.58373 | -2.34575 | -7.39695 | 
| -4.24097 | -5.0796 | -6.32052 | -1.50966 | -2.75508 | -0.32363 | -4.19346 | -4.89402 | -4.93416 | -6.40368 | -4.46508 | -4.42206 | -3.92472 | -0.05201 | 
| 6.69106 | 0.91433 | 1.13019 | 6.55894 | 7.93195 | 2.26792 | 6.03646 | -0.54693 | 4.83744 | 6.01201 | 6.49263 | 6.99517 | -0.30662 | 1.81176 | 
===========================QR SECTION==========================
Vector x at 0 iter: 

Vector contents:
| 6671.6 |
| -314.558 |
| -7328.31 |
Alpha 9915.31 at 0 iter: 

Vector u at 0 iter: 

Vector contents:
| 16586.9 |
| -314.558 |
| -7328.31 |
Vector v at 0 iter: 

Vector contents:
| 0.914565 |
| -0.017344 |
| -0.404067 |
Q_tmp at 0 iter: 

[[cMatrix]]
| -0.672859 | 0.0317245 | 0.73909 | 
| 0.0317245 | 0.999398 | -0.0140163 | 
| 0.73909 | -0.0140163 | 0.67346 | 
Q_heap(0)

[[cMatrix]]
| -0.672859 | 0.0317245 | 0.73909 | 
| 0.0317245 | 0.999398 | -0.0140163 | 
| 0.73909 | -0.0140163 | 0.67346 | 
===========================QR SECTION==========================
Vector x at 1 iter: 

Vector contents:
| 2583.16 |
| -121.99 |
Alpha 2586.04 at 1 iter: 

Vector u at 1 iter: 

Vector contents:
| 5169.2 |
| -121.99 |
Vector v at 1 iter: 

Vector contents:
| 0.999722 |
| -0.0235928 |
Q_tmp at 1 iter: 

[[cMatrix]]
| -0.998887 | 0.0471725 | 
| 0.0471725 | 0.998887 | 
Q_heap(1)

[[cMatrix]]
| 1 | 0 | 0 | 
| 0 | -0.998887 | 0.0471725 | 
| 0 | 0.0471725 | 0.998887 | 
===========================QR SECTION==========================
Vector x at 0 iter: 

Vector contents:
| 18760.4 |
| 261.428 |
| 3659.22 |
Alpha 19115.7 at 0 iter: 

Vector u at 0 iter: 

Vector contents:
| 37876.1 |
| 261.428 |
| 3659.22 |
Vector v at 0 iter: 

Vector contents:
| 0.995342 |
| 0.00687003 |
| 0.0961601 |
Q_tmp at 0 iter: 

[[cMatrix]]
| -0.981412 | -0.0136761 | -0.191424 | 
| -0.0136761 | 0.999906 | -0.00132125 | 
| -0.191424 | -0.00132125 | 0.981506 | 
Q_heap(0)

[[cMatrix]]
| -0.981412 | -0.0136761 | -0.191424 | 
| -0.0136761 | 0.999906 | -0.00132125 | 
| -0.191424 | -0.00132125 | 0.981506 | 
===========================QR SECTION==========================
Vector x at 1 iter: 

Vector contents:
| 2600.47 |
| 168.928 |
Alpha 2605.95 at 1 iter: 

Vector u at 1 iter: 

Vector contents:
| 5206.42 |
| 168.928 |
Vector v at 1 iter: 

Vector contents:
| 0.999474 |
| 0.032429 |
Q_tmp at 1 iter: 

[[cMatrix]]
| -0.997897 | -0.0648239 | 
| -0.0648239 | 0.997897 | 
Q_heap(1)

[[cMatrix]]
| 1 | 0 | 0 | 
| 0 | -0.997897 | -0.0648239 | 
| 0 | -0.0648239 | 0.997897 | 
===========================QR SECTION==========================
Vector x at 0 iter: 

Vector contents:
| 19574.9 |
| 100.351 |
| -487.836 |
Alpha 19581.3 at 0 iter: 

Vector u at 0 iter: 

Vector contents:
| 39156.2 |
| 100.351 |
| -487.836 |
Vector v at 0 iter: 

Vector contents:
| 0.999919 |
| 0.00256263 |
| -0.0124577 |
Q_tmp at 0 iter: 

[[cMatrix]]
| -0.999676 | -0.00512484 | 0.0249134 | 
| -0.00512484 | 0.999987 | 6.38488e-05 | 
| 0.0249134 | 6.38488e-05 | 0.99969 | 
Q_heap(0)

[[cMatrix]]
| -0.999676 | -0.00512484 | 0.0249134 | 
| -0.00512484 | 0.999987 | 6.38488e-05 | 
| 0.0249134 | 6.38488e-05 | 0.99969 | 
===========================QR SECTION==========================
Vector x at 1 iter: 

Vector contents:
| 2620.5 |
| -156.068 |
Alpha 2625.15 at 1 iter: 

Vector u at 1 iter: 

Vector contents:
| 5245.65 |
| -156.068 |
Vector v at 1 iter: 

Vector contents:
| 0.999558 |
| -0.0297388 |
Q_tmp at 1 iter: 

[[cMatrix]]
| -0.998231 | 0.0594513 | 
| 0.0594513 | 0.998231 | 
Q_heap(1)

[[cMatrix]]
| 1 | 0 | 0 | 
| 0 | -0.998231 | 0.0594513 | 
| 0 | 0.0594513 | 0.998231 | 
===========================QR SECTION==========================
Vector x at 0 iter: 

Vector contents:
| 19589.3 |
| 21.0143 |
| 61.5276 |
Alpha 19589.4 at 0 iter: 

Vector u at 0 iter: 

Vector contents:
| 39178.6 |
| 21.0143 |
| 61.5276 |
Vector v at 0 iter: 

Vector contents:
| 0.999999 |
| 0.00053637 |
| 0.00157044 |
Q_tmp at 0 iter: 

[[cMatrix]]
| -0.999994 | -0.00107274 | -0.00314087 | 
| -0.00107274 | 0.999999 | -1.68467e-06 | 
| -0.00314087 | -1.68467e-06 | 0.999995 | 
Q_heap(0)

[[cMatrix]]
| -0.999994 | -0.00107274 | -0.00314087 | 
| -0.00107274 | 0.999999 | -1.68467e-06 | 
| -0.00314087 | -1.68467e-06 | 0.999995 | 
===========================QR SECTION==========================
Vector x at 1 iter: 

Vector contents:
| 2638.45 |
| 146.551 |
Alpha 2642.52 at 1 iter: 

Vector u at 1 iter: 

Vector contents:
| 5280.97 |
| 146.551 |
Vector v at 1 iter: 

Vector contents:
| 0.999615 |
| 0.02774 |
Q_tmp at 1 iter: 

[[cMatrix]]
| -0.998461 | -0.0554587 | 
| -0.0554587 | 0.998461 | 
Q_heap(1)

[[cMatrix]]
| 1 | 0 | 0 | 
| 0 | -0.998461 | -0.0554587 | 
| 0 | -0.0554587 | 0.998461 | 
===========================QR SECTION==========================
Vector x at 0 iter: 

Vector contents:
| 19589.5 |
| 3.72358 |
| -7.7027 |
Alpha 19589.5 at 0 iter: 

Vector u at 0 iter: 

Vector contents:
| 39179 |
| 3.72358 |
| -7.7027 |
Vector v at 0 iter: 

Vector contents:
| 1 |
| 9.50402e-05 |
| -0.000196603 |
Q_tmp at 0 iter: 

[[cMatrix]]
| -1 | -0.00019008 | 0.000393205 | 
| -0.00019008 | 1 | 3.73703e-08 | 
| 0.000393205 | 3.73703e-08 | 1 | 
Q_heap(0)

[[cMatrix]]
| -1 | -0.00019008 | 0.000393205 | 
| -0.00019008 | 1 | 3.73703e-08 | 
| 0.000393205 | 3.73703e-08 | 1 | 
===========================QR SECTION==========================
Vector x at 1 iter: 

Vector contents:
| 2654.14 |
| -136.001 |
Alpha 2657.63 at 1 iter: 

Vector u at 1 iter: 

Vector contents:
| 5311.77 |
| -136.001 |
Vector v at 1 iter: 

Vector contents:
| 0.999672 |
| -0.0255954 |
Q_tmp at 1 iter: 

[[cMatrix]]
| -0.99869 | 0.051174 | 
| 0.051174 | 0.99869 | 
Q_heap(1)

[[cMatrix]]
| 1 | 0 | 0 | 
| 0 | -0.99869 | 0.051174 | 
| 0 | 0.051174 | 0.99869 | 
===========================QR SECTION==========================
Vector x at 0 iter: 

Vector contents:
| 19589.5 |
| 0.60784 |
| 0.958814 |
Alpha 19589.5 at 0 iter: 

Vector u at 0 iter: 

Vector contents:
| 39179 |
| 0.60784 |
| 0.958814 |
Vector v at 0 iter: 

Vector contents:
| 1 |
| 1.55144e-05 |
| 2.44726e-05 |
Q_tmp at 0 iter: 

[[cMatrix]]
| -1 | -3.10288e-05 | -4.89453e-05 | 
| -3.10288e-05 | 1 | -7.59357e-10 | 
| -4.89453e-05 | -7.59357e-10 | 1 | 
Q_heap(0)

[[cMatrix]]
| -1 | -3.10288e-05 | -4.89453e-05 | 
| -3.10288e-05 | 1 | -7.59357e-10 | 
| -4.89453e-05 | -7.59357e-10 | 1 | 
===========================QR SECTION==========================
Vector x at 1 iter: 

Vector contents:
| 2667.51 |
| 124.785 |
Alpha 2670.42 at 1 iter: 

Vector u at 1 iter: 

Vector contents:
| 5337.93 |
| 124.785 |
Vector v at 1 iter: 

Vector contents:
| 0.999727 |
| 0.0233707 |
Q_tmp at 1 iter: 

[[cMatrix]]
| -0.998908 | -0.0467287 | 
| -0.0467287 | 0.998908 | 
Q_heap(1)

[[cMatrix]]
| 1 | 0 | 0 | 
| 0 | -0.998908 | -0.0467287 | 
| 0 | -0.0467287 | 0.998908 | 
===========================QR SECTION==========================
Vector x at 0 iter: 

Vector contents:
| 19589.5 |
| 0.0945309 |
| -0.118779 |
Alpha 19589.5 at 0 iter: 

Vector u at 0 iter: 

Vector contents:
| 39179 |
| 0.0945309 |
| -0.118779 |
Vector v at 0 iter: 

Vector contents:
| 1 |
| 2.41279e-06 |
| -3.03169e-06 |
Q_tmp at 0 iter: 

[[cMatrix]]
| -1 | -4.82558e-06 | 6.06339e-06 | 
| -4.82558e-06 | 1 | 1.46297e-11 | 
| 6.06339e-06 | 1.46297e-11 | 1 | 
Q_heap(0)

[[cMatrix]]
| -1 | -4.82558e-06 | 6.06339e-06 | 
| -4.82558e-06 | 1 | 1.46297e-11 | 
| 6.06339e-06 | 1.46297e-11 | 1 | 
===========================QR SECTION==========================
Vector x at 1 iter: 

Vector contents:
| 2678.65 |
| -113.4 |
Alpha 2681.05 at 1 iter: 

Vector u at 1 iter: 

Vector contents:
| 5359.7 |
| -113.4 |
Vector v at 1 iter: 

Vector contents:
| 0.999776 |
| -0.0211531 |
Q_tmp at 1 iter: 

[[cMatrix]]
| -0.999105 | 0.0422968 | 
| 0.0422968 | 0.999105 | 
Q_heap(1)

[[cMatrix]]
| 1 | 0 | 0 | 
| 0 | -0.999105 | 0.0422968 | 
| 0 | 0.0422968 | 0.999105 | 
===========================QR SECTION==========================
Vector x at 0 iter: 

Vector contents:
| 19589.5 |
| 0.0142463 |
| 0.0146561 |
Alpha 19589.5 at 0 iter: 

Vector u at 0 iter: 

Vector contents:
| 39179 |
| 0.0142463 |
| 0.0146561 |
Vector v at 0 iter: 

Vector contents:
| 1 |
| 3.6362e-07 |
| 3.74081e-07 |
Q_tmp at 0 iter: 

[[cMatrix]]
| -1 | -7.2724e-07 | -7.48162e-07 | 
| -7.2724e-07 | 1 | -2.72047e-13 | 
| -7.48162e-07 | -2.72047e-13 | 1 | 
Q_heap(0)

[[cMatrix]]
| -1 | -7.2724e-07 | -7.48162e-07 | 
| -7.2724e-07 | 1 | -2.72047e-13 | 
| -7.48162e-07 | -2.72047e-13 | 1 | 
===========================QR SECTION==========================
Vector x at 1 iter: 

Vector contents:
| 2687.78 |
| 102.238 |
Alpha 2689.72 at 1 iter: 

Vector u at 1 iter: 

Vector contents:
| 5377.5 |
| 102.238 |
Vector v at 1 iter: 

Vector contents:
| 0.999819 |
| 0.0190087 |
Q_tmp at 1 iter: 

[[cMatrix]]
| -0.999277 | -0.0380105 | 
| -0.0380105 | 0.999277 | 
Q_heap(1)

[[cMatrix]]
| 1 | 0 | 0 | 
| 0 | -0.999277 | -0.0380105 | 
| 0 | -0.0380105 | 0.999277 | 
===========================QR SECTION==========================
Vector x at 0 iter: 

Vector contents:
| 19589.5 |
| 0.00210119 |
| -0.00180259 |
Alpha 19589.5 at 0 iter: 

Vector u at 0 iter: 

Vector contents:
| 39179 |
| 0.00210119 |
| -0.00180259 |
Vector v at 0 iter: 

Vector contents:
| 1 |
| 5.36304e-08 |
| -4.60091e-08 |
Q_tmp at 0 iter: 

[[cMatrix]]
| -1 | -1.07261e-07 | 9.20181e-08 | 
| -1.07261e-07 | 1 | 4.93497e-15 | 
| 9.20181e-08 | 4.93497e-15 | 1 | 
Q_heap(0)

[[cMatrix]]
| -1 | -1.07261e-07 | 9.20181e-08 | 
| -1.07261e-07 | 1 | 4.93497e-15 | 
| 9.20181e-08 | 4.93497e-15 | 1 | 
===========================QR SECTION==========================
Vector x at 1 iter: 

Vector contents:
| 2695.15 |
| -91.581 |
Alpha 2696.71 at 1 iter: 

Vector u at 1 iter: 

Vector contents:
| 5391.86 |
| -91.581 |
Vector v at 1 iter: 

Vector contents:
| 0.999856 |
| -0.0169826 |
Q_tmp at 1 iter: 

[[cMatrix]]
| -0.999423 | 0.0339603 | 
| 0.0339603 | 0.999423 | 
Q_heap(1)

[[cMatrix]]
| 1 | 0 | 0 | 
| 0 | -0.999423 | 0.0339603 | 
| 0 | 0.0339603 | 0.999423 | 
===========================QR SECTION==========================
Vector x at 0 iter: 

Vector contents:
| 19589.5 |
| 0.000305197 |
| 0.00022113 |
Alpha 19589.5 at 0 iter: 

Vector u at 0 iter: 

Vector contents:
| 39179 |
| 0.000305197 |
| 0.00022113 |
Vector v at 0 iter: 

Vector contents:
| 1 |
| 7.7898e-09 |
| 5.6441e-09 |
Q_tmp at 0 iter: 

[[cMatrix]]
| -1 | -1.55796e-08 | -1.12882e-08 | 
| -1.55796e-08 | 1 | -8.79328e-17 | 
| -1.12882e-08 | -8.79328e-17 | 1 | 
Q_heap(0)

[[cMatrix]]
| -1 | -1.55796e-08 | -1.12882e-08 | 
| -1.55796e-08 | 1 | -8.79328e-17 | 
| -1.12882e-08 | -8.79328e-17 | 1 | 
===========================QR SECTION==========================
Vector x at 1 iter: 

Vector contents:
| 2701.04 |
| 81.6107 |
Alpha 2702.27 at 1 iter: 

Vector u at 1 iter: 

Vector contents:
| 5403.3 |
| 81.6107 |
Vector v at 1 iter: 

Vector contents:
| 0.999886 |
| 0.0151021 |
Q_tmp at 1 iter: 

[[cMatrix]]
| -0.999544 | -0.0302008 | 
| -0.0302008 | 0.999544 | 
Q_heap(1)

[[cMatrix]]
| 1 | 0 | 0 | 
| 0 | -0.999544 | -0.0302008 | 
| 0 | -0.0302008 | 0.999544 | 
===========================QR SECTION==========================
Vector x at 0 iter: 

Vector contents:
| 19589.5 |
| 4.38398e-05 |
| -2.70711e-05 |
Alpha 19589.5 at 0 iter: 

Vector u at 0 iter: 

Vector contents:
| 39179 |
| 4.38398e-05 |
| -2.70711e-05 |
Vector v at 0 iter: 

Vector contents:
| 1 |
| 1.11896e-09 |
| -6.90958e-10 |
Q_tmp at 0 iter: 

[[cMatrix]]
| -1 | -2.23792e-09 | 1.38192e-09 | 
| -2.23792e-09 | 1 | 1.54631e-18 | 
| 1.38192e-09 | 1.54631e-18 | 1 | 
Q_heap(0)

[[cMatrix]]
| -1 | -2.23792e-09 | 1.38192e-09 | 
| -2.23792e-09 | 1 | 1.54631e-18 | 
| 1.38192e-09 | 1.54631e-18 | 1 | 
===========================QR SECTION==========================
Vector x at 1 iter: 

Vector contents:
| 2705.69 |
| -72.4267 |
Alpha 2706.66 at 1 iter: 

Vector u at 1 iter: 

Vector contents:
| 5412.35 |
| -72.4267 |
Vector v at 1 iter: 

Vector contents:
| 0.99991 |
| -0.0133806 |
Q_tmp at 1 iter: 

[[cMatrix]]
| -0.999642 | 0.0267587 | 
| 0.0267587 | 0.999642 | 
Q_heap(1)

[[cMatrix]]
| 1 | 0 | 0 | 
| 0 | -0.999642 | 0.0267587 | 
| 0 | 0.0267587 | 0.999642 | 
===========================EIGEN SECTION==========================
Eigenvalue matrix after 10 iterations of the QR algorithm
[[cMatrix]]
| 19589.5 | 4.38398e-05 | -2.70711e-05 | 
| 4.38398e-05 | 2705.69 | -72.4267 | 
| -2.70711e-05 | -72.4267 | 2397.08 | 
Eigenvector matrix Q_0:
[[cMatrix]]
| -0.672859 | 0.00317554 | 0.739764 | 
| 0.0317245 | -0.998947 | 0.0331434 | 
| 0.73909 | 0.0457695 | 0.67205 | 
Eigenvector matrix after multiplying by Q_1:
[[cMatrix]]
| 0.518699 | -0.0667926 | 0.852344 | 
| -0.0238176 | 0.995428 | 0.0924995 | 
| -0.854625 | -0.0682802 | 0.514737 | 
Eigenvector matrix Q_1
[[cMatrix]]
| -0.981412 | 0.0260562 | -0.190135 | 
| -0.0136761 | -0.997717 | -0.0661362 | 
| -0.191424 | -0.0623066 | 0.979528 | 
Number of iterations: 10
Eigenvector matrix after multiplying by Q_2:
[[cMatrix]]
| -0.496954 | 0.120698 | 0.859342 | 
| 0.021013 | -0.988316 | 0.150965 | 
| 0.867522 | 0.0930799 | 0.488612 | 
Eigenvector matrix Q_2
[[cMatrix]]
| -0.999676 | 0.0065969 | 0.0245646 | 
| -0.00512484 | -0.998214 | 0.0595143 | 
| 0.0249134 | 0.0593691 | 0.997925 | 
Number of iterations: 10
Eigenvector matrix after multiplying by Q_3:
[[cMatrix]]
| 0.494123 | -0.168787 | 0.85285 | 
| -0.0204268 | 0.978448 | 0.205479 | 
| -0.869152 | -0.118953 | 0.480026 | 
Eigenvector matrix Q_3
[[cMatrix]]
| -0.999994 | 0.00124528 | -0.00307654 | 
| -0.00107274 | -0.99846 | -0.0554603 | 
| -0.00314087 | -0.0554567 | 0.998456 | 
Number of iterations: 10
Eigenvector matrix after multiplying by Q_4:
[[cMatrix]]
| -0.493756 | 0.212314 | 0.843284 | 
| 0.0203216 | -0.966655 | 0.255273 | 
| 0.869363 | 0.14318 | 0.472977 | 
Eigenvector matrix Q_4
[[cMatrix]]
| -1 | 0.000209953 | 0.000382963 | 
| -0.00019008 | -0.99869 | 0.051174 | 
| 0.000393205 | 0.0511739 | 0.99869 | 
Number of iterations: 10
Eigenvector matrix after multiplying by Q_5:
[[cMatrix]]
| 0.493708 | -0.251504 | 0.832465 | 
| -0.0203041 | 0.953671 | 0.300164 | 
| -0.869391 | -0.165096 | 0.465729 | 
Eigenvector matrix Q_5
[[cMatrix]]
| -1 | 3.32821e-05 | -4.74419e-05 | 
| -3.10288e-05 | -0.998908 | -0.0467287 | 
| -4.89453e-05 | -0.0467287 | 0.998908 | 
Number of iterations: 10
Eigenvector matrix after multiplying by Q_6:
[[cMatrix]]
| -0.493702 | 0.286492 | 0.821085 | 
| 0.0203013 | -0.940122 | 0.340233 | 
| 0.869394 | 0.184642 | 0.458324 | 
Eigenvector matrix Q_6
[[cMatrix]]
| -1 | 5.07773e-06 | 5.85386e-06 | 
| -4.82558e-06 | -0.999105 | 0.0422968 | 
| 6.06339e-06 | 0.0422968 | 0.999105 | 
Number of iterations: 10
Eigenvector matrix after multiplying by Q_7:
[[cMatrix]]
| 0.493701 | -0.317495 | 0.809603 | 
| -0.0203009 | 0.92651 | 0.375721 | 
| -0.869395 | -0.20193 | 0.450973 | 
Eigenvector matrix Q_7
[[cMatrix]]
| -1 | 7.55153e-07 | -7.19979e-07 | 
| -7.2724e-07 | -0.999277 | -0.0380105 | 
| -7.48162e-07 | -0.0380105 | 0.999277 | 
Number of iterations: 10
Eigenvector matrix after multiplying by Q_8:
[[cMatrix]]
| -0.493701 | 0.344806 | 0.798354 | 
| 0.0203008 | -0.913216 | 0.406969 | 
| 0.869395 | 0.217128 | 0.443856 | 
Eigenvector matrix Q_8
[[cMatrix]]
| -1 | 1.10324e-07 | 8.83224e-08 | 
| -1.07261e-07 | -0.999423 | 0.0339603 | 
| 9.20181e-08 | 0.0339603 | 0.999423 | 
Number of iterations: 10
Eigenvector matrix after multiplying by Q_9:
[[cMatrix]]
| 0.493701 | -0.36876 | 0.787576 | 
| -0.0203008 | 0.900509 | 0.434363 | 
| -0.869395 | -0.230434 | 0.437096 | 
Eigenvector matrix Q_9
[[cMatrix]]
| -1 | 1.59134e-08 | -1.08125e-08 | 
| -1.55796e-08 | -0.999544 | -0.0302008 | 
| -1.12882e-08 | -0.0302008 | 0.999544 | 
Number of iterations: 10
Eigenvector matrix after multiplying by Q_10:
[[cMatrix]]
| -0.493701 | 0.389702 | 0.777426 | 
| 0.0203008 | -0.888563 | 0.458304 | 
| 0.869395 | 0.242048 | 0.430773 | 
Eigenvector matrix Q_10
[[cMatrix]]
| -1 | 2.2741e-09 | 1.32154e-09 | 
| -2.23792e-09 | -0.999642 | 0.0267587 | 
| 1.38192e-09 | 0.0267587 | 0.999642 | 
Number of iterations: 10
===========================SVD SECTION==========================
A*A' = 
[[cMatrix]]
| 6671.6 | -314.558 | -7328.31 | 
| -314.558 | 2597.76 | 218.139 | 
| -7328.31 | 218.139 | 15422.9 | 

Eigenvectors of A*A' (U) = 

[[cMatrix]]
| -0.493701 | 0.389702 | 0.777426 | 
| 0.0203008 | -0.888563 | 0.458304 | 
| 0.869395 | 0.242048 | 0.430773 | 

Singular values of A'*A (S) = 

[[cMatrix]]
| 139.963 | 0 | 0 | 
| 0 | 52.0162 | 0 | 
| 0 | 0 | 48.96 | 

Eigenvectors of A'*A (V) = 

[[cMatrix]]
| 0.912367 | 0.371642 | 0.181358 | 
| 0.35555 | -0.510735 | -0.794984 | 
| -0.202905 | 0.776133 | -0.577568 | 


Q_U = 
[[cMatrix]]
| -1 | 2.2741e-09 | 1.32154e-09 | 
| -2.23792e-09 | -0.999642 | 0.0267587 | 
| 1.38192e-09 | 0.0267587 | 0.999642 | 
Q_U iter = 10
Q_V = 
[[cMatrix]]
| 0 | 0 | 0 | 0 | 
| 0 | 0 | 0 | 0 | 
| 0 | 0 | 0 | 0 | 
| 0 | 0 | 0 | 0 | 
Q_V iter = 2685004



Original matrix A = U*S*V' = 
[[cMatrix]]
| -48.6077 | -65.1807 | 7.76972 | 
| -10.5154 | 6.77799 | -49.409 | 
| 119.523 | 20.0673 | -27.0995 | 
===========================KABSCH SECTION==========================

Centroid of A = 
Vector contents:
| 5.64286 |
| 4.14286 |
| 3 |

Centroid of B = 
Vector contents:
| -5.18806 |
| -3.82276 |
| 4.05902 |

A - centroidA =
[[cMatrix]]
| 3.35714 | -2.64286 | -2.64286 | 1.35714 | 3.35714 | -2.64286 | 2.35714 | -4.64286 | 1.35714 | 2.35714 | 2.35714 | 3.35714 | -4.64286 | -2.64286 | 
| 3.85714 | 0.857143 | -2.14286 | -3.14286 | -1.14286 | -0.142857 | 1.85714 | -2.14286 | 1.85714 | -1.14286 | -1.14286 | 1.85714 | -2.14286 | 2.85714 | 
| 0 | 2 | 3 | -3 | -2 | -3 | 0 | 2 | 1 | 2 | 0 | 0 | 1 | -3 | 

B - centroidB =
[[cMatrix]]
| -4.3641 | -0.500674 | 2.39993 | 3.01983 | 0.661066 | 0.743756 | -2.22653 | 2.79027 | -2.10942 | 0.622036 | 0.726116 | -2.39567 | 2.84231 | -2.20889 | 
| -0.418209 | -1.25684 | -2.49776 | 2.3131 | 1.06768 | 3.49913 | -0.370699 | -1.07126 | -1.1114 | -2.58092 | -0.642319 | -0.599299 | -0.101959 | 3.77075 | 
| 2.63204 | -3.14469 | -2.92883 | 2.49992 | 3.87293 | -1.7911 | 1.97744 | -4.60595 | 0.778418 | 1.95299 | 2.43361 | 2.93615 | -4.36564 | -2.24726 | 

H = 
[[cMatrix]]
| -48.6077 | -65.1807 | 7.76972 | 
| -10.5154 | 6.77799 | -49.409 | 
| 119.523 | 20.0673 | -27.0995 | 

Det of R = 0.999596

Rotation matrix = 
[[cMatrix]]
| -0.164614 | -0.228588 | 0.961286 | 
| -0.992612 | 0.096694 | -0.156966 | 
| -0.0463814 | -0.958464 | -0.237345 | 

R * B = 
[[cMatrix]]
| 8.97388 | 2.97651 | 2.9902 | 7.00703 | 8.99986 | 2.98569 | 7.98189 | 0.987669 | 6.97932 | 7.9947 | 7.99644 | 8.98358 | 0.988539 | 2.97115 | 
| 8.02124 | 5.01202 | 1.97897 | 0.976703 | 2.9821 | 4.02418 | 6.00681 | 1.9927 | 6.00715 | 2.9694 | 2.9781 | 6.00211 | 1.99705 | 7.05289 | 
| 2.91977 | 4.91546 | 5.91907 | -0.00920946 | 0.968007 | -0.0219585 | 2.93046 | 4.93177 | 3.91954 | 4.92256 | 2.94558 | 2.92986 | 3.94328 | -0.0370814 | 

Translation matrix = 
Vector contents:
| 0.0131103 |
| -0.00010136 |
| 0.0587784 |

Result of the algorithm: 

R * B + t = A
[[cMatrix]]
| 8.98699 | 2.98962 | 3.00331 | 7.02014 | 9.01297 | 2.9988 | 7.995 | 1.00078 | 6.99243 | 8.00781 | 8.00955 | 8.99669 | 1.00165 | 2.98426 | 
| 8.02114 | 5.01191 | 1.97887 | 0.976602 | 2.98199 | 4.02408 | 6.00671 | 1.9926 | 6.00704 | 2.9693 | 2.978 | 6.00201 | 1.99695 | 7.05278 | 
| 2.97855 | 4.97423 | 5.97784 | 0.049569 | 1.02679 | 0.03682 | 2.98924 | 4.99055 | 3.97832 | 4.98134 | 3.00436 | 2.98864 | 4.00206 | 0.021697 | 

Original matrix A = 
[[cMatrix]]
| 9 | 3 | 3 | 7 | 9 | 3 | 8 | 1 | 7 | 8 | 8 | 9 | 1 | 3 | 
| 8 | 5 | 2 | 1 | 3 | 4 | 6 | 2 | 6 | 3 | 3 | 6 | 2 | 7 | 
| 3 | 5 | 6 | 0 | 1 | 0 | 3 | 5 | 4 | 5 | 3 | 3 | 4 | 0 | 

Transformed matrix B = 
[[cMatrix]]
| -9.55216 | -5.68873 | -2.78813 | -2.16823 | -4.52699 | -4.4443 | -7.41459 | -2.39779 | -7.29748 | -4.56602 | -4.46194 | -7.58373 | -2.34575 | -7.39695 | 
| -4.24097 | -5.0796 | -6.32052 | -1.50966 | -2.75508 | -0.32363 | -4.19346 | -4.89402 | -4.93416 | -6.40368 | -4.46508 | -4.42206 | -3.92472 | -0.05201 | 
| 6.69106 | 0.91433 | 1.13019 | 6.55894 | 7.93195 | 2.26792 | 6.03646 | -0.54693 | 4.83744 | 6.01201 | 6.49263 | 6.99517 | -0.30662 | 1.81176 | 
