
Original matrix A = 
[[cMatrix]]
| 2 | 1 | 5 | 7 | 9 | 4 | 7 | 2 | 0 | 8 | 6 | 9 | 4 | 2 | 6 | 8 | 7 | 5 | 
| 1 | 8 | 1 | 6 | 0 | 8 | 1 | 1 | 5 | 1 | 0 | 6 | 8 | 0 | 8 | 2 | 1 | 1 | 
| 2 | 1 | 3 | 4 | 8 | 1 | 9 | 7 | 9 | 7 | 0 | 4 | 8 | 4 | 9 | 3 | 0 | 5 | 

Transformed matrix B = 
[[cMatrix]]
| 0.14132 | -6.84213 | 1.34004 | -2.40336 | 4.58569 | -5.8413 | 3.19467 | 1.13082 | -2.82742 | 3.13248 | 2.00166 | -1.73614 | -4.45599 | 1.45882 | -3.59087 | 1.41917 | 1.41356 | 1.73585 | 
| -0.2609 | 0.29999 | 0.8237 | 1.57338 | -0.65129 | 2.1656 | -2.61865 | -4.16597 | -6.74217 | -0.43475 | 3.73122 | 2.81712 | -3.3015 | -1.88032 | -2.83878 | 2.7467 | 4.41048 | -0.73833 | 
| 2.98529 | 4.36981 | 5.70314 | 9.63059 | 11.1152 | 6.49534 | 10.6741 | 5.94693 | 7.24906 | 10.198 | 4.25104 | 11.0476 | 10.6416 | 3.78632 | 12.651 | 8.21228 | 5.34317 | 6.88779 | 
===========================QR SECTION==========================
Vector x at 0 iter: 

Vector contents:
| 34734.1 |
| 5369.16 |
| -383.33 |
Alpha 35148.7 at 0 iter: 

Vector u at 0 iter: 

Vector contents:
| 69882.8 |
| 5369.16 |
| -383.33 |
Vector v at 0 iter: 

Vector contents:
| 0.997047 |
| 0.076604 |
| -0.00546912 |
Q_tmp at 0 iter: 

[[cMatrix]]
| -0.988204 | -0.152756 | 0.0109059 | 
| -0.152756 | 0.988264 | 0.000837913 | 
| 0.0109059 | 0.000837913 | 0.99994 | 
Q_heap(0)

[[cMatrix]]
| -0.988204 | -0.152756 | 0.0109059 | 
| -0.152756 | 0.988264 | 0.000837913 | 
| 0.0109059 | 0.000837913 | 0.99994 | 
===========================QR SECTION==========================
Vector x at 1 iter: 

Vector contents:
| 22207.4 |
| -9003.7 |
Alpha 23963.2 at 1 iter: 

Vector u at 1 iter: 

Vector contents:
| 46170.6 |
| -9003.7 |
Vector v at 1 iter: 

Vector contents:
| 0.981511 |
| -0.191404 |
Q_tmp at 1 iter: 

[[cMatrix]]
| -0.926729 | 0.37573 | 
| 0.37573 | 0.926729 | 
Q_heap(1)

[[cMatrix]]
| 1 | 0 | 0 | 
| 0 | -0.926729 | 0.37573 | 
| 0 | 0.37573 | 0.926729 | 
===========================QR SECTION==========================
Vector x at 0 iter: 

Vector contents:
| 36125.7 |
| 3846.93 |
| 201.531 |
Alpha 36330.5 at 0 iter: 

Vector u at 0 iter: 

Vector contents:
| 72456.1 |
| 3846.93 |
| 201.531 |
Vector v at 0 iter: 

Vector contents:
| 0.99859 |
| 0.0530184 |
| 0.0027775 |
Q_tmp at 0 iter: 

[[cMatrix]]
| -0.994363 | -0.105887 | -0.00554717 | 
| -0.105887 | 0.994378 | -0.000294517 | 
| -0.00554717 | -0.000294517 | 0.999985 | 
Q_heap(0)

[[cMatrix]]
| -0.994363 | -0.105887 | -0.00554717 | 
| -0.105887 | 0.994378 | -0.000294517 | 
| -0.00554717 | -0.000294517 | 0.999985 | 
===========================QR SECTION==========================
Vector x at 1 iter: 

Vector contents:
| 27779.2 |
| 6898.57 |
Alpha 28623 at 1 iter: 

Vector u at 1 iter: 

Vector contents:
| 56402.1 |
| 6898.57 |
Vector v at 1 iter: 

Vector contents:
| 0.992603 |
| 0.121406 |
Q_tmp at 1 iter: 

[[cMatrix]]
| -0.970521 | -0.241015 | 
| -0.241015 | 0.970521 | 
Q_heap(1)

[[cMatrix]]
| 1 | 0 | 0 | 
| 0 | -0.970521 | -0.241015 | 
| 0 | -0.241015 | 0.970521 | 
===========================QR SECTION==========================
Vector x at 0 iter: 

Vector contents:
| 36858.3 |
| 3090.65 |
| -83.0272 |
Alpha 36987.8 at 0 iter: 

Vector u at 0 iter: 

Vector contents:
| 73846.1 |
| 3090.65 |
| -83.0272 |
Vector v at 0 iter: 

Vector contents:
| 0.999125 |
| 0.0418159 |
| -0.00112334 |
Q_tmp at 0 iter: 

[[cMatrix]]
| -0.9965 | -0.0835587 | 0.00224472 | 
| -0.0835587 | 0.996503 | 9.39472e-05 | 
| 0.00224472 | 9.39472e-05 | 0.999997 | 
Q_heap(0)

[[cMatrix]]
| -0.9965 | -0.0835587 | 0.00224472 | 
| -0.0835587 | 0.996503 | 9.39472e-05 | 
| 0.00224472 | 9.39472e-05 | 0.999997 | 
===========================QR SECTION==========================
Vector x at 1 iter: 

Vector contents:
| 29853.8 |
| -3593.27 |
Alpha 30069.2 at 1 iter: 

Vector u at 1 iter: 

Vector contents:
| 59923 |
| -3593.27 |
Vector v at 1 iter: 

Vector contents:
| 0.998207 |
| -0.0598573 |
Q_tmp at 1 iter: 

[[cMatrix]]
| -0.992834 | 0.1195 | 
| 0.1195 | 0.992834 | 
Q_heap(1)

[[cMatrix]]
| 1 | 0 | 0 | 
| 0 | -0.992834 | 0.1195 | 
| 0 | 0.1195 | 0.992834 | 
===========================QR SECTION==========================
Vector x at 0 iter: 

Vector contents:
| 37328.3 |
| 2524.43 |
| 31.4134 |
Alpha 37413.5 at 0 iter: 

Vector u at 0 iter: 

Vector contents:
| 74741.8 |
| 2524.43 |
| 31.4134 |
Vector v at 0 iter: 

Vector contents:
| 0.99943 |
| 0.033756 |
| 0.000420053 |
Q_tmp at 0 iter: 

[[cMatrix]]
| -0.997721 | -0.0674736 | -0.000839627 | 
| -0.0674736 | 0.997721 | -2.83586e-05 | 
| -0.000839627 | -2.83586e-05 | 1 | 
Q_heap(0)

[[cMatrix]]
| -0.997721 | -0.0674736 | -0.000839627 | 
| -0.0674736 | 0.997721 | -2.83586e-05 | 
| -0.000839627 | -2.83586e-05 | 1 | 
===========================QR SECTION==========================
Vector x at 1 iter: 

Vector contents:
| 30141.4 |
| 1668.04 |
Alpha 30187.5 at 1 iter: 

Vector u at 1 iter: 

Vector contents:
| 60328.9 |
| 1668.04 |
Vector v at 1 iter: 

Vector contents:
| 0.999618 |
| 0.0276385 |
Q_tmp at 1 iter: 

[[cMatrix]]
| -0.998472 | -0.0552559 | 
| -0.0552559 | 0.998472 | 
Q_heap(1)

[[cMatrix]]
| 1 | 0 | 0 | 
| 0 | -0.998472 | -0.0552559 | 
| 0 | -0.0552559 | 0.998472 | 
===========================QR SECTION==========================
Vector x at 0 iter: 

Vector contents:
| 37636.8 |
| 2038.9 |
| -11.5708 |
Alpha 37691.9 at 0 iter: 

Vector u at 0 iter: 

Vector contents:
| 75328.7 |
| 2038.9 |
| -11.5708 |
Vector v at 0 iter: 

Vector contents:
| 0.999634 |
| 0.0270568 |
| -0.000153548 |
Q_tmp at 0 iter: 

[[cMatrix]]
| -0.998536 | -0.0540937 | 0.000306984 | 
| -0.0540937 | 0.998536 | 8.30905e-06 | 
| 0.000306984 | 8.30905e-06 | 1 | 
Q_heap(0)

[[cMatrix]]
| -0.998536 | -0.0540937 | 0.000306984 | 
| -0.0540937 | 0.998536 | 8.30905e-06 | 
| 0.000306984 | 8.30905e-06 | 1 | 
===========================QR SECTION==========================
Vector x at 1 iter: 

Vector contents:
| 30052.3 |
| -760.21 |
Alpha 30061.9 at 1 iter: 

Vector u at 1 iter: 

Vector contents:
| 60114.2 |
| -760.21 |
Vector v at 1 iter: 

Vector contents:
| 0.99992 |
| -0.0126451 |
Q_tmp at 1 iter: 

[[cMatrix]]
| -0.99968 | 0.0252881 | 
| 0.0252881 | 0.99968 | 
Q_heap(1)

[[cMatrix]]
| 1 | 0 | 0 | 
| 0 | -0.99968 | 0.0252881 | 
| 0 | 0.0252881 | 0.99968 | 
===========================QR SECTION==========================
Vector x at 0 iter: 

Vector contents:
| 37835.3 |
| 1626.5 |
| 4.21682 |
Alpha 37870.2 at 0 iter: 

Vector u at 0 iter: 

Vector contents:
| 75705.6 |
| 1626.5 |
| 4.21682 |
Vector v at 0 iter: 

Vector contents:
| 0.999769 |
| 0.0214796 |
| 5.56875e-05 |
Q_tmp at 0 iter: 

[[cMatrix]]
| -0.999077 | -0.0429493 | -0.000111349 | 
| -0.0429493 | 0.999077 | -2.39229e-06 | 
| -0.000111349 | -2.39229e-06 | 1 | 
Q_heap(0)

[[cMatrix]]
| -0.999077 | -0.0429493 | -0.000111349 | 
| -0.0429493 | 0.999077 | -2.39229e-06 | 
| -0.000111349 | -2.39229e-06 | 1 | 
===========================QR SECTION==========================
Vector x at 1 iter: 

Vector contents:
| 29938.7 |
| 346.998 |
Alpha 29940.7 at 1 iter: 

Vector u at 1 iter: 

Vector contents:
| 59879.4 |
| 346.998 |
Vector v at 1 iter: 

Vector contents:
| 0.999983 |
| 0.00579484 |
Q_tmp at 1 iter: 

[[cMatrix]]
| -0.999933 | -0.0115895 | 
| -0.0115895 | 0.999933 | 
Q_heap(1)

[[cMatrix]]
| 1 | 0 | 0 | 
| 0 | -0.999933 | -0.0115895 | 
| 0 | -0.0115895 | 0.999933 | 
===========================QR SECTION==========================
Vector x at 0 iter: 

Vector contents:
| 37960.5 |
| 1285.99 |
| -1.52848 |
Alpha 37982.3 at 0 iter: 

Vector u at 0 iter: 

Vector contents:
| 75942.8 |
| 1285.99 |
| -1.52848 |
Vector v at 0 iter: 

Vector contents:
| 0.999857 |
| 0.0169312 |
| -2.01239e-05 |
Q_tmp at 0 iter: 

[[cMatrix]]
| -0.999427 | -0.0338576 | 4.0242e-05 | 
| -0.0338576 | 0.999427 | 6.81445e-07 | 
| 4.0242e-05 | 6.81445e-07 | 1 | 
Q_heap(0)

[[cMatrix]]
| -0.999427 | -0.0338576 | 4.0242e-05 | 
| -0.0338576 | 0.999427 | 6.81445e-07 | 
| 4.0242e-05 | 6.81445e-07 | 1 | 
===========================QR SECTION==========================
Vector x at 1 iter: 

Vector contents:
| 29856.2 |
| -158.983 |
Alpha 29856.7 at 1 iter: 

Vector u at 1 iter: 

Vector contents:
| 59712.9 |
| -158.983 |
Vector v at 1 iter: 

Vector contents:
| 0.999996 |
| -0.00266245 |
Q_tmp at 1 iter: 

[[cMatrix]]
| -0.999986 | 0.00532488 | 
| 0.00532488 | 0.999986 | 
Q_heap(1)

[[cMatrix]]
| 1 | 0 | 0 | 
| 0 | -0.999986 | 0.00532488 | 
| 0 | 0.00532488 | 0.999986 | 
===========================QR SECTION==========================
Vector x at 0 iter: 

Vector contents:
| 38038.3 |
| 1010.88 |
| 0.552321 |
Alpha 38051.7 at 0 iter: 

Vector u at 0 iter: 

Vector contents:
| 76090.1 |
| 1010.88 |
| 0.552321 |
Vector v at 0 iter: 

Vector contents:
| 0.999912 |
| 0.0132842 |
| 7.25814e-06 |
Q_tmp at 0 iter: 

[[cMatrix]]
| -0.999647 | -0.0265661 | -1.4515e-05 | 
| -0.0265661 | 0.999647 | -1.92837e-07 | 
| -1.4515e-05 | -1.92837e-07 | 1 | 
Q_heap(0)

[[cMatrix]]
| -0.999647 | -0.0265661 | -1.4515e-05 | 
| -0.0265661 | 0.999647 | -1.92837e-07 | 
| -1.4515e-05 | -1.92837e-07 | 1 | 
===========================QR SECTION==========================
Vector x at 1 iter: 

Vector contents:
| 29803 |
| 73.0541 |
Alpha 29803.1 at 1 iter: 

Vector u at 1 iter: 

Vector contents:
| 59606 |
| 73.0541 |
Vector v at 1 iter: 

Vector contents:
| 0.999999 |
| 0.00122562 |
Q_tmp at 1 iter: 

[[cMatrix]]
| -0.999997 | -0.00245123 | 
| -0.00245123 | 0.999997 | 
Q_heap(1)

[[cMatrix]]
| 1 | 0 | 0 | 
| 0 | -0.999997 | -0.00245123 | 
| 0 | -0.00245123 | 0.999997 | 
===========================QR SECTION==========================
Vector x at 0 iter: 

Vector contents:
| 38086.2 |
| 791.751 |
| -0.199212 |
Alpha 38094.5 at 0 iter: 

Vector u at 0 iter: 

Vector contents:
| 76180.7 |
| 791.751 |
| -0.199212 |
Vector v at 0 iter: 

Vector contents:
| 0.999946 |
| 0.0103925 |
| -2.61485e-06 |
Q_tmp at 0 iter: 

[[cMatrix]]
| -0.999784 | -0.0207839 | 5.22942e-06 | 
| -0.0207839 | 0.999784 | 5.43498e-08 | 
| 5.22942e-06 | 5.43498e-08 | 1 | 
Q_heap(0)

[[cMatrix]]
| -0.999784 | -0.0207839 | 5.22942e-06 | 
| -0.0207839 | 0.999784 | 5.43498e-08 | 
| 5.22942e-06 | 5.43498e-08 | 1 | 
===========================QR SECTION==========================
Vector x at 1 iter: 

Vector contents:
| 29769.8 |
| -33.6336 |
Alpha 29769.8 at 1 iter: 

Vector u at 1 iter: 

Vector contents:
| 59539.7 |
| -33.6336 |
Vector v at 1 iter: 

Vector contents:
| 1 |
| -0.000564895 |
Q_tmp at 1 iter: 

[[cMatrix]]
| -0.999999 | 0.00112979 | 
| 0.00112979 | 0.999999 | 
Q_heap(1)

[[cMatrix]]
| 1 | 0 | 0 | 
| 0 | -0.999999 | 0.00112979 | 
| 0 | 0.00112979 | 0.999999 | 
===========================QR SECTION==========================
Vector x at 0 iter: 

Vector contents:
| 38115.5 |
| 618.734 |
| 0.0717711 |
Alpha 38120.6 at 0 iter: 

Vector u at 0 iter: 

Vector contents:
| 76236.1 |
| 618.734 |
| 0.0717711 |
Vector v at 0 iter: 

Vector contents:
| 0.999967 |
| 0.00811575 |
| 9.41401e-07 |
Q_tmp at 0 iter: 

[[cMatrix]]
| -0.999868 | -0.016231 | -1.88274e-06 | 
| -0.016231 | 0.999868 | -1.52804e-08 | 
| -1.88274e-06 | -1.52804e-08 | 1 | 
Q_heap(0)

[[cMatrix]]
| -0.999868 | -0.016231 | -1.88274e-06 | 
| -0.016231 | 0.999868 | -1.52804e-08 | 
| -1.88274e-06 | -1.52804e-08 | 1 | 
===========================QR SECTION==========================
Vector x at 1 iter: 

Vector contents:
| 29749.5 |
| 15.5034 |
Alpha 29749.5 at 1 iter: 

Vector u at 1 iter: 

Vector contents:
| 59499 |
| 15.5034 |
Vector v at 1 iter: 

Vector contents:
| 1 |
| 0.000260566 |
Q_tmp at 1 iter: 

[[cMatrix]]
| -1 | -0.000521132 | 
| -0.000521132 | 1 | 
Q_heap(1)

[[cMatrix]]
| 1 | 0 | 0 | 
| 0 | -1 | -0.000521132 | 
| 0 | -0.000521132 | 1 | 
===========================QR SECTION==========================
Vector x at 0 iter: 

Vector contents:
| 38133.4 |
| 482.863 |
| -0.0258396 |
Alpha 38136.5 at 0 iter: 

Vector u at 0 iter: 

Vector contents:
| 76269.9 |
| 482.863 |
| -0.0258396 |
Vector v at 0 iter: 

Vector contents:
| 0.99998 |
| 0.00633085 |
| -3.38785e-07 |
Q_tmp at 0 iter: 

[[cMatrix]]
| -0.99992 | -0.0126615 | 6.77556e-07 | 
| -0.0126615 | 0.99992 | 4.28959e-09 | 
| 6.77556e-07 | 4.28959e-09 | 1 | 
Q_heap(0)

[[cMatrix]]
| -0.99992 | -0.0126615 | 6.77556e-07 | 
| -0.0126615 | 0.99992 | 4.28959e-09 | 
| 6.77556e-07 | 4.28959e-09 | 1 | 
===========================QR SECTION==========================
Vector x at 1 iter: 

Vector contents:
| 29737.1 |
| -7.15158 |
Alpha 29737.1 at 1 iter: 

Vector u at 1 iter: 

Vector contents:
| 59474.2 |
| -7.15158 |
Vector v at 1 iter: 

Vector contents:
| 1 |
| -0.000120247 |
Q_tmp at 1 iter: 

[[cMatrix]]
| -1 | 0.000240494 | 
| 0.000240494 | 1 | 
Q_heap(1)

[[cMatrix]]
| 1 | 0 | 0 | 
| 0 | -1 | 0.000240494 | 
| 0 | 0.000240494 | 1 | 
===========================QR SECTION==========================
Vector x at 0 iter: 

Vector contents:
| 38144.3 |
| 376.515 |
| 0.00929908 |
Alpha 38146.2 at 0 iter: 

Vector u at 0 iter: 

Vector contents:
| 76290.5 |
| 376.515 |
| 0.00929908 |
Vector v at 0 iter: 

Vector contents:
| 0.999988 |
| 0.00493522 |
| 1.21889e-07 |
Q_tmp at 0 iter: 

[[cMatrix]]
| -0.999951 | -0.00987031 | -2.43775e-07 | 
| -0.00987031 | 0.999951 | -1.2031e-09 | 
| -2.43775e-07 | -1.2031e-09 | 1 | 
Q_heap(0)

[[cMatrix]]
| -0.999951 | -0.00987031 | -2.43775e-07 | 
| -0.00987031 | 0.999951 | -1.2031e-09 | 
| -2.43775e-07 | -1.2031e-09 | 1 | 
===========================QR SECTION==========================
Vector x at 1 iter: 

Vector contents:
| 29729.5 |
| 3.30046 |
Alpha 29729.5 at 1 iter: 

Vector u at 1 iter: 

Vector contents:
| 59459.1 |
| 3.30046 |
Vector v at 1 iter: 

Vector contents:
| 1 |
| 5.55081e-05 |
Q_tmp at 1 iter: 

[[cMatrix]]
| -1 | -0.000111016 | 
| -0.000111016 | 1 | 
Q_heap(1)

[[cMatrix]]
| 1 | 0 | 0 | 
| 0 | -1 | -0.000111016 | 
| 0 | -0.000111016 | 1 | 
===========================QR SECTION==========================
Vector x at 0 iter: 

Vector contents:
| 38150.9 |
| 293.44 |
| -0.00334568 |
Alpha 38152.1 at 0 iter: 

Vector u at 0 iter: 

Vector contents:
| 76303 |
| 293.44 |
| -0.00334568 |
Vector v at 0 iter: 

Vector contents:
| 0.999993 |
| 0.00384569 |
| -4.3847e-08 |
Q_tmp at 0 iter: 

[[cMatrix]]
| -0.99997 | -0.00769133 | 8.76933e-08 | 
| -0.00769133 | 0.99997 | 3.37244e-10 | 
| 8.76933e-08 | 3.37244e-10 | 1 | 
Q_heap(0)

[[cMatrix]]
| -0.99997 | -0.00769133 | 8.76933e-08 | 
| -0.00769133 | 0.99997 | 3.37244e-10 | 
| 8.76933e-08 | 3.37244e-10 | 1 | 
===========================QR SECTION==========================
Vector x at 1 iter: 

Vector contents:
| 29725 |
| -1.52358 |
Alpha 29725 at 1 iter: 

Vector u at 1 iter: 

Vector contents:
| 59449.9 |
| -1.52358 |
Vector v at 1 iter: 

Vector contents:
| 1 |
| -2.5628e-05 |
Q_tmp at 1 iter: 

[[cMatrix]]
| -1 | 5.12561e-05 | 
| 5.12561e-05 | 1 | 
Q_heap(1)

[[cMatrix]]
| 1 | 0 | 0 | 
| 0 | -1 | 5.12561e-05 | 
| 0 | 5.12561e-05 | 1 | 
===========================QR SECTION==========================
Vector x at 0 iter: 

Vector contents:
| 38154.9 |
| 228.624 |
| 0.00120354 |
Alpha 38155.6 at 0 iter: 

Vector u at 0 iter: 

Vector contents:
| 76310.6 |
| 228.624 |
| 0.00120354 |
Vector v at 0 iter: 

Vector contents:
| 0.999996 |
| 0.00299596 |
| 1.57716e-08 |
Q_tmp at 0 iter: 

[[cMatrix]]
| -0.999982 | -0.00599189 | -3.1543e-08 | 
| -0.00599189 | 0.999982 | -9.45019e-11 | 
| -3.1543e-08 | -9.45019e-11 | 1 | 
Q_heap(0)

[[cMatrix]]
| -0.999982 | -0.00599189 | -3.1543e-08 | 
| -0.00599189 | 0.999982 | -9.45019e-11 | 
| -3.1543e-08 | -9.45019e-11 | 1 | 
===========================QR SECTION==========================
Vector x at 1 iter: 

Vector contents:
| 29722.2 |
| 0.703447 |
Alpha 29722.2 at 1 iter: 

Vector u at 1 iter: 

Vector contents:
| 59444.3 |
| 0.703447 |
Vector v at 1 iter: 

Vector contents:
| 1 |
| 1.18337e-05 |
Q_tmp at 1 iter: 

[[cMatrix]]
| -1 | -2.36674e-05 | 
| -2.36674e-05 | 1 | 
Q_heap(1)

[[cMatrix]]
| 1 | 0 | 0 | 
| 0 | -1 | -2.36674e-05 | 
| 0 | -2.36674e-05 | 1 | 
===========================QR SECTION==========================
Vector x at 0 iter: 

Vector contents:
| 38157.4 |
| 178.092 |
| -0.00043291 |
Alpha 38157.8 at 0 iter: 

Vector u at 0 iter: 

Vector contents:
| 76315.2 |
| 178.092 |
| -0.00043291 |
Vector v at 0 iter: 

Vector contents:
| 0.999997 |
| 0.00233363 |
| -5.67265e-09 |
Q_tmp at 0 iter: 

[[cMatrix]]
| -0.999989 | -0.00466725 | 1.13453e-08 | 
| -0.00466725 | 0.999989 | 2.64758e-11 | 
| 1.13453e-08 | 2.64758e-11 | 1 | 
Q_heap(0)

[[cMatrix]]
| -0.999989 | -0.00466725 | 1.13453e-08 | 
| -0.00466725 | 0.999989 | 2.64758e-11 | 
| 1.13453e-08 | 2.64758e-11 | 1 | 
===========================QR SECTION==========================
Vector x at 1 iter: 

Vector contents:
| 29720.5 |
| -0.324818 |
Alpha 29720.5 at 1 iter: 

Vector u at 1 iter: 

Vector contents:
| 59441 |
| -0.324818 |
Vector v at 1 iter: 

Vector contents:
| 1 |
| -5.46455e-06 |
Q_tmp at 1 iter: 

[[cMatrix]]
| -1 | 1.09291e-05 | 
| 1.09291e-05 | 1 | 
Q_heap(1)

[[cMatrix]]
| 1 | 0 | 0 | 
| 0 | -1 | 1.09291e-05 | 
| 0 | 1.09291e-05 | 1 | 
===========================QR SECTION==========================
Vector x at 0 iter: 

Vector contents:
| 38158.9 |
| 138.713 |
| 0.000155708 |
Alpha 38159.1 at 0 iter: 

Vector u at 0 iter: 

Vector contents:
| 76318 |
| 138.713 |
| 0.000155708 |
Vector v at 0 iter: 

Vector contents:
| 0.999998 |
| 0.00181756 |
| 2.04025e-09 |
Q_tmp at 0 iter: 

[[cMatrix]]
| -0.999993 | -0.00363512 | -4.08048e-09 | 
| -0.00363512 | 0.999993 | -7.41655e-12 | 
| -4.08048e-09 | -7.41655e-12 | 1 | 
Q_heap(0)

[[cMatrix]]
| -0.999993 | -0.00363512 | -4.08048e-09 | 
| -0.00363512 | 0.999993 | -7.41655e-12 | 
| -4.08048e-09 | -7.41655e-12 | 1 | 
===========================QR SECTION==========================
Vector x at 1 iter: 

Vector contents:
| 29719.5 |
| 0.149995 |
Alpha 29719.5 at 1 iter: 

Vector u at 1 iter: 

Vector contents:
| 59438.9 |
| 0.149995 |
Vector v at 1 iter: 

Vector contents:
| 1 |
| 2.52351e-06 |
Q_tmp at 1 iter: 

[[cMatrix]]
| -1 | -5.04702e-06 | 
| -5.04702e-06 | 1 | 
Q_heap(1)

[[cMatrix]]
| 1 | 0 | 0 | 
| 0 | -1 | -5.04702e-06 | 
| 0 | -5.04702e-06 | 1 | 
===========================QR SECTION==========================
Vector x at 0 iter: 

Vector contents:
| 38159.8 |
| 108.034 |
| -5.60024e-05 |
Alpha 38159.9 at 0 iter: 

Vector u at 0 iter: 

Vector contents:
| 76319.7 |
| 108.034 |
| -5.60024e-05 |
Vector v at 0 iter: 

Vector contents:
| 0.999999 |
| 0.00141554 |
| -7.33787e-10 |
Q_tmp at 0 iter: 

[[cMatrix]]
| -0.999996 | -0.00283108 | 1.46757e-09 | 
| -0.00283108 | 0.999996 | 2.07741e-12 | 
| 1.46757e-09 | 2.07741e-12 | 1 | 
Q_heap(0)

[[cMatrix]]
| -0.999996 | -0.00283108 | 1.46757e-09 | 
| -0.00283108 | 0.999996 | 2.07741e-12 | 
| 1.46757e-09 | 2.07741e-12 | 1 | 
===========================QR SECTION==========================
Vector x at 1 iter: 

Vector contents:
| 29718.8 |
| -0.0692673 |
Alpha 29718.8 at 1 iter: 

Vector u at 1 iter: 

Vector contents:
| 59437.7 |
| -0.0692673 |
Vector v at 1 iter: 

Vector contents:
| 1 |
| -1.16538e-06 |
Q_tmp at 1 iter: 

[[cMatrix]]
| -1 | 2.33075e-06 | 
| 2.33075e-06 | 1 | 
Q_heap(1)

[[cMatrix]]
| 1 | 0 | 0 | 
| 0 | -1 | 2.33075e-06 | 
| 0 | 2.33075e-06 | 1 | 
===========================QR SECTION==========================
Vector x at 0 iter: 

Vector contents:
| 38160.3 |
| 84.1365 |
| 2.01416e-05 |
Alpha 38160.4 at 0 iter: 

Vector u at 0 iter: 

Vector contents:
| 76320.7 |
| 84.1365 |
| 2.01416e-05 |
Vector v at 0 iter: 

Vector contents:
| 0.999999 |
| 0.00110241 |
| 2.63908e-10 |
Q_tmp at 0 iter: 

[[cMatrix]]
| -0.999998 | -0.00220481 | -5.27815e-10 | 
| -0.00220481 | 0.999998 | -5.81867e-13 | 
| -5.27815e-10 | -5.81867e-13 | 1 | 
Q_heap(0)

[[cMatrix]]
| -0.999998 | -0.00220481 | -5.27815e-10 | 
| -0.00220481 | 0.999998 | -5.81867e-13 | 
| -5.27815e-10 | -5.81867e-13 | 1 | 
===========================QR SECTION==========================
Vector x at 1 iter: 

Vector contents:
| 29718.5 |
| 0.0319882 |
Alpha 29718.5 at 1 iter: 

Vector u at 1 iter: 

Vector contents:
| 59436.9 |
| 0.0319882 |
Vector v at 1 iter: 

Vector contents:
| 1 |
| 5.38188e-07 |
Q_tmp at 1 iter: 

[[cMatrix]]
| -1 | -1.07638e-06 | 
| -1.07638e-06 | 1 | 
Q_heap(1)

[[cMatrix]]
| 1 | 0 | 0 | 
| 0 | -1 | -1.07638e-06 | 
| 0 | -1.07638e-06 | 1 | 
===========================QR SECTION==========================
Vector x at 0 iter: 

Vector contents:
| 38160.6 |
| 65.5236 |
| -7.24397e-06 |
Alpha 38160.7 at 0 iter: 

Vector u at 0 iter: 

Vector contents:
| 76321.3 |
| 65.5236 |
| -7.24397e-06 |
Vector v at 0 iter: 

Vector contents:
| 1 |
| 0.000858523 |
| -9.49141e-11 |
Q_tmp at 0 iter: 

[[cMatrix]]
| -0.999999 | -0.00171705 | 1.89828e-10 | 
| -0.00171705 | 0.999999 | 1.62972e-13 | 
| 1.89828e-10 | 1.62972e-13 | 1 | 
Q_heap(0)

[[cMatrix]]
| -0.999999 | -0.00171705 | 1.89828e-10 | 
| -0.00171705 | 0.999999 | 1.62972e-13 | 
| 1.89828e-10 | 1.62972e-13 | 1 | 
===========================QR SECTION==========================
Vector x at 1 iter: 

Vector contents:
| 29718.2 |
| -0.0147727 |
Alpha 29718.2 at 1 iter: 

Vector u at 1 iter: 

Vector contents:
| 59436.5 |
| -0.0147727 |
Vector v at 1 iter: 

Vector contents:
| 1 |
| -2.48545e-07 |
Q_tmp at 1 iter: 

[[cMatrix]]
| -1 | 4.97091e-07 | 
| 4.97091e-07 | 1 | 
Q_heap(1)

[[cMatrix]]
| 1 | 0 | 0 | 
| 0 | -1 | 4.97091e-07 | 
| 0 | 4.97091e-07 | 1 | 
===========================QR SECTION==========================
Vector x at 0 iter: 

Vector contents:
| 38160.8 |
| 51.0275 |
| 2.60529e-06 |
Alpha 38160.9 at 0 iter: 

Vector u at 0 iter: 

Vector contents:
| 76321.7 |
| 51.0275 |
| 2.60529e-06 |
Vector v at 0 iter: 

Vector contents:
| 1 |
| 0.000668585 |
| 3.41356e-11 |
Q_tmp at 0 iter: 

[[cMatrix]]
| -0.999999 | -0.00133717 | -6.82712e-11 | 
| -0.00133717 | 0.999999 | -4.56451e-14 | 
| -6.82712e-11 | -4.56451e-14 | 1 | 
Q_heap(0)

[[cMatrix]]
| -0.999999 | -0.00133717 | -6.82712e-11 | 
| -0.00133717 | 0.999999 | -4.56451e-14 | 
| -6.82712e-11 | -4.56451e-14 | 1 | 
===========================QR SECTION==========================
Vector x at 1 iter: 

Vector contents:
| 29718.1 |
| 0.00682229 |
Alpha 29718.1 at 1 iter: 

Vector u at 1 iter: 

Vector contents:
| 59436.2 |
| 0.00682229 |
Vector v at 1 iter: 

Vector contents:
| 1 |
| 1.14783e-07 |
Q_tmp at 1 iter: 

[[cMatrix]]
| -1 | -2.29567e-07 | 
| -2.29567e-07 | 1 | 
Q_heap(1)

[[cMatrix]]
| 1 | 0 | 0 | 
| 0 | -1 | -2.29567e-07 | 
| 0 | -2.29567e-07 | 1 | 
===========================QR SECTION==========================
Vector x at 0 iter: 

Vector contents:
| 38160.9 |
| 39.7381 |
| -9.36985e-07 |
Alpha 38161 at 0 iter: 

Vector u at 0 iter: 

Vector contents:
| 76321.9 |
| 39.7381 |
| -9.36985e-07 |
Vector v at 0 iter: 

Vector contents:
| 1 |
| 0.000520665 |
| -1.22767e-11 |
Q_tmp at 0 iter: 

[[cMatrix]]
| -0.999999 | -0.00104133 | 2.45535e-11 | 
| -0.00104133 | 0.999999 | 1.27841e-14 | 
| 2.45535e-11 | 1.27841e-14 | 1 | 
Q_heap(0)

[[cMatrix]]
| -0.999999 | -0.00104133 | 2.45535e-11 | 
| -0.00104133 | 0.999999 | 1.27841e-14 | 
| 2.45535e-11 | 1.27841e-14 | 1 | 
===========================QR SECTION==========================
Vector x at 1 iter: 

Vector contents:
| 29718 |
| -0.00315068 |
Alpha 29718 at 1 iter: 

Vector u at 1 iter: 

Vector contents:
| 59436 |
| -0.00315068 |
Vector v at 1 iter: 

Vector contents:
| 1 |
| -5.30096e-08 |
Q_tmp at 1 iter: 

[[cMatrix]]
| -1 | 1.06019e-07 | 
| 1.06019e-07 | 1 | 
Q_heap(1)

[[cMatrix]]
| 1 | 0 | 0 | 
| 0 | -1 | 1.06019e-07 | 
| 0 | 1.06019e-07 | 1 | 
===========================QR SECTION==========================
Vector x at 0 iter: 

Vector contents:
| 38161 |
| 30.9462 |
| 3.36983e-07 |
Alpha 38161 at 0 iter: 

Vector u at 0 iter: 

Vector contents:
| 76322.1 |
| 30.9462 |
| 3.36983e-07 |
Vector v at 0 iter: 

Vector contents:
| 1 |
| 0.000405469 |
| 4.41528e-12 |
Q_tmp at 0 iter: 

[[cMatrix]]
| -1 | -0.000810938 | -8.83056e-12 | 
| -0.000810938 | 1 | -3.58052e-15 | 
| -8.83056e-12 | -3.58052e-15 | 1 | 
Q_heap(0)

[[cMatrix]]
| -1 | -0.000810938 | -8.83056e-12 | 
| -0.000810938 | 1 | -3.58052e-15 | 
| -8.83056e-12 | -3.58052e-15 | 1 | 
===========================QR SECTION==========================
Vector x at 1 iter: 

Vector contents:
| 29718 |
| 0.00145505 |
Alpha 29718 at 1 iter: 

Vector u at 1 iter: 

Vector contents:
| 59435.9 |
| 0.00145505 |
Vector v at 1 iter: 

Vector contents:
| 1 |
| 2.44811e-08 |
Q_tmp at 1 iter: 

[[cMatrix]]
| -1 | -4.89621e-08 | 
| -4.89621e-08 | 1 | 
Q_heap(1)

[[cMatrix]]
| 1 | 0 | 0 | 
| 0 | -1 | -4.89621e-08 | 
| 0 | -4.89621e-08 | 1 | 
===========================QR SECTION==========================
Vector x at 0 iter: 

Vector contents:
| 38161.1 |
| 24.0994 |
| -1.21195e-07 |
Alpha 38161.1 at 0 iter: 

Vector u at 0 iter: 

Vector contents:
| 76322.1 |
| 24.0994 |
| -1.21195e-07 |
Vector v at 0 iter: 

Vector contents:
| 1 |
| 0.000315759 |
| -1.58794e-12 |
Q_tmp at 0 iter: 

[[cMatrix]]
| -1 | -0.000631519 | 3.17587e-12 | 
| -0.000631519 | 1 | 1.00281e-15 | 
| 3.17587e-12 | 1.00281e-15 | 1 | 
Q_heap(0)

[[cMatrix]]
| -1 | -0.000631519 | 3.17587e-12 | 
| -0.000631519 | 1 | 1.00281e-15 | 
| 3.17587e-12 | 1.00281e-15 | 1 | 
===========================QR SECTION==========================
Vector x at 1 iter: 

Vector contents:
| 29717.9 |
| -0.000671978 |
Alpha 29717.9 at 1 iter: 

Vector u at 1 iter: 

Vector contents:
| 59435.9 |
| -0.000671978 |
Vector v at 1 iter: 

Vector contents:
| 1 |
| -1.13059e-08 |
Q_tmp at 1 iter: 

[[cMatrix]]
| -1 | 2.26119e-08 | 
| 2.26119e-08 | 1 | 
Q_heap(1)

[[cMatrix]]
| 1 | 0 | 0 | 
| 0 | -1 | 2.26119e-08 | 
| 0 | 2.26119e-08 | 1 | 
===========================QR SECTION==========================
Vector x at 0 iter: 

Vector contents:
| 38161.1 |
| 18.7674 |
| 4.35871e-08 |
Alpha 38161.1 at 0 iter: 

Vector u at 0 iter: 

Vector contents:
| 76322.2 |
| 18.7674 |
| 4.35871e-08 |
Vector v at 0 iter: 

Vector contents:
| 1 |
| 0.000245897 |
| 5.71093e-13 |
Q_tmp at 0 iter: 

[[cMatrix]]
| -1 | -0.000491795 | -1.14219e-12 | 
| -0.000491795 | 1 | -2.80861e-16 | 
| -1.14219e-12 | -2.80861e-16 | 1 | 
Q_heap(0)

[[cMatrix]]
| -1 | -0.000491795 | -1.14219e-12 | 
| -0.000491795 | 1 | -2.80861e-16 | 
| -1.14219e-12 | -2.80861e-16 | 1 | 
===========================QR SECTION==========================
Vector x at 1 iter: 

Vector contents:
| 29717.9 |
| 0.000310336 |
Alpha 29717.9 at 1 iter: 

Vector u at 1 iter: 

Vector contents:
| 59435.8 |
| 0.000310336 |
Vector v at 1 iter: 

Vector contents:
| 1 |
| 5.22136e-09 |
Q_tmp at 1 iter: 

[[cMatrix]]
| -1 | -1.04427e-08 | 
| -1.04427e-08 | 1 | 
Q_heap(1)

[[cMatrix]]
| 1 | 0 | 0 | 
| 0 | -1 | -1.04427e-08 | 
| 0 | -1.04427e-08 | 1 | 
===========================QR SECTION==========================
Vector x at 0 iter: 

Vector contents:
| 38161.1 |
| 14.6151 |
| -1.56759e-08 |
Alpha 38161.1 at 0 iter: 

Vector u at 0 iter: 

Vector contents:
| 76322.2 |
| 14.6151 |
| -1.56759e-08 |
Vector v at 0 iter: 

Vector contents:
| 1 |
| 0.000191492 |
| -2.05391e-13 |
Q_tmp at 0 iter: 

[[cMatrix]]
| -1 | -0.000382984 | 4.10782e-13 | 
| -0.000382984 | 1 | 7.86615e-17 | 
| 4.10782e-13 | 7.86615e-17 | 1 | 
Q_heap(0)

[[cMatrix]]
| -1 | -0.000382984 | 4.10782e-13 | 
| -0.000382984 | 1 | 7.86615e-17 | 
| 4.10782e-13 | 7.86615e-17 | 1 | 
===========================QR SECTION==========================
Vector x at 1 iter: 

Vector contents:
| 29717.9 |
| -0.000143321 |
Alpha 29717.9 at 1 iter: 

Vector u at 1 iter: 

Vector contents:
| 59435.8 |
| -0.000143321 |
Vector v at 1 iter: 

Vector contents:
| 1 |
| -2.41135e-09 |
Q_tmp at 1 iter: 

[[cMatrix]]
| -1 | 4.8227e-09 | 
| 4.8227e-09 | 1 | 
Q_heap(1)

[[cMatrix]]
| 1 | 0 | 0 | 
| 0 | -1 | 4.8227e-09 | 
| 0 | 4.8227e-09 | 1 | 
===========================QR SECTION==========================
Vector x at 0 iter: 

Vector contents:
| 38161.1 |
| 11.3815 |
| 5.63775e-09 |
Alpha 38161.1 at 0 iter: 

Vector u at 0 iter: 

Vector contents:
| 76322.2 |
| 11.3815 |
| 5.63775e-09 |
Vector v at 0 iter: 

Vector contents:
| 1 |
| 0.000149124 |
| 7.38678e-14 |
Q_tmp at 0 iter: 

[[cMatrix]]
| -1 | -0.000298248 | -1.47736e-13 | 
| -0.000298248 | 1 | -2.20309e-17 | 
| -1.47736e-13 | -2.20309e-17 | 1 | 
Q_heap(0)

[[cMatrix]]
| -1 | -0.000298248 | -1.47736e-13 | 
| -0.000298248 | 1 | -2.20309e-17 | 
| -1.47736e-13 | -2.20309e-17 | 1 | 
===========================QR SECTION==========================
Vector x at 1 iter: 

Vector contents:
| 29717.9 |
| 6.61889e-05 |
Alpha 29717.9 at 1 iter: 

Vector u at 1 iter: 

Vector contents:
| 59435.8 |
| 6.61889e-05 |
Vector v at 1 iter: 

Vector contents:
| 1 |
| 1.11362e-09 |
Q_tmp at 1 iter: 

[[cMatrix]]
| -1 | -2.22724e-09 | 
| -2.22724e-09 | 1 | 
Q_heap(1)

[[cMatrix]]
| 1 | 0 | 0 | 
| 0 | -1 | -2.22724e-09 | 
| 0 | -2.22724e-09 | 1 | 
===========================EIGEN SECTION==========================
Eigenvalue matrix after 25 iterations of the QR algorithm
[[cMatrix]]
| 38161.1 | 11.3815 | 5.63775e-09 | 
| 11.3815 | 29717.9 | 6.61889e-05 | 
| 5.63775e-09 | 6.61889e-05 | 13724.5 | 
Eigenvector matrix Q_0:
[[cMatrix]]
| -0.988204 | 0.145661 | -0.047288 | 
| -0.152756 | -0.915538 | 0.372097 | 
| 0.0109059 | 0.374931 | 0.926989 | 
Eigenvector matrix after multiplying by Q_1:
[[cMatrix]]
| 0.967472 | -0.232053 | -0.100747 | 
| 0.246774 | 0.778013 | 0.577753 | 
| -0.055687 | -0.583821 | 0.80997 | 
Eigenvector matrix Q_1
[[cMatrix]]
| -0.994363 | 0.104103 | 0.0201368 | 
| -0.105887 | -0.964994 | -0.239946 | 
| -0.00554717 | -0.240726 | 0.970577 | 
Number of iterations: 25
Eigenvector matrix after multiplying by Q_2:
[[cMatrix]]
| -0.944922 | 0.298073 | -0.135185 | 
| -0.309623 | -0.680202 | 0.664424 | 
| 0.106094 | 0.669685 | 0.735028 | 
Eigenvector matrix Q_2
[[cMatrix]]
| -0.9965 | 0.0832281 | -0.00775662 | 
| -0.0835587 | -0.989351 | 0.119175 | 
| 0.00224472 | 0.119406 | 0.992843 | 
Number of iterations: 25
Eigenvector matrix after multiplying by Q_3:
[[cMatrix]]
| 0.92277 | -0.353177 | -0.154151 | 
| 0.354255 | 0.620046 | 0.700033 | 
| -0.151655 | -0.700578 | 0.697274 | 
Eigenvector matrix Q_3
[[cMatrix]]
| -0.997721 | 0.0674169 | 0.00288997 | 
| -0.0674736 | -0.996195 | -0.0551583 | 
| -0.000839627 | -0.0552275 | 0.998473 | 
Number of iterations: 25
Eigenvector matrix after multiplying by Q_4:
[[cMatrix]]
| -0.902361 | 0.398557 | -0.164001 | 
| -0.387062 | -0.582083 | 0.715096 | 
| 0.189544 | 0.708753 | 0.679516 | 
Eigenvector matrix Q_4
[[cMatrix]]
| -0.998536 | 0.0540842 | -0.00106104 | 
| -0.0540937 | -0.998216 | 0.0252594 | 
| 0.000306984 | 0.0252798 | 0.99968 | 
Number of iterations: 25
Eigenvector matrix after multiplying by Q_5:
[[cMatrix]]
| 0.884429 | -0.435016 | -0.168955 | 
| 0.411626 | 0.556598 | 0.721639 | 
| -0.219885 | -0.707785 | 0.671335 | 
Eigenvector matrix Q_5
[[cMatrix]]
| -0.999077 | 0.0429477 | 0.000386419 | 
| -0.0429493 | -0.99901 | -0.0115812 | 
| -0.000111349 | -0.0115871 | 0.999933 | 
Number of iterations: 25
Eigenvector matrix after multiplying by Q_6:
[[cMatrix]]
| -0.8692 | 0.463806 | -0.171392 | 
| -0.430206 | -0.538492 | 0.724534 | 
| 0.24375 | 0.703499 | 0.667589 | 
Eigenvector matrix Q_6
[[cMatrix]]
| -0.999427 | 0.0338573 | -0.000140046 | 
| -0.0338576 | -0.999412 | 0.00532251 | 
| 4.0242e-05 | 0.0053242 | 0.999986 | 
Number of iterations: 25
Eigenvector matrix after multiplying by Q_7:
[[cMatrix]]
| 0.856574 | -0.486312 | -0.172572 | 
| 0.444349 | 0.525096 | 0.72583 | 
| -0.262363 | -0.698409 | 0.665876 | 
Eigenvector matrix Q_7
[[cMatrix]]
| -0.999647 | 0.026566 | 5.06045e-05 | 
| -0.0265661 | -0.999644 | -0.00245056 | 
| -1.4515e-05 | -0.00245104 | 0.999997 | 
Number of iterations: 25
Eigenvector matrix after multiplying by Q_8:
[[cMatrix]]
| -0.846283 | 0.503814 | -0.173137 | 
| -0.455163 | -0.514927 | 0.726414 | 
| 0.276825 | 0.693557 | 0.665091 | 
Eigenvector matrix Q_8
[[cMatrix]]
| -0.999784 | 0.0207839 | -1.8252e-05 | 
| -0.0207839 | -0.999783 | 0.0011296 | 
| 5.22942e-06 | 0.00112973 | 0.999999 | 
Number of iterations: 25
Eigenvector matrix after multiplying by Q_9:
[[cMatrix]]
| 0.837994 | -0.517394 | -0.173405 | 
| 0.463459 | 0.507093 | 0.726679 | 
| -0.288047 | -0.689319 | 0.664731 | 
Eigenvector matrix Q_9
[[cMatrix]]
| -0.999868 | 0.016231 | 6.57573e-06 | 
| -0.016231 | -0.999868 | -0.000521078 | 
| -1.88274e-06 | -0.000521116 | 1 | 
Number of iterations: 25
Eigenvector matrix after multiplying by Q_10:
[[cMatrix]]
| -0.831376 | 0.527921 | -0.173531 | 
| -0.469842 | -0.501009 | 0.7268 | 
| 0.296752 | 0.685777 | 0.664566 | 
Eigenvector matrix Q_10
[[cMatrix]]
| -0.99992 | 0.0126615 | -2.36744e-06 | 
| -0.0126615 | -0.99992 | 0.000240479 | 
| 6.77556e-07 | 0.00024049 | 1 | 
Number of iterations: 25
Eigenvector matrix after multiplying by Q_11:
[[cMatrix]]
| 0.826125 | -0.536082 | -0.17359 | 
| 0.474764 | 0.496266 | 0.726855 | 
| -0.303507 | -0.682888 | 0.66449 | 
Eigenvector matrix Q_11
[[cMatrix]]
| -0.999951 | 0.00987031 | 8.5199e-07 | 
| -0.00987031 | -0.999951 | -0.000111012 | 
| -2.43775e-07 | -0.000111015 | 1 | 
Number of iterations: 25
Eigenvector matrix after multiplying by Q_12:
[[cMatrix]]
| -0.821978 | 0.542411 | -0.173618 | 
| -0.478567 | -0.492563 | 0.726881 | 
| 0.30875 | 0.680567 | 0.664456 | 
Eigenvector matrix Q_12
[[cMatrix]]
| -0.99997 | 0.00769133 | -3.06534e-07 | 
| -0.00769133 | -0.99997 | 5.12549e-05 | 
| 8.76933e-08 | 5.12557e-05 | 1 | 
Number of iterations: 25
Eigenvector matrix after multiplying by Q_13:
[[cMatrix]]
| 0.818713 | -0.547322 | -0.173631 | 
| 0.48151 | 0.489669 | 0.726892 | 
| -0.312823 | -0.678721 | 0.66444 | 
Eigenvector matrix Q_13
[[cMatrix]]
| -0.999982 | 0.00599189 | 1.1027e-07 | 
| -0.00599189 | -0.999982 | -2.36671e-05 | 
| -3.1543e-08 | -2.36673e-05 | 1 | 
Number of iterations: 25
Eigenvector matrix after multiplying by Q_14:
[[cMatrix]]
| -0.816149 | 0.551136 | -0.173637 | 
| -0.48379 | -0.487409 | 0.726898 | 
| 0.315987 | 0.677261 | 0.664432 | 
Eigenvector matrix Q_14
[[cMatrix]]
| -0.999989 | 0.00466725 | -3.96636e-08 | 
| -0.00466725 | -0.999989 | 1.0929e-05 | 
| 1.13453e-08 | 1.09291e-05 | 1 | 
Number of iterations: 25
Eigenvector matrix after multiplying by Q_15:
[[cMatrix]]
| 0.81414 | -0.554098 | -0.17364 | 
| 0.485558 | 0.485643 | 0.7269 | 
| -0.318447 | -0.676111 | 0.664429 | 
Eigenvector matrix Q_15
[[cMatrix]]
| -0.999993 | 0.00363512 | 1.42661e-08 | 
| -0.00363512 | -0.999993 | -5.047e-06 | 
| -4.08048e-09 | -5.04702e-06 | 1 | 
Number of iterations: 25
Eigenvector matrix after multiplying by Q_16:
[[cMatrix]]
| -0.812569 | 0.5564 | -0.173641 | 
| -0.486931 | -0.484265 | 0.726901 | 
| 0.32036 | 0.675208 | 0.664427 | 
Eigenvector matrix Q_16
[[cMatrix]]
| -0.999996 | 0.00283108 | -5.13099e-09 | 
| -0.00283108 | -0.999996 | 2.33075e-06 | 
| 1.46757e-09 | 2.33075e-06 | 1 | 
Number of iterations: 25
Eigenvector matrix after multiplying by Q_17:
[[cMatrix]]
| 0.81134 | -0.55819 | -0.173642 | 
| 0.487998 | 0.483189 | 0.726902 | 
| -0.321848 | -0.674501 | 0.664426 | 
Eigenvector matrix Q_17
[[cMatrix]]
| -0.999998 | 0.00220481 | 1.84539e-09 | 
| -0.00220481 | -0.999998 | -1.07637e-06 | 
| -5.27815e-10 | -1.07638e-06 | 1 | 
Number of iterations: 25
Eigenvector matrix after multiplying by Q_18:
[[cMatrix]]
| -0.81038 | 0.559582 | -0.173642 | 
| -0.488827 | -0.48235 | 0.726902 | 
| 0.323005 | 0.673948 | 0.664426 | 
Eigenvector matrix Q_18
[[cMatrix]]
| -0.999999 | 0.00171705 | -6.63699e-10 | 
| -0.00171705 | -0.999999 | 4.9709e-07 | 
| 1.89828e-10 | 4.9709e-07 | 1 | 
Number of iterations: 25
Eigenvector matrix after multiplying by Q_19:
[[cMatrix]]
| 0.809631 | -0.560665 | -0.173642 | 
| 0.489471 | 0.481696 | 0.726902 | 
| -0.323906 | -0.673515 | 0.664426 | 
Eigenvector matrix Q_19
[[cMatrix]]
| -0.999999 | 0.00133717 | 2.38699e-10 | 
| -0.00133717 | -0.999999 | -2.29567e-07 | 
| -6.82712e-11 | -2.29567e-07 | 1 | 
Number of iterations: 25
Eigenvector matrix after multiplying by Q_20:
[[cMatrix]]
| -0.809047 | 0.561508 | -0.173642 | 
| -0.489973 | -0.481186 | 0.726902 | 
| 0.324607 | 0.673178 | 0.664426 | 
Eigenvector matrix Q_20
[[cMatrix]]
| -0.999999 | 0.00104133 | -8.58473e-11 | 
| -0.00104133 | -0.999999 | 1.06019e-07 | 
| 2.45535e-11 | 1.06019e-07 | 1 | 
Number of iterations: 25
Eigenvector matrix after multiplying by Q_21:
[[cMatrix]]
| 0.808591 | -0.562164 | -0.173642 | 
| 0.490363 | 0.480789 | 0.726902 | 
| -0.325153 | -0.672914 | 0.664426 | 
Eigenvector matrix Q_21
[[cMatrix]]
| -1 | 0.000810938 | 3.08747e-11 | 
| -0.000810938 | -1 | -4.89621e-08 | 
| -8.83056e-12 | -4.89621e-08 | 1 | 
Number of iterations: 25
Eigenvector matrix after multiplying by Q_22:
[[cMatrix]]
| -0.808236 | 0.562675 | -0.173642 | 
| -0.490666 | -0.480479 | 0.726902 | 
| 0.325578 | 0.672709 | 0.664426 | 
Eigenvector matrix Q_22
[[cMatrix]]
| -1 | 0.000631519 | -1.1104e-11 | 
| -0.000631519 | -1 | 2.26119e-08 | 
| 3.17587e-12 | 2.26119e-08 | 1 | 
Number of iterations: 25
Eigenvector matrix after multiplying by Q_23:
[[cMatrix]]
| 0.807959 | -0.563072 | -0.173642 | 
| 0.490902 | 0.480237 | 0.726902 | 
| -0.325909 | -0.672549 | 0.664426 | 
Eigenvector matrix Q_23
[[cMatrix]]
| -1 | 0.000491795 | 3.99348e-12 | 
| -0.000491795 | -1 | -1.04427e-08 | 
| -1.14219e-12 | -1.04427e-08 | 1 | 
Number of iterations: 25
Eigenvector matrix after multiplying by Q_24:
[[cMatrix]]
| -0.807744 | 0.563381 | -0.173642 | 
| -0.491086 | -0.480049 | 0.726902 | 
| 0.326166 | 0.672424 | 0.664426 | 
Eigenvector matrix Q_24
[[cMatrix]]
| -1 | 0.000382984 | -1.43624e-12 | 
| -0.000382984 | -1 | 4.8227e-09 | 
| 4.10782e-13 | 4.8227e-09 | 1 | 
Number of iterations: 25
Eigenvector matrix after multiplying by Q_25:
[[cMatrix]]
| 0.807576 | -0.563622 | -0.173642 | 
| 0.49123 | 0.479903 | 0.726902 | 
| -0.326367 | -0.672327 | 0.664426 | 
Eigenvector matrix Q_25
[[cMatrix]]
| -1 | 0.000298248 | 5.16536e-13 | 
| -0.000298248 | -1 | -2.22724e-09 | 
| -1.47736e-13 | -2.22724e-09 | 1 | 
Number of iterations: 25
===========================SVD SECTION==========================
A*A' = 
[[cMatrix]]
| 34734.1 | 5369.16 | -383.33 | 
| 5369.16 | 23308.8 | -9082.33 | 
| -383.33 | -9082.33 | 23560.6 | 

Eigenvectors of A*A' (U) = 

[[cMatrix]]
| 0.807576 | -0.563622 | -0.173642 | 
| 0.49123 | 0.479903 | 0.726902 | 
| -0.326367 | -0.672327 | 0.664426 | 

Singular values of A'*A (S) = 

[[cMatrix]]
| 195.349 | 0 | 0 | 
| 0 | 172.389 | 0 | 
| 0 | 0 | 117.151 | 

Eigenvectors of A'*A (V) = 

[[cMatrix]]
| 0.343618 | -0.365893 | 0.86486 | 
| -0.84132 | 0.288999 | 0.456654 | 
| -0.417263 | -0.884648 | -0.208528 | 


Q_U = 
[[cMatrix]]
| -1 | 0.000298248 | 5.16536e-13 | 
| -0.000298248 | -1 | -2.22724e-09 | 
| -1.47736e-13 | -2.22724e-09 | 1 | 
Q_U iter = 25
Q_V = 
[[cMatrix]]
| 0 | 0 | 0 | 0 | 
| 0 | 0 | 0 | 0 | 
| 0 | 0 | 0 | 0 | 
| 0 | 0 | 0 | 0 | 
Q_V iter = 2685004



Original matrix A = U*S*V' = 
[[cMatrix]]
| 72.1663 | -170.095 | 24.3694 | 
| 76.3531 | -17.9375 | -130.986 | 
| 87.8194 | 55.6885 | 112.903 | 
===========================KABSCH SECTION==========================

Centroid of A = 
Vector contents:
| 5.11111 |
| 3.22222 |
| 4.66667 |

Centroid of B = 
Vector contents:
| -0.341285 |
| -0.281359 |
| 7.62157 |

A - centroidA =
[[cMatrix]]
| -3.11111 | -4.11111 | -0.111111 | 1.88889 | 3.88889 | -1.11111 | 1.88889 | -3.11111 | -5.11111 | 2.88889 | 0.888889 | 3.88889 | -1.11111 | -3.11111 | 0.888889 | 2.88889 | 1.88889 | -0.111111 | 
| -2.22222 | 4.77778 | -2.22222 | 2.77778 | -3.22222 | 4.77778 | -2.22222 | -2.22222 | 1.77778 | -2.22222 | -3.22222 | 2.77778 | 4.77778 | -3.22222 | 4.77778 | -1.22222 | -2.22222 | -2.22222 | 
| -2.66667 | -3.66667 | -1.66667 | -0.666667 | 3.33333 | -3.66667 | 4.33333 | 2.33333 | 4.33333 | 2.33333 | -4.66667 | -0.666667 | 3.33333 | -0.666667 | 4.33333 | -1.66667 | -4.66667 | 0.333333 | 

B - centroidB =
[[cMatrix]]
| 0.482605 | -6.50085 | 1.68132 | -2.06207 | 4.92697 | -5.50002 | 3.53595 | 1.4721 | -2.48614 | 3.47377 | 2.34295 | -1.39486 | -4.11471 | 1.8001 | -3.24958 | 1.76045 | 1.75484 | 2.07714 | 
