
Original matrix A = 
[[cMatrix]]
| 7 | 7 | 4 | 9 | 5 | 5 | 4 | 8 | 8 | 2 | 3 | 3 | 0 | 9 | 7 | 
| 8 | 3 | 1 | 1 | 9 | 7 | 3 | 4 | 6 | 3 | 8 | 5 | 3 | 4 | 2 | 
| 1 | 5 | 9 | 7 | 0 | 5 | 9 | 9 | 5 | 5 | 3 | 8 | 6 | 5 | 4 | 

Transformed matrix B = 
[[cMatrix]]
| 1.80614 | -2.58991 | -7.44243 | -4.20055 | 2.34607 | -2.66775 | -7.21595 | -6.04116 | -1.98481 | -3.91686 | -1.17035 | -6.2974 | -5.4051 | -1.9459 | -1.74568 | 
| 9.83357 | 8.70065 | 6.41108 | 10.0465 | 8.3186 | 8.84253 | 7.32406 | 11.1487 | 10.9122 | 4.49046 | 7.04018 | 7.10762 | 3.09376 | 10.8412 | 7.95677 | 
| -3.74683 | 0.76883 | 1.22816 | 3.52465 | -5.59435 | -3.70038 | -0.53683 | 0.45915 | -1.40903 | -1.57925 | -5.5737 | -2.79723 | -2.49269 | 0.82557 | 1.62553 | 
===========================QR SECTION==========================
Vector x at 0 iter: 

Vector contents:
| 19276.3 |
| 5105.3 |
| -11568.7 |
Alpha 23053.7 at 0 iter: 

Vector u at 0 iter: 

Vector contents:
| 42330 |
| 5105.3 |
| -11568.7 |
Vector v at 0 iter: 

Vector contents:
| 0.958161 |
| 0.115561 |
| -0.261863 |
Q_tmp at 0 iter: 

[[cMatrix]]
| -0.836147 | -0.221452 | 0.501814 | 
| -0.221452 | 0.973291 | 0.0605223 | 
| 0.501814 | 0.0605223 | 0.862856 | 
Q_heap(0)

[[cMatrix]]
| -0.836147 | -0.221452 | 0.501814 | 
| -0.221452 | 0.973291 | 0.0605223 | 
| 0.501814 | 0.0605223 | 0.862856 | 
===========================QR SECTION==========================
Vector x at 1 iter: 

Vector contents:
| 6097.16 |
| 4967.17 |
Alpha 7864.36 at 1 iter: 

Vector u at 1 iter: 

Vector contents:
| 13961.5 |
| 4967.17 |
Vector v at 1 iter: 

Vector contents:
| 0.942149 |
| 0.335194 |
Q_tmp at 1 iter: 

[[cMatrix]]
| -0.77529 | -0.631605 | 
| -0.631605 | 0.77529 | 
Q_heap(1)

[[cMatrix]]
| 1 | 0 | 0 | 
| 0 | -0.77529 | -0.631605 | 
| 0 | -0.631605 | 0.77529 | 
===========================QR SECTION==========================
Vector x at 0 iter: 

Vector contents:
| 28454.7 |
| -2481.96 |
| 714.809 |
Alpha 28571.7 at 0 iter: 

Vector u at 0 iter: 

Vector contents:
| 57026.5 |
| -2481.96 |
| 714.809 |
Vector v at 0 iter: 

Vector contents:
| 0.998976 |
| -0.0434784 |
| 0.0125219 |
Q_tmp at 0 iter: 

[[cMatrix]]
| -0.995906 | 0.0868677 | -0.0250181 | 
| 0.0868677 | 0.996219 | 0.00108886 | 
| -0.0250181 | 0.00108886 | 0.999686 | 
Q_heap(0)

[[cMatrix]]
| -0.995906 | 0.0868677 | -0.0250181 | 
| 0.0868677 | 0.996219 | 0.00108886 | 
| -0.0250181 | 0.00108886 | 0.999686 | 
===========================QR SECTION==========================
Vector x at 1 iter: 

Vector contents:
| 10957.8 |
| -768.569 |
Alpha 10984.7 at 1 iter: 

Vector u at 1 iter: 

Vector contents:
| 21942.5 |
| -768.569 |
Vector v at 1 iter: 

Vector contents:
| 0.999387 |
| -0.035005 |
Q_tmp at 1 iter: 

[[cMatrix]]
| -0.997549 | 0.0699671 | 
| 0.0699671 | 0.997549 | 
Q_heap(1)

[[cMatrix]]
| 1 | 0 | 0 | 
| 0 | -0.997549 | 0.0699671 | 
| 0 | 0.0699671 | 0.997549 | 
===========================QR SECTION==========================
Vector x at 0 iter: 

Vector contents:
| 28776.1 |
| -975.146 |
| -20.5864 |
Alpha 28792.7 at 0 iter: 

Vector u at 0 iter: 

Vector contents:
| 57568.8 |
| -975.146 |
| -20.5864 |
Vector v at 0 iter: 

Vector contents:
| 0.999857 |
| -0.0169364 |
| -0.000357545 |
Q_tmp at 0 iter: 

[[cMatrix]]
| -0.999426 | 0.0338679 | 0.000714987 | 
| 0.0338679 | 0.999426 | -1.2111e-05 | 
| 0.000714987 | -1.2111e-05 | 1 | 
Q_heap(0)

[[cMatrix]]
| -0.999426 | 0.0338679 | 0.000714987 | 
| 0.0338679 | 0.999426 | -1.2111e-05 | 
| 0.000714987 | -1.2111e-05 | 1 | 
===========================QR SECTION==========================
Vector x at 1 iter: 

Vector contents:
| 10933.8 |
| 55.8312 |
Alpha 10934 at 1 iter: 

Vector u at 1 iter: 

Vector contents:
| 21867.8 |
| 55.8312 |
Vector v at 1 iter: 

Vector contents:
| 0.999997 |
| 0.00255311 |
Q_tmp at 1 iter: 

[[cMatrix]]
| -0.999987 | -0.00510621 | 
| -0.00510621 | 0.999987 | 
Q_heap(1)

[[cMatrix]]
| 1 | 0 | 0 | 
| 0 | -0.999987 | -0.00510621 | 
| 0 | -0.00510621 | 0.999987 | 
===========================QR SECTION==========================
Vector x at 0 iter: 

Vector contents:
| 28821.7 |
| -370.353 |
| 0.586531 |
Alpha 28824.1 at 0 iter: 

Vector u at 0 iter: 

Vector contents:
| 57645.9 |
| -370.353 |
| 0.586531 |
Vector v at 0 iter: 

Vector contents:
| 0.999979 |
| -0.00642449 |
| 1.01745e-05 |
Q_tmp at 0 iter: 

[[cMatrix]]
| -0.999917 | 0.0128487 | -2.03486e-05 | 
| 0.0128487 | 0.999917 | 1.30732e-07 | 
| -2.03486e-05 | 1.30732e-07 | 1 | 
Q_heap(0)

[[cMatrix]]
| -0.999917 | 0.0128487 | -2.03486e-05 | 
| 0.0128487 | 0.999917 | 1.30732e-07 | 
| -2.03486e-05 | 1.30732e-07 | 1 | 
===========================QR SECTION==========================
Vector x at 1 iter: 

Vector contents:
| 10922.2 |
| -4.16991 |
Alpha 10922.2 at 1 iter: 

Vector u at 1 iter: 

Vector contents:
| 21844.4 |
| -4.16991 |
Vector v at 1 iter: 

Vector contents:
| 1 |
| -0.000190892 |
Q_tmp at 1 iter: 

[[cMatrix]]
| -1 | 0.000381783 | 
| 0.000381783 | 1 | 
Q_heap(1)

[[cMatrix]]
| 1 | 0 | 0 | 
| 0 | -1 | 0.000381783 | 
| 0 | 0.000381783 | 1 | 
===========================QR SECTION==========================
Vector x at 0 iter: 

Vector contents:
| 28828.3 |
| -140.336 |
| -0.0166925 |
Alpha 28828.6 at 0 iter: 

Vector u at 0 iter: 

Vector contents:
| 57657 |
| -140.336 |
| -0.0166925 |
Vector v at 0 iter: 

Vector contents:
| 0.999997 |
| -0.00243398 |
| -2.89512e-07 |
Q_tmp at 0 iter: 

[[cMatrix]]
| -0.999988 | 0.00486795 | 5.79023e-07 | 
| 0.00486795 | 0.999988 | -1.40934e-09 | 
| 5.79023e-07 | -1.40934e-09 | 1 | 
Q_heap(0)

[[cMatrix]]
| -0.999988 | 0.00486795 | 5.79023e-07 | 
| 0.00486795 | 0.999988 | -1.40934e-09 | 
| 5.79023e-07 | -1.40934e-09 | 1 | 
===========================QR SECTION==========================
Vector x at 1 iter: 

Vector contents:
| 10920.5 |
| 0.312982 |
Alpha 10920.5 at 1 iter: 

Vector u at 1 iter: 

Vector contents:
| 21841 |
| 0.312982 |
Vector v at 1 iter: 

Vector contents:
| 1 |
| 1.43301e-05 |
Q_tmp at 1 iter: 

[[cMatrix]]
| -1 | -2.86601e-05 | 
| -2.86601e-05 | 1 | 
Q_heap(1)

[[cMatrix]]
| 1 | 0 | 0 | 
| 0 | -1 | -2.86601e-05 | 
| 0 | -2.86601e-05 | 1 | 
===========================QR SECTION==========================
Vector x at 0 iter: 

Vector contents:
| 28829.2 |
| -53.1604 |
| 0.000474987 |
Alpha 28829.3 at 0 iter: 

Vector u at 0 iter: 

Vector contents:
| 57658.5 |
| -53.1604 |
| 0.000474987 |
Vector v at 0 iter: 

Vector contents:
| 1 |
| -0.000921985 |
| 8.23793e-09 |
Q_tmp at 0 iter: 

[[cMatrix]]
| -0.999998 | 0.00184397 | -1.64758e-08 | 
| 0.00184397 | 0.999998 | 1.51905e-11 | 
| -1.64758e-08 | 1.51905e-11 | 1 | 
Q_heap(0)

[[cMatrix]]
| -0.999998 | 0.00184397 | -1.64758e-08 | 
| 0.00184397 | 0.999998 | 1.51905e-11 | 
| -1.64758e-08 | 1.51905e-11 | 1 | 
===========================QR SECTION==========================
Vector x at 1 iter: 

Vector contents:
| 10920.2 |
| -0.0235084 |
Alpha 10920.2 at 1 iter: 

Vector u at 1 iter: 

Vector contents:
| 21840.5 |
| -0.0235084 |
Vector v at 1 iter: 

Vector contents:
| 1 |
| -1.07637e-06 |
Q_tmp at 1 iter: 

[[cMatrix]]
| -1 | 2.15274e-06 | 
| 2.15274e-06 | 1 | 
Q_heap(1)

[[cMatrix]]
| 1 | 0 | 0 | 
| 0 | -1 | 2.15274e-06 | 
| 0 | 2.15274e-06 | 1 | 
===========================QR SECTION==========================
Vector x at 0 iter: 

Vector contents:
| 28829.4 |
| -20.1366 |
| -1.35155e-05 |
Alpha 28829.4 at 0 iter: 

Vector u at 0 iter: 

Vector contents:
| 57658.8 |
| -20.1366 |
| -1.35155e-05 |
Vector v at 0 iter: 

Vector contents:
| 1 |
| -0.000349237 |
| -2.34406e-10 |
Q_tmp at 0 iter: 

[[cMatrix]]
| -1 | 0.000698475 | 4.68811e-10 | 
| 0.000698475 | 1 | -1.63726e-13 | 
| 4.68811e-10 | -1.63726e-13 | 1 | 
Q_heap(0)

[[cMatrix]]
| -1 | 0.000698475 | 4.68811e-10 | 
| 0.000698475 | 1 | -1.63726e-13 | 
| 4.68811e-10 | -1.63726e-13 | 1 | 
===========================QR SECTION==========================
Vector x at 1 iter: 

Vector contents:
| 10920.2 |
| 0.00176592 |
Alpha 10920.2 at 1 iter: 

Vector u at 1 iter: 

Vector contents:
| 21840.4 |
| 0.00176592 |
Vector v at 1 iter: 

Vector contents:
| 1 |
| 8.08556e-08 |
Q_tmp at 1 iter: 

[[cMatrix]]
| -1 | -1.61711e-07 | 
| -1.61711e-07 | 1 | 
Q_heap(1)

[[cMatrix]]
| 1 | 0 | 0 | 
| 0 | -1 | -1.61711e-07 | 
| 0 | -1.61711e-07 | 1 | 
===========================QR SECTION==========================
Vector x at 0 iter: 

Vector contents:
| 28829.4 |
| -7.62748 |
| 3.84577e-07 |
Alpha 28829.4 at 0 iter: 

Vector u at 0 iter: 

Vector contents:
| 57658.8 |
| -7.62748 |
| 3.84577e-07 |
Vector v at 0 iter: 

Vector contents:
| 1 |
| -0.000132287 |
| 6.66988e-12 |
Q_tmp at 0 iter: 

[[cMatrix]]
| -1 | 0.000264573 | -1.33398e-11 | 
| 0.000264573 | 1 | 1.76467e-15 | 
| -1.33398e-11 | 1.76467e-15 | 1 | 
Q_heap(0)

[[cMatrix]]
| -1 | 0.000264573 | -1.33398e-11 | 
| 0.000264573 | 1 | 1.76467e-15 | 
| -1.33398e-11 | 1.76467e-15 | 1 | 
===========================QR SECTION==========================
Vector x at 1 iter: 

Vector contents:
| 10920.2 |
| -0.000132655 |
Alpha 10920.2 at 1 iter: 

Vector u at 1 iter: 

Vector contents:
| 21840.4 |
| -0.000132655 |
Vector v at 1 iter: 

Vector contents:
| 1 |
| -6.07386e-09 |
Q_tmp at 1 iter: 

[[cMatrix]]
| -1 | 1.21477e-08 | 
| 1.21477e-08 | 1 | 
Q_heap(1)

[[cMatrix]]
| 1 | 0 | 0 | 
| 0 | -1 | 1.21477e-08 | 
| 0 | 1.21477e-08 | 1 | 
===========================QR SECTION==========================
Vector x at 0 iter: 

Vector contents:
| 28829.4 |
| -2.88919 |
| -1.09429e-08 |
Alpha 28829.4 at 0 iter: 

Vector u at 0 iter: 

Vector contents:
| 57658.8 |
| -2.88919 |
| -1.09429e-08 |
Vector v at 0 iter: 

Vector contents:
| 1 |
| -5.01084e-05 |
| -1.89788e-13 |
Q_tmp at 0 iter: 

[[cMatrix]]
| -1 | 0.000100217 | 3.79575e-13 | 
| 0.000100217 | 1 | -1.90199e-17 | 
| 3.79575e-13 | -1.90199e-17 | 1 | 
Q_heap(0)

[[cMatrix]]
| -1 | 0.000100217 | 3.79575e-13 | 
| 0.000100217 | 1 | -1.90199e-17 | 
| 3.79575e-13 | -1.90199e-17 | 1 | 
===========================QR SECTION==========================
Vector x at 1 iter: 

Vector contents:
| 10920.2 |
| 9.96507e-06 |
Alpha 10920.2 at 1 iter: 

Vector u at 1 iter: 

Vector contents:
| 21840.4 |
| 9.96507e-06 |
Vector v at 1 iter: 

Vector contents:
| 1 |
| 4.56268e-10 |
Q_tmp at 1 iter: 

[[cMatrix]]
| -1 | -9.12535e-10 | 
| -9.12535e-10 | 1 | 
Q_heap(1)

[[cMatrix]]
| 1 | 0 | 0 | 
| 0 | -1 | -9.12535e-10 | 
| 0 | -9.12535e-10 | 1 | 
===========================QR SECTION==========================
Vector x at 0 iter: 

Vector contents:
| 28829.4 |
| -1.09439 |
| 3.11375e-10 |
Alpha 28829.4 at 0 iter: 

Vector u at 0 iter: 

Vector contents:
| 57658.8 |
| -1.09439 |
| 3.11375e-10 |
Vector v at 0 iter: 

Vector contents:
| 1 |
| -1.89804e-05 |
| 5.4003e-15 |
Q_tmp at 0 iter: 

[[cMatrix]]
| -1 | 3.79608e-05 | -1.08006e-14 | 
| 3.79608e-05 | 1 | 2.05e-19 | 
| -1.08006e-14 | 2.05e-19 | 1 | 
Q_heap(0)

[[cMatrix]]
| -1 | 3.79608e-05 | -1.08006e-14 | 
| 3.79608e-05 | 1 | 2.05e-19 | 
| -1.08006e-14 | 2.05e-19 | 1 | 
===========================QR SECTION==========================
Vector x at 1 iter: 

Vector contents:
| 10920.2 |
| -7.48575e-07 |
Alpha 10920.2 at 1 iter: 

Vector u at 1 iter: 

Vector contents:
| 21840.4 |
| -7.48575e-07 |
Vector v at 1 iter: 

Vector contents:
| 1 |
| -3.42748e-11 |
Q_tmp at 1 iter: 

[[cMatrix]]
| -1 | 6.85496e-11 | 
| 6.85496e-11 | 1 | 
Q_heap(1)

[[cMatrix]]
| 1 | 0 | 0 | 
| 0 | -1 | 6.85496e-11 | 
| 0 | 6.85496e-11 | 1 | 
===========================EIGEN SECTION==========================
Eigenvalue matrix after 9 iterations of the QR algorithm
[[cMatrix]]
| 28829.4 | -1.09439 | 3.11375e-10 | 
| -1.09439 | 10920.2 | -7.48575e-07 | 
| 3.11375e-10 | -7.48575e-07 | 820.325 | 
Eigenvector matrix Q_0:
[[cMatrix]]
| -0.836147 | -0.145258 | 0.528922 | 
| -0.221452 | -0.79281 | -0.567813 | 
| 0.501814 | -0.591906 | 0.630738 | 
Eigenvector matrix after multiplying by Q_1:
[[cMatrix]]
| 0.806873 | 0.254684 | 0.533003 | 
| 0.165882 | 0.768295 | -0.618229 | 
| -0.566957 | 0.587247 | 0.577669 | 
Eigenvector matrix Q_1
[[cMatrix]]
| -0.995906 | -0.0884052 | -0.0188789 | 
| 0.0868677 | -0.993702 | 0.0707887 | 
| -0.0250181 | 0.0688589 | 0.997313 | 
Number of iterations: 9
Eigenvector matrix after multiplying by Q_2:
[[cMatrix]]
| -0.797403 | -0.28458 | 0.532131 | 
| -0.140208 | -0.770313 | -0.622061 | 
| 0.586933 | -0.570642 | 0.57435 | 
Eigenvector matrix Q_2
[[cMatrix]]
| -0.999426 | -0.0338711 | 0.000542041 | 
| 0.0338679 | -0.999413 | -0.00511539 | 
| 0.000714987 | -0.0050941 | 0.999987 | 
Number of iterations: 9
Eigenvector matrix after multiplying by Q_3:
[[cMatrix]]
| 0.79367 | 0.295005 | 0.532034 | 
| 0.130311 | 0.771814 | -0.622353 | 
| -0.594228 | 0.563272 | 0.574123 | 
Eigenvector matrix Q_3
[[cMatrix]]
| -0.999917 | -0.0128487 | -1.54432e-05 | 
| 0.0128487 | -0.999917 | 0.000381883 | 
| -2.03486e-05 | 0.000381653 | 1 | 
Number of iterations: 9
Eigenvector matrix after multiplying by Q_4:
[[cMatrix]]
| -0.792224 | -0.29888 | 0.532026 | 
| -0.126553 | -0.772421 | -0.622375 | 
| 0.596964 | -0.56039 | 0.574106 | 
Eigenvector matrix Q_4
[[cMatrix]]
| -0.999988 | -0.00486795 | 4.39507e-07 | 
| 0.00486795 | -0.999988 | -2.86612e-05 | 
| 5.79023e-07 | -2.86587e-05 | 1 | 
Number of iterations: 9
Eigenvector matrix after multiplying by Q_5:
[[cMatrix]]
| 0.791671 | 0.300342 | 0.532026 | 
| 0.125129 | 0.772652 | -0.622376 | 
| -0.597996 | 0.559289 | 0.574105 | 
Eigenvector matrix Q_5
[[cMatrix]]
| -0.999998 | -0.00184397 | -1.25063e-08 | 
| 0.00184397 | -0.999998 | 2.15275e-06 | 
| -1.64758e-08 | 2.15272e-06 | 1 | 
Number of iterations: 9
Eigenvector matrix after multiplying by Q_6:
[[cMatrix]]
| -0.791461 | -0.300895 | 0.532026 | 
| -0.124589 | -0.772739 | -0.622376 | 
| 0.598387 | -0.558871 | 0.574105 | 
Eigenvector matrix Q_6
[[cMatrix]]
| -1 | -0.000698475 | 3.5586e-10 | 
| 0.000698475 | -1 | -1.61711e-07 | 
| 4.68811e-10 | -1.61711e-07 | 1 | 
Number of iterations: 9
Eigenvector matrix after multiplying by Q_7:
[[cMatrix]]
| 0.791382 | 0.301104 | 0.532026 | 
| 0.124384 | 0.772772 | -0.622376 | 
| -0.598534 | 0.558713 | 0.574105 | 
Eigenvector matrix Q_7
[[cMatrix]]
| -1 | -0.000264573 | -1.01258e-11 | 
| 0.000264573 | -1 | 1.21477e-08 | 
| -1.33398e-11 | 1.21477e-08 | 1 | 
Number of iterations: 9
Eigenvector matrix after multiplying by Q_8:
[[cMatrix]]
| -0.791352 | -0.301183 | 0.532026 | 
| -0.124307 | -0.772784 | -0.622376 | 
| 0.59859 | -0.558653 | 0.574105 | 
Eigenvector matrix Q_8
[[cMatrix]]
| -1 | -0.000100217 | 2.88124e-13 | 
| 0.000100217 | -1 | -9.12535e-10 | 
| 3.79575e-13 | -9.12535e-10 | 1 | 
Number of iterations: 9
Eigenvector matrix after multiplying by Q_9:
[[cMatrix]]
| 0.79134 | 0.301213 | 0.532026 | 
| 0.124278 | 0.772789 | -0.622376 | 
| -0.598612 | 0.55863 | 0.574105 | 
Eigenvector matrix Q_9
[[cMatrix]]
| -1 | -3.79608e-05 | -8.19841e-15 | 
| 3.79608e-05 | -1 | 6.85496e-11 | 
| -1.08006e-14 | 6.85496e-11 | 1 | 
Number of iterations: 9
===========================SVD SECTION==========================
A*A' = 
[[cMatrix]]
| 19276.3 | 5105.3 | -11568.7 | 
| 5105.3 | 7284.52 | 2276.6 | 
| -11568.7 | 2276.6 | 14009.1 | 

Eigenvectors of A*A' (U) = 

[[cMatrix]]
| 0.79134 | 0.301213 | 0.532026 | 
| 0.124278 | 0.772789 | -0.622376 | 
| -0.598612 | 0.55863 | 0.574105 | 

Singular values of A'*A (S) = 

[[cMatrix]]
| 169.792 | 0 | 0 | 
| 0 | 104.5 | 0 | 
| 0 | 0 | 28.6413 | 

Eigenvectors of A'*A (V) = 

[[cMatrix]]
| 0.0335325 | 0.992998 | -0.113262 | 
| 0.674612 | -0.106119 | -0.730508 | 
| -0.737411 | -0.0518946 | -0.673447 | 


Q_U = 
[[cMatrix]]
| -1 | -3.79608e-05 | -8.19841e-15 | 
| 3.79608e-05 | -1 | 6.85496e-11 | 
| -1.08006e-14 | 6.85496e-11 | 1 | 
Q_U iter = 9
Q_V = 
[[cMatrix]]
| 0 | 0 | 0 | 0 | 
| 0 | 0 | 0 | 0 | 
| 0 | 0 | 0 | 0 | 
| 0 | 0 | 0 | 0 | 
Q_V iter = 2685004



Original matrix A = U*S*V' = 
[[cMatrix]]
| 34.036 | 76.1715 | -110.976 | 
| 82.9174 | 18.6873 | -7.74655 | 
| 52.6974 | -86.7739 | 60.8471 | 
===========================KABSCH SECTION==========================

Centroid of A = 
Vector contents:
| 5.4 |
| 4.46667 |
| 5.4 |

Centroid of B = 
Vector contents:
| -3.23144 |
| 8.13786 |
| -1.26656 |

A - centroidA =
[[cMatrix]]
| 1.6 | 1.6 | -1.4 | 3.6 | -0.4 | -0.4 | -1.4 | 2.6 | 2.6 | -3.4 | -2.4 | -2.4 | -5.4 | 3.6 | 1.6 | 
| 3.53333 | -1.46667 | -3.46667 | -3.46667 | 4.53333 | 2.53333 | -1.46667 | -0.466667 | 1.53333 | -1.46667 | 3.53333 | 0.533333 | -1.46667 | -0.466667 | -2.46667 | 
| -4.4 | -0.4 | 3.6 | 1.6 | -5.4 | -0.4 | 3.6 | 3.6 | -0.4 | -0.4 | -2.4 | 2.6 | 0.6 | -0.4 | -1.4 | 

B - centroidB =
[[cMatrix]]
| 5.03758 | 0.641533 | -4.21099 | -0.969107 | 5.57751 | 0.563693 | -3.98451 | -2.80972 | 1.24663 | -0.685417 | 2.06109 | -3.06596 | -2.17366 | 1.28554 | 1.48576 | 
| 1.69571 | 0.562793 | -1.72678 | 1.90865 | 0.180743 | 0.704673 | -0.813797 | 3.01084 | 2.7743 | -3.6474 | -1.09768 | -1.03024 | -5.0441 | 2.70335 | -0.181087 | 
| -2.48027 | 2.03539 | 2.49472 | 4.79121 | -4.32779 | -2.43382 | 0.72973 | 1.72571 | -0.14247 | -0.31269 | -4.30714 | -1.53067 | -1.22613 | 2.09213 | 2.89209 | 

H = 
[[cMatrix]]
| 34.036 | 76.1715 | -110.976 | 
| 82.9174 | 18.6873 | -7.74655 | 
| 52.6974 | -86.7739 | 60.8471 | 

Det of R = 1

Rotation matrix = 
[[cMatrix]]
| 0.265382 | 0.842037 | 0.469622 | 
| 0.113234 | 0.456483 | -0.882499 | 
| -0.957465 | 0.28739 | 0.0258037 | 

R * B = 
[[cMatrix]]
| 6.99995 | 7.00001 | 4.00005 | 9.00004 | 4.99994 | 4.99998 | 4.00004 | 8.00003 | 8 | 2.00002 | 2.99997 | 3.00002 | 2.24067e-05 | 9 | 7.00001 | 
| 7.99995 | 2.99994 | 0.999958 | 0.99991 | 8.99996 | 6.99996 | 2.99997 | 3.99992 | 5.99993 | 2.99998 | 7.99998 | 4.99998 | 3 | 3.99992 | 1.99993 | 
| 1.00007 | 5.00007 | 9.00004 | 7.0001 | 4.81351e-05 | 5.00005 | 9.00003 | 9.00007 | 5.00007 | 5.00002 | 3.00003 | 8.00002 | 5.99999 | 5.00009 | 4.00007 | 

Translation matrix = 
Vector contents:
| -5.25089e-06 |
| 4.82111e-05 |
| -5.09498e-05 |

Result of the algorithm: 

R * B + t = A
[[cMatrix]]
| 6.99995 | 7.00001 | 4.00005 | 9.00003 | 4.99994 | 4.99998 | 4.00003 | 8.00002 | 7.99999 | 2.00001 | 2.99996 | 3.00002 | 1.71558e-05 | 8.99999 | 7 | 
| 7.99999 | 2.99998 | 1.00001 | 0.999958 | 9.00001 | 7.00001 | 3.00001 | 3.99997 | 5.99998 | 3.00003 | 8.00003 | 5.00003 | 3.00005 | 3.99996 | 1.99998 | 
| 1.00002 | 5.00002 | 8.99999 | 7.00005 | -2.81467e-06 | 5 | 8.99998 | 9.00002 | 5.00002 | 4.99997 | 2.99997 | 7.99997 | 5.99994 | 5.00004 | 4.00002 | 

Original matrix A = 
[[cMatrix]]
| 7 | 7 | 4 | 9 | 5 | 5 | 4 | 8 | 8 | 2 | 3 | 3 | 0 | 9 | 7 | 
| 8 | 3 | 1 | 1 | 9 | 7 | 3 | 4 | 6 | 3 | 8 | 5 | 3 | 4 | 2 | 
| 1 | 5 | 9 | 7 | 0 | 5 | 9 | 9 | 5 | 5 | 3 | 8 | 6 | 5 | 4 | 

Transformed matrix B = 
[[cMatrix]]
| 1.80614 | -2.58991 | -7.44243 | -4.20055 | 2.34607 | -2.66775 | -7.21595 | -6.04116 | -1.98481 | -3.91686 | -1.17035 | -6.2974 | -5.4051 | -1.9459 | -1.74568 | 
| 9.83357 | 8.70065 | 6.41108 | 10.0465 | 8.3186 | 8.84253 | 7.32406 | 11.1487 | 10.9122 | 4.49046 | 7.04018 | 7.10762 | 3.09376 | 10.8412 | 7.95677 | 
| -3.74683 | 0.76883 | 1.22816 | 3.52465 | -5.59435 | -3.70038 | -0.53683 | 0.45915 | -1.40903 | -1.57925 | -5.5737 | -2.79723 | -2.49269 | 0.82557 | 1.62553 | 
