
Original matrix A = 
[[cMatrix]]
| 5 | 9 | 2 | 8 | 8 | 0 | 8 | 3 | 5 | 2 | 1 | 4 | 4 | 0 | 4 | 5 | 
| 5 | 3 | 7 | 4 | 2 | 9 | 4 | 7 | 0 | 4 | 4 | 4 | 1 | 1 | 4 | 3 | 
| 5 | 8 | 0 | 2 | 4 | 8 | 2 | 1 | 5 | 6 | 7 | 2 | 1 | 0 | 6 | 2 | 

Transformed matrix B = 
[[cMatrix]]
| -7.37559 | -8.78812 | -4.47158 | -4.63278 | -4.96389 | -11.8217 | -4.63278 | -5.32921 | -4.28817 | -7.31736 | -8.0258 | -4.3344 | -1.6989 | -0.61748 | -7.46655 | -3.79151 | 
| 1.8318 | 6.86551 | -3.59584 | 2.75913 | 5.06443 | -2.24385 | 2.75913 | -2.55506 | 5.20389 | 1.29684 | 1.21254 | 0.50897 | 2.05398 | -0.67442 | 2.42192 | 1.74592 | 
| -4.15273 | -5.44369 | -4.48051 | -7.41111 | -5.80615 | -0.462 | -7.41111 | -4.90624 | -2.12865 | -0.88005 | 0.34101 | -4.11752 | -3.30074 | -0.40482 | -2.52685 | -4.5361 | 
===========================QR SECTION==========================
Vector x at 0 iter: 

Vector contents:
| 13636.9 |
| 261.426 |
| -4462.75 |
Alpha 14351 at 0 iter: 

Vector u at 0 iter: 

Vector contents:
| 27987.9 |
| 261.426 |
| -4462.75 |
Vector v at 0 iter: 

Vector contents:
| 0.987483 |
| 0.00922377 |
| -0.157457 |
Q_tmp at 0 iter: 

[[cMatrix]]
| -0.950245 | -0.0182166 | 0.310972 | 
| -0.0182166 | 0.99983 | 0.00290469 | 
| 0.310972 | 0.00290469 | 0.950415 | 
Q_heap(0)

[[cMatrix]]
| -0.950245 | -0.0182166 | 0.310972 | 
| -0.0182166 | 0.99983 | 0.00290469 | 
| 0.310972 | 0.00290469 | 0.950415 | 
===========================QR SECTION==========================
Vector x at 1 iter: 

Vector contents:
| 15824.1 |
| -6057.3 |
Alpha 16943.8 at 1 iter: 

Vector u at 1 iter: 

Vector contents:
| 32767.9 |
| -6057.3 |
Vector v at 1 iter: 

Vector contents:
| 0.98334 |
| -0.181775 |
Q_tmp at 1 iter: 

[[cMatrix]]
| -0.933916 | 0.357493 | 
| 0.357493 | 0.933916 | 
Q_heap(1)

[[cMatrix]]
| 1 | 0 | 0 | 
| 0 | -0.933916 | 0.357493 | 
| 0 | 0.357493 | 0.933916 | 
===========================QR SECTION==========================
Vector x at 0 iter: 

Vector contents:
| 15924.6 |
| 2977.93 |
| 1407.52 |
Alpha 16261.7 at 0 iter: 

Vector u at 0 iter: 

Vector contents:
| 32186.3 |
| 2977.93 |
| 1407.52 |
Vector v at 0 iter: 

Vector contents:
| 0.994804 |
| 0.0920409 |
| 0.0435033 |
Q_tmp at 0 iter: 

[[cMatrix]]
| -0.979272 | -0.183125 | -0.0865546 | 
| -0.183125 | 0.983057 | -0.00800816 | 
| -0.0865546 | -0.00800816 | 0.996215 | 
Q_heap(0)

[[cMatrix]]
| -0.979272 | -0.183125 | -0.0865546 | 
| -0.183125 | 0.983057 | -0.00800816 | 
| -0.0865546 | -0.00800816 | 0.996215 | 
===========================QR SECTION==========================
Vector x at 1 iter: 

Vector contents:
| 17822.6 |
| 1112.32 |
Alpha 17857.3 at 1 iter: 

Vector u at 1 iter: 

Vector contents:
| 35679.9 |
| 1112.32 |
Vector v at 1 iter: 

Vector contents:
| 0.999514 |
| 0.0311599 |
Q_tmp at 1 iter: 

[[cMatrix]]
| -0.998058 | -0.0622895 | 
| -0.0622895 | 0.998058 | 
Q_heap(1)

[[cMatrix]]
| 1 | 0 | 0 | 
| 0 | -0.998058 | -0.0622895 | 
| 0 | -0.0622895 | 0.998058 | 
===========================QR SECTION==========================
Vector x at 0 iter: 

Vector contents:
| 17283.5 |
| 3395.51 |
| -328.046 |
Alpha 17616.9 at 0 iter: 

Vector u at 0 iter: 

Vector contents:
| 34900.4 |
| 3395.51 |
| -328.046 |
Vector v at 0 iter: 

Vector contents:
| 0.995257 |
| 0.0968302 |
| -0.00935493 |
Q_tmp at 0 iter: 

[[cMatrix]]
| -0.981073 | -0.192742 | 0.0186211 | 
| -0.192742 | 0.981248 | 0.00181168 | 
| 0.0186211 | 0.00181168 | 0.999825 | 
Q_heap(0)

[[cMatrix]]
| -0.981073 | -0.192742 | 0.0186211 | 
| -0.192742 | 0.981248 | 0.00181168 | 
| 0.0186211 | 0.00181168 | 0.999825 | 
===========================QR SECTION==========================
Vector x at 1 iter: 

Vector contents:
| 16605.4 |
| -109.763 |
Alpha 16605.7 at 1 iter: 

Vector u at 1 iter: 

Vector contents:
| 33211.1 |
| -109.763 |
Vector v at 1 iter: 

Vector contents:
| 0.999995 |
| -0.00330498 |
Q_tmp at 1 iter: 

[[cMatrix]]
| -0.999978 | 0.00660993 | 
| 0.00660993 | 0.999978 | 
Q_heap(1)

[[cMatrix]]
| 1 | 0 | 0 | 
| 0 | -0.999978 | 0.00660993 | 
| 0 | 0.00660993 | 0.999978 | 
===========================QR SECTION==========================
Vector x at 0 iter: 

Vector contents:
| 18587.8 |
| 3203.52 |
| 70.056 |
Alpha 18861.9 at 0 iter: 

Vector u at 0 iter: 

Vector contents:
| 37449.7 |
| 3203.52 |
| 70.056 |
Vector v at 0 iter: 

Vector contents:
| 0.99636 |
| 0.0852307 |
| 0.00186386 |
Q_tmp at 0 iter: 

[[cMatrix]]
| -0.985465 | -0.169841 | -0.00371415 | 
| -0.169841 | 0.985471 | -0.000317716 | 
| -0.00371415 | -0.000317716 | 0.999993 | 
Q_heap(0)

[[cMatrix]]
| -0.985465 | -0.169841 | -0.00371415 | 
| -0.169841 | 0.985471 | -0.000317716 | 
| -0.00371415 | -0.000317716 | 0.999993 | 
===========================QR SECTION==========================
Vector x at 1 iter: 

Vector contents:
| 15513.7 |
| 0.972162 |
Alpha 15513.7 at 1 iter: 

Vector u at 1 iter: 

Vector contents:
| 31027.4 |
| 0.972162 |
Vector v at 1 iter: 

Vector contents:
| 1 |
| 3.13323e-05 |
Q_tmp at 1 iter: 

[[cMatrix]]
| -1 | -6.26647e-05 | 
| -6.26647e-05 | 1 | 
Q_heap(1)

[[cMatrix]]
| 1 | 0 | 0 | 
| 0 | -1 | -6.26647e-05 | 
| 0 | -6.26647e-05 | 1 | 
===========================QR SECTION==========================
Vector x at 0 iter: 

Vector contents:
| 19594.3 |
| 2634.88 |
| -13.9696 |
Alpha 19770.7 at 0 iter: 

Vector u at 0 iter: 

Vector contents:
| 39365 |
| 2634.88 |
| -13.9696 |
Vector v at 0 iter: 

Vector contents:
| 0.997767 |
| 0.0667852 |
| -0.000354082 |
Q_tmp at 0 iter: 

[[cMatrix]]
| -0.991079 | -0.133272 | 0.000706583 | 
| -0.133272 | 0.991079 | 4.72948e-05 | 
| 0.000706583 | 4.72948e-05 | 1 | 
Q_heap(0)

[[cMatrix]]
| -0.991079 | -0.133272 | 0.000706583 | 
| -0.133272 | 0.991079 | 4.72948e-05 | 
| 0.000706583 | 4.72948e-05 | 1 | 
===========================QR SECTION==========================
Vector x at 1 iter: 

Vector contents:
| 14800.8 |
| 3.54412 |
Alpha 14800.8 at 1 iter: 

Vector u at 1 iter: 

Vector contents:
| 29601.6 |
| 3.54412 |
Vector v at 1 iter: 

Vector contents:
| 1 |
| 0.000119727 |
Q_tmp at 1 iter: 

[[cMatrix]]
| -1 | -0.000239455 | 
| -0.000239455 | 1 | 
Q_heap(1)

[[cMatrix]]
| 1 | 0 | 0 | 
| 0 | -1 | -0.000239455 | 
| 0 | -0.000239455 | 1 | 
===========================QR SECTION==========================
Vector x at 0 iter: 

Vector contents:
| 20213.9 |
| 1972.53 |
| 2.65757 |
Alpha 20309.9 at 0 iter: 

Vector u at 0 iter: 

Vector contents:
| 40523.8 |
| 1972.53 |
| 2.65757 |
Vector v at 0 iter: 

Vector contents:
| 0.998817 |
| 0.0486183 |
| 6.55028e-05 |
Q_tmp at 0 iter: 

[[cMatrix]]
| -0.995273 | -0.0971216 | -0.000130851 | 
| -0.0971216 | 0.995273 | -6.36927e-06 | 
| -0.000130851 | -6.36927e-06 | 1 | 
Q_heap(0)

[[cMatrix]]
| -0.995273 | -0.0971216 | -0.000130851 | 
| -0.0971216 | 0.995273 | -6.36927e-06 | 
| -0.000130851 | -6.36927e-06 | 1 | 
===========================QR SECTION==========================
Vector x at 1 iter: 

Vector contents:
| 14407.8 |
| -1.43004 |
Alpha 14407.8 at 1 iter: 

Vector u at 1 iter: 

Vector contents:
| 28815.7 |
| -1.43004 |
Vector v at 1 iter: 

Vector contents:
| 1 |
| -4.96273e-05 |
Q_tmp at 1 iter: 

[[cMatrix]]
| -1 | 9.92546e-05 | 
| 9.92546e-05 | 1 | 
Q_heap(1)

[[cMatrix]]
| 1 | 0 | 0 | 
| 0 | -1 | 9.92546e-05 | 
| 0 | 9.92546e-05 | 1 | 
===========================QR SECTION==========================
Vector x at 0 iter: 

Vector contents:
| 20542.9 |
| 1399.31 |
| -0.49215 |
Alpha 20590.5 at 0 iter: 

Vector u at 0 iter: 

Vector contents:
| 41133.4 |
| 1399.31 |
| -0.49215 |
Vector v at 0 iter: 

Vector contents:
| 0.999422 |
| 0.0339992 |
| -1.19578e-05 |
Q_tmp at 0 iter: 

[[cMatrix]]
| -0.997688 | -0.0679591 | 2.39018e-05 | 
| -0.0679591 | 0.997688 | 8.1311e-07 | 
| 2.39018e-05 | 8.1311e-07 | 1 | 
Q_heap(0)

[[cMatrix]]
| -0.997688 | -0.0679591 | 2.39018e-05 | 
| -0.0679591 | 0.997688 | 8.1311e-07 | 
| 2.39018e-05 | 8.1311e-07 | 1 | 
===========================QR SECTION==========================
Vector x at 1 iter: 

Vector contents:
| 14211.5 |
| 0.442373 |
Alpha 14211.5 at 1 iter: 

Vector u at 1 iter: 

Vector contents:
| 28423 |
| 0.442373 |
Vector v at 1 iter: 

Vector contents:
| 1 |
| 1.55639e-05 |
Q_tmp at 1 iter: 

[[cMatrix]]
| -1 | -3.11279e-05 | 
| -3.11279e-05 | 1 | 
Q_heap(1)

[[cMatrix]]
| 1 | 0 | 0 | 
| 0 | -1 | -3.11279e-05 | 
| 0 | -3.11279e-05 | 1 | 
===========================QR SECTION==========================
Vector x at 0 iter: 

Vector contents:
| 20704 |
| 965.798 |
| 0.0898981 |
Alpha 20726.5 at 0 iter: 

Vector u at 0 iter: 

Vector contents:
| 41430.5 |
| 965.798 |
| 0.0898981 |
Vector v at 0 iter: 

Vector contents:
| 0.999728 |
| 0.0233049 |
| 2.16926e-06 |
Q_tmp at 0 iter: 

[[cMatrix]]
| -0.998914 | -0.0465972 | -4.33734e-06 | 
| -0.0465972 | 0.998914 | -1.01109e-07 | 
| -4.33734e-06 | -1.01109e-07 | 1 | 
Q_heap(0)

[[cMatrix]]
| -0.998914 | -0.0465972 | -4.33734e-06 | 
| -0.0465972 | 0.998914 | -1.01109e-07 | 
| -4.33734e-06 | -1.01109e-07 | 1 | 
===========================QR SECTION==========================
Vector x at 1 iter: 

Vector contents:
| 14118.2 |
| -0.125758 |
Alpha 14118.2 at 1 iter: 

Vector u at 1 iter: 

Vector contents:
| 28236.4 |
| -0.125758 |
Vector v at 1 iter: 

Vector contents:
| 1 |
| -4.45373e-06 |
Q_tmp at 1 iter: 

[[cMatrix]]
| -1 | 8.90746e-06 | 
| 8.90746e-06 | 1 | 
Q_heap(1)

[[cMatrix]]
| 1 | 0 | 0 | 
| 0 | -1 | 8.90746e-06 | 
| 0 | 8.90746e-06 | 1 | 
===========================QR SECTION==========================
Vector x at 0 iter: 

Vector contents:
| 20779.8 |
| 657.869 |
| -0.0163134 |
Alpha 20790.2 at 0 iter: 

Vector u at 0 iter: 

Vector contents:
| 41569.9 |
| 657.869 |
| -0.0163134 |
Vector v at 0 iter: 

Vector contents:
| 0.999875 |
| 0.0158236 |
| -3.92384e-07 |
Q_tmp at 0 iter: 

[[cMatrix]]
| -0.999499 | -0.0316433 | 7.84669e-07 | 
| -0.0316433 | 0.999499 | 1.24179e-08 | 
| 7.84669e-07 | 1.24179e-08 | 1 | 
Q_heap(0)

[[cMatrix]]
| -0.999499 | -0.0316433 | 7.84669e-07 | 
| -0.0316433 | 0.999499 | 1.24179e-08 | 
| 7.84669e-07 | 1.24179e-08 | 1 | 
===========================QR SECTION==========================
Vector x at 1 iter: 

Vector contents:
| 14075 |
| 0.0345739 |
Alpha 14075 at 1 iter: 

Vector u at 1 iter: 

Vector contents:
| 28150 |
| 0.0345739 |
Vector v at 1 iter: 

Vector contents:
| 1 |
| 1.2282e-06 |
Q_tmp at 1 iter: 

[[cMatrix]]
| -1 | -2.45641e-06 | 
| -2.45641e-06 | 1 | 
Q_heap(1)

[[cMatrix]]
| 1 | 0 | 0 | 
| 0 | -1 | -2.45641e-06 | 
| 0 | -2.45641e-06 | 1 | 
===========================QR SECTION==========================
Vector x at 0 iter: 

Vector contents:
| 20814.7 |
| 445.379 |
| 0.00295126 |
Alpha 20819.5 at 0 iter: 

Vector u at 0 iter: 

Vector contents:
| 41634.1 |
| 445.379 |
| 0.00295126 |
Vector v at 0 iter: 

Vector contents:
| 0.999943 |
| 0.0106968 |
| 7.08815e-08 |
Q_tmp at 0 iter: 

[[cMatrix]]
| -0.999771 | -0.0213925 | -1.41755e-07 | 
| -0.0213925 | 0.999771 | -1.51642e-09 | 
| -1.41755e-07 | -1.51642e-09 | 1 | 
Q_heap(0)

[[cMatrix]]
| -0.999771 | -0.0213925 | -1.41755e-07 | 
| -0.0213925 | 0.999771 | -1.51642e-09 | 
| -1.41755e-07 | -1.51642e-09 | 1 | 
===========================QR SECTION==========================
Vector x at 1 iter: 

Vector contents:
| 14055.2 |
| -0.00937009 |
Alpha 14055.2 at 1 iter: 

Vector u at 1 iter: 

Vector contents:
| 28110.4 |
| -0.00937009 |
Vector v at 1 iter: 

Vector contents:
| 1 |
| -3.33332e-07 |
Q_tmp at 1 iter: 

[[cMatrix]]
| -1 | 6.66664e-07 | 
| 6.66664e-07 | 1 | 
Q_heap(1)

[[cMatrix]]
| 1 | 0 | 0 | 
| 0 | -1 | 6.66664e-07 | 
| 0 | 6.66664e-07 | 1 | 
===========================QR SECTION==========================
Vector x at 0 iter: 

Vector contents:
| 20830.6 |
| 300.675 |
| -0.000533162 |
Alpha 20832.8 at 0 iter: 

Vector u at 0 iter: 

Vector contents:
| 41663.5 |
| 300.675 |
| -0.000533162 |
Vector v at 0 iter: 

Vector contents:
| 0.999974 |
| 0.00721658 |
| -1.27965e-08 |
Q_tmp at 0 iter: 

[[cMatrix]]
| -0.999896 | -0.0144328 | 2.55924e-08 | 
| -0.0144328 | 0.999896 | 1.84694e-10 | 
| 2.55924e-08 | 1.84694e-10 | 1 | 
Q_heap(0)

[[cMatrix]]
| -0.999896 | -0.0144328 | 2.55924e-08 | 
| -0.0144328 | 0.999896 | 1.84694e-10 | 
| 2.55924e-08 | 1.84694e-10 | 1 | 
===========================QR SECTION==========================
Vector x at 1 iter: 

Vector contents:
| 14046.2 |
| 0.00252342 |
Alpha 14046.2 at 1 iter: 

Vector u at 1 iter: 

Vector contents:
| 28092.4 |
| 0.00252342 |
Vector v at 1 iter: 

Vector contents:
| 1 |
| 8.98257e-08 |
Q_tmp at 1 iter: 

[[cMatrix]]
| -1 | -1.79651e-07 | 
| -1.79651e-07 | 1 | 
Q_heap(1)

[[cMatrix]]
| 1 | 0 | 0 | 
| 0 | -1 | -1.79651e-07 | 
| 0 | -1.79651e-07 | 1 | 
===========================QR SECTION==========================
Vector x at 0 iter: 

Vector contents:
| 20837.9 |
| 202.725 |
| 9.62568e-05 |
Alpha 20838.9 at 0 iter: 

Vector u at 0 iter: 

Vector contents:
| 41676.8 |
| 202.725 |
| 9.62568e-05 |
Vector v at 0 iter: 

Vector contents:
| 0.999988 |
| 0.00486417 |
| 2.30957e-09 |
Q_tmp at 0 iter: 

[[cMatrix]]
| -0.999953 | -0.00972822 | -4.61909e-09 | 
| -0.00972822 | 0.999953 | -2.24683e-11 | 
| -4.61909e-09 | -2.24683e-11 | 1 | 
Q_heap(0)

[[cMatrix]]
| -0.999953 | -0.00972822 | -4.61909e-09 | 
| -0.00972822 | 0.999953 | -2.24683e-11 | 
| -4.61909e-09 | -2.24683e-11 | 1 | 
===========================QR SECTION==========================
Vector x at 1 iter: 

Vector contents:
| 14042.1 |
| -0.000677642 |
Alpha 14042.1 at 1 iter: 

Vector u at 1 iter: 

Vector contents:
| 28084.2 |
| -0.000677642 |
Vector v at 1 iter: 

Vector contents:
| 1 |
| -2.4129e-08 |
Q_tmp at 1 iter: 

[[cMatrix]]
| -1 | 4.8258e-08 | 
| 4.8258e-08 | 1 | 
Q_heap(1)

[[cMatrix]]
| 1 | 0 | 0 | 
| 0 | -1 | 4.8258e-08 | 
| 0 | 4.8258e-08 | 1 | 
===========================QR SECTION==========================
Vector x at 0 iter: 

Vector contents:
| 20841.2 |
| 136.605 |
| -1.73731e-05 |
Alpha 20841.7 at 0 iter: 

Vector u at 0 iter: 

Vector contents:
| 41682.9 |
| 136.605 |
| -1.73731e-05 |
Vector v at 0 iter: 

Vector contents:
| 0.999995 |
| 0.00327722 |
| -4.1679e-10 |
Q_tmp at 0 iter: 

[[cMatrix]]
| -0.999979 | -0.0065544 | 8.33576e-10 | 
| -0.0065544 | 0.999979 | 2.73182e-12 | 
| 8.33576e-10 | 2.73182e-12 | 1 | 
Q_heap(0)

[[cMatrix]]
| -0.999979 | -0.0065544 | 8.33576e-10 | 
| -0.0065544 | 0.999979 | 2.73182e-12 | 
| 8.33576e-10 | 2.73182e-12 | 1 | 
===========================QR SECTION==========================
Vector x at 1 iter: 

Vector contents:
| 14040.2 |
| 0.000181742 |
Alpha 14040.2 at 1 iter: 

Vector u at 1 iter: 

Vector contents:
| 28080.4 |
| 0.000181742 |
Vector v at 1 iter: 

Vector contents:
| 1 |
| 6.4722e-09 |
Q_tmp at 1 iter: 

[[cMatrix]]
| -1 | -1.29444e-08 | 
| -1.29444e-08 | 1 | 
Q_heap(1)

[[cMatrix]]
| 1 | 0 | 0 | 
| 0 | -1 | -1.29444e-08 | 
| 0 | -1.29444e-08 | 1 | 
===========================QR SECTION==========================
Vector x at 0 iter: 

Vector contents:
| 20842.7 |
| 92.0252 |
| 3.1352e-06 |
Alpha 20842.9 at 0 iter: 

Vector u at 0 iter: 

Vector contents:
| 41685.6 |
| 92.0252 |
| 3.1352e-06 |
Vector v at 0 iter: 

Vector contents:
| 0.999998 |
| 0.00220759 |
| 7.52105e-11 |
Q_tmp at 0 iter: 

[[cMatrix]]
| -0.99999 | -0.00441518 | -1.50421e-10 | 
| -0.00441518 | 0.99999 | -3.32068e-13 | 
| -1.50421e-10 | -3.32068e-13 | 1 | 
Q_heap(0)

[[cMatrix]]
| -0.99999 | -0.00441518 | -1.50421e-10 | 
| -0.00441518 | 0.99999 | -3.32068e-13 | 
| -1.50421e-10 | -3.32068e-13 | 1 | 
===========================QR SECTION==========================
Vector x at 1 iter: 

Vector contents:
| 14039.4 |
| -4.87146e-05 |
Alpha 14039.4 at 1 iter: 

Vector u at 1 iter: 

Vector contents:
| 28078.8 |
| -4.87146e-05 |
Vector v at 1 iter: 

Vector contents:
| 1 |
| -1.73493e-09 |
Q_tmp at 1 iter: 

[[cMatrix]]
| -1 | 3.46985e-09 | 
| 3.46985e-09 | 1 | 
Q_heap(1)

[[cMatrix]]
| 1 | 0 | 0 | 
| 0 | -1 | 3.46985e-09 | 
| 0 | 3.46985e-09 | 1 | 
===========================QR SECTION==========================
Vector x at 0 iter: 

Vector contents:
| 20843.4 |
| 61.9864 |
| -5.65755e-07 |
Alpha 20843.5 at 0 iter: 

Vector u at 0 iter: 

Vector contents:
| 41686.9 |
| 61.9864 |
| -5.65755e-07 |
Vector v at 0 iter: 

Vector contents:
| 0.999999 |
| 0.00148695 |
| -1.35715e-11 |
Q_tmp at 0 iter: 

[[cMatrix]]
| -0.999996 | -0.0029739 | 2.7143e-11 | 
| -0.0029739 | 0.999996 | 4.03603e-14 | 
| 2.7143e-11 | 4.03603e-14 | 1 | 
Q_heap(0)

[[cMatrix]]
| -0.999996 | -0.0029739 | 2.7143e-11 | 
| -0.0029739 | 0.999996 | 4.03603e-14 | 
| 2.7143e-11 | 4.03603e-14 | 1 | 
===========================QR SECTION==========================
Vector x at 1 iter: 

Vector contents:
| 14039 |
| 1.30541e-05 |
Alpha 14039 at 1 iter: 

Vector u at 1 iter: 

Vector contents:
| 28078 |
| 1.30541e-05 |
Vector v at 1 iter: 

Vector contents:
| 1 |
| 4.64924e-10 |
Q_tmp at 1 iter: 

[[cMatrix]]
| -1 | -9.29849e-10 | 
| -9.29849e-10 | 1 | 
Q_heap(1)

[[cMatrix]]
| 1 | 0 | 0 | 
| 0 | -1 | -9.29849e-10 | 
| 0 | -9.29849e-10 | 1 | 
===========================QR SECTION==========================
Vector x at 0 iter: 

Vector contents:
| 20843.7 |
| 41.7505 |
| 1.02089e-07 |
Alpha 20843.7 at 0 iter: 

Vector u at 0 iter: 

Vector contents:
| 41687.5 |
| 41.7505 |
| 1.02089e-07 |
Vector v at 0 iter: 

Vector contents:
| 0.999999 |
| 0.00100151 |
| 2.44891e-12 |
Q_tmp at 0 iter: 

[[cMatrix]]
| -0.999998 | -0.00200302 | -4.89782e-12 | 
| -0.00200302 | 0.999998 | -4.90523e-15 | 
| -4.89782e-12 | -4.90523e-15 | 1 | 
Q_heap(0)

[[cMatrix]]
| -0.999998 | -0.00200302 | -4.89782e-12 | 
| -0.00200302 | 0.999998 | -4.90523e-15 | 
| -4.89782e-12 | -4.90523e-15 | 1 | 
===========================QR SECTION==========================
Vector x at 1 iter: 

Vector contents:
| 14038.8 |
| -3.49773e-06 |
Alpha 14038.8 at 1 iter: 

Vector u at 1 iter: 

Vector contents:
| 28077.6 |
| -3.49773e-06 |
Vector v at 1 iter: 

Vector contents:
| 1 |
| -1.24573e-10 |
Q_tmp at 1 iter: 

[[cMatrix]]
| -1 | 2.49147e-10 | 
| 2.49147e-10 | 1 | 
Q_heap(1)

[[cMatrix]]
| 1 | 0 | 0 | 
| 0 | -1 | 2.49147e-10 | 
| 0 | 2.49147e-10 | 1 | 
===========================QR SECTION==========================
Vector x at 0 iter: 

Vector contents:
| 20843.8 |
| 28.1201 |
| -1.84214e-08 |
Alpha 20843.9 at 0 iter: 

Vector u at 0 iter: 

Vector contents:
| 41687.7 |
| 28.1201 |
| -1.84214e-08 |
Vector v at 0 iter: 

Vector contents:
| 1 |
| 0.000674541 |
| -4.41891e-13 |
Q_tmp at 0 iter: 

[[cMatrix]]
| -0.999999 | -0.00134908 | 8.83782e-13 | 
| -0.00134908 | 0.999999 | 5.96148e-16 | 
| 8.83782e-13 | 5.96148e-16 | 1 | 
Q_heap(0)

[[cMatrix]]
| -0.999999 | -0.00134908 | 8.83782e-13 | 
| -0.00134908 | 0.999999 | 5.96148e-16 | 
| 8.83782e-13 | 5.96148e-16 | 1 | 
===========================QR SECTION==========================
Vector x at 1 iter: 

Vector contents:
| 14038.7 |
| 9.3713e-07 |
Alpha 14038.7 at 1 iter: 

Vector u at 1 iter: 

Vector contents:
| 28077.5 |
| 9.3713e-07 |
Vector v at 1 iter: 

Vector contents:
| 1 |
| 3.33766e-11 |
Q_tmp at 1 iter: 

[[cMatrix]]
| -1 | -6.67531e-11 | 
| -6.67531e-11 | 1 | 
Q_heap(1)

[[cMatrix]]
| 1 | 0 | 0 | 
| 0 | -1 | -6.67531e-11 | 
| 0 | -6.67531e-11 | 1 | 
===========================QR SECTION==========================
Vector x at 0 iter: 

Vector contents:
| 20843.9 |
| 18.9394 |
| 3.32404e-09 |
Alpha 20843.9 at 0 iter: 

Vector u at 0 iter: 

Vector contents:
| 41687.8 |
| 18.9394 |
| 3.32404e-09 |
Vector v at 0 iter: 

Vector contents:
| 1 |
| 0.000454315 |
| 7.97364e-14 |
Q_tmp at 0 iter: 

[[cMatrix]]
| -1 | -0.000908631 | -1.59473e-13 | 
| -0.000908631 | 1 | -7.2451e-17 | 
| -1.59473e-13 | -7.2451e-17 | 1 | 
Q_heap(0)

[[cMatrix]]
| -1 | -0.000908631 | -1.59473e-13 | 
| -0.000908631 | 1 | -7.2451e-17 | 
| -1.59473e-13 | -7.2451e-17 | 1 | 
===========================QR SECTION==========================
Vector x at 1 iter: 

Vector contents:
| 14038.7 |
| -2.51075e-07 |
Alpha 14038.7 at 1 iter: 

Vector u at 1 iter: 

Vector contents:
| 28077.4 |
| -2.51075e-07 |
Vector v at 1 iter: 

Vector contents:
| 1 |
| -8.94224e-12 |
Q_tmp at 1 iter: 

[[cMatrix]]
| -1 | 1.78845e-11 | 
| 1.78845e-11 | 1 | 
Q_heap(1)

[[cMatrix]]
| 1 | 0 | 0 | 
| 0 | -1 | 1.78845e-11 | 
| 0 | 1.78845e-11 | 1 | 
===========================QR SECTION==========================
Vector x at 0 iter: 

Vector contents:
| 20843.9 |
| 12.756 |
| -5.99801e-10 |
Alpha 20843.9 at 0 iter: 

Vector u at 0 iter: 

Vector contents:
| 41687.9 |
| 12.756 |
| -5.99801e-10 |
Vector v at 0 iter: 

Vector contents:
| 1 |
| 0.000305988 |
| -1.43879e-14 |
Q_tmp at 0 iter: 

[[cMatrix]]
| -1 | -0.000611976 | 2.87758e-14 | 
| -0.000611976 | 1 | 8.80506e-18 | 
| 2.87758e-14 | 8.80506e-18 | 1 | 
Q_heap(0)

[[cMatrix]]
| -1 | -0.000611976 | 2.87758e-14 | 
| -0.000611976 | 1 | 8.80506e-18 | 
| 2.87758e-14 | 8.80506e-18 | 1 | 
===========================QR SECTION==========================
Vector x at 1 iter: 

Vector contents:
| 14038.7 |
| 6.7267e-08 |
Alpha 14038.7 at 1 iter: 

Vector u at 1 iter: 

Vector contents:
| 28077.4 |
| 6.7267e-08 |
Vector v at 1 iter: 

Vector contents:
| 1 |
| 2.39577e-12 |
Q_tmp at 1 iter: 

[[cMatrix]]
| -1 | -4.79154e-12 | 
| -4.79154e-12 | 1 | 
Q_heap(1)

[[cMatrix]]
| 1 | 0 | 0 | 
| 0 | -1 | -4.79154e-12 | 
| 0 | -4.79154e-12 | 1 | 
===========================QR SECTION==========================
Vector x at 0 iter: 

Vector contents:
| 20843.9 |
| 8.59135 |
| 1.0823e-10 |
Alpha 20844 at 0 iter: 

Vector u at 0 iter: 

Vector contents:
| 41687.9 |
| 8.59135 |
| 1.0823e-10 |
Vector v at 0 iter: 

Vector contents:
| 1 |
| 0.000206087 |
| 2.5962e-15 |
Q_tmp at 0 iter: 

[[cMatrix]]
| -1 | -0.000412175 | -5.1924e-15 | 
| -0.000412175 | 1 | -1.07009e-18 | 
| -5.1924e-15 | -1.07009e-18 | 1 | 
Q_heap(0)

[[cMatrix]]
| -1 | -0.000412175 | -5.1924e-15 | 
| -0.000412175 | 1 | -1.07009e-18 | 
| -5.1924e-15 | -1.07009e-18 | 1 | 
===========================QR SECTION==========================
Vector x at 1 iter: 

Vector contents:
| 14038.7 |
| -1.80218e-08 |
Alpha 14038.7 at 1 iter: 

Vector u at 1 iter: 

Vector contents:
| 28077.4 |
| -1.80218e-08 |
Vector v at 1 iter: 

Vector contents:
| 1 |
| -6.41862e-13 |
Q_tmp at 1 iter: 

[[cMatrix]]
| -1 | 1.28372e-12 | 
| 1.28372e-12 | 1 | 
Q_heap(1)

[[cMatrix]]
| 1 | 0 | 0 | 
| 0 | -1 | 1.28372e-12 | 
| 0 | 1.28372e-12 | 1 | 
===========================QR SECTION==========================
Vector x at 0 iter: 

Vector contents:
| 20844 |
| 5.78639 |
| -1.95294e-11 |
Alpha 20844 at 0 iter: 

Vector u at 0 iter: 

Vector contents:
| 41687.9 |
| 5.78639 |
| -1.95294e-11 |
Vector v at 0 iter: 

Vector contents:
| 1 |
| 0.000138803 |
| -4.68467e-16 |
Q_tmp at 0 iter: 

[[cMatrix]]
| -1 | -0.000277605 | 9.36934e-16 | 
| -0.000277605 | 1 | 1.30049e-19 | 
| 9.36934e-16 | 1.30049e-19 | 1 | 
Q_heap(0)

[[cMatrix]]
| -1 | -0.000277605 | 9.36934e-16 | 
| -0.000277605 | 1 | 1.30049e-19 | 
| 9.36934e-16 | 1.30049e-19 | 1 | 
===========================QR SECTION==========================
Vector x at 1 iter: 

Vector contents:
| 14038.7 |
| 4.82829e-09 |
Alpha 14038.7 at 1 iter: 

Vector u at 1 iter: 

Vector contents:
| 28077.4 |
| 4.82829e-09 |
Vector v at 1 iter: 

Vector contents:
| 1 |
| 1.71964e-13 |
Q_tmp at 1 iter: 

[[cMatrix]]
| -1 | -3.43928e-13 | 
| -3.43928e-13 | 1 | 
Q_heap(1)

[[cMatrix]]
| 1 | 0 | 0 | 
| 0 | -1 | -3.43928e-13 | 
| 0 | -3.43928e-13 | 1 | 
===========================QR SECTION==========================
Vector x at 0 iter: 

Vector contents:
| 20844 |
| 3.89721 |
| 3.52395e-12 |
Alpha 20844 at 0 iter: 

Vector u at 0 iter: 

Vector contents:
| 41687.9 |
| 3.89721 |
| 3.52395e-12 |
Vector v at 0 iter: 

Vector contents:
| 1 |
| 9.34853e-05 |
| 8.45317e-17 |
Q_tmp at 0 iter: 

[[cMatrix]]
| -1 | -0.000186971 | -1.69063e-16 | 
| -0.000186971 | 1 | -1.58049e-20 | 
| -1.69063e-16 | -1.58049e-20 | 1 | 
Q_heap(0)

[[cMatrix]]
| -1 | -0.000186971 | -1.69063e-16 | 
| -0.000186971 | 1 | -1.58049e-20 | 
| -1.69063e-16 | -1.58049e-20 | 1 | 
===========================QR SECTION==========================
Vector x at 1 iter: 

Vector contents:
| 14038.7 |
| -1.29357e-09 |
Alpha 14038.7 at 1 iter: 

Vector u at 1 iter: 

Vector contents:
| 28077.4 |
| -1.29357e-09 |
Vector v at 1 iter: 

Vector contents:
| 1 |
| -4.60715e-14 |
Q_tmp at 1 iter: 

[[cMatrix]]
| -1 | 9.2143e-14 | 
| 9.2143e-14 | 1 | 
Q_heap(1)

[[cMatrix]]
| 1 | 0 | 0 | 
| 0 | -1 | 9.2143e-14 | 
| 0 | 9.2143e-14 | 1 | 
===========================EIGEN SECTION==========================
Eigenvalue matrix after 21 iterations of the QR algorithm
[[cMatrix]]
| 20844 | 3.89721 | 3.5247e-12 | 
| 3.89721 | 14038.7 | -1.29357e-09 | 
| 3.52395e-12 | -1.29357e-09 | 3761.15 | 
Eigenvector matrix Q_0:
[[cMatrix]]
| -0.950245 | 0.128183 | 0.283909 | 
| -0.0182166 | -0.932718 | 0.360145 | 
| 0.310972 | 0.337054 | 0.888646 | 
Eigenvector matrix after multiplying by Q_1:
[[cMatrix]]
| 0.882501 | -0.31985 | 0.344802 | 
| 0.157471 | 0.891772 | 0.4242 | 
| -0.443166 | -0.32006 | 0.837356 | 
Eigenvector matrix Q_1
[[cMatrix]]
| -0.979272 | 0.188161 | -0.0749797 | 
| -0.183125 | -0.980649 | -0.0692268 | 
| -0.0865546 | -0.0540611 | 0.994779 | 
Number of iterations: 21
Eigenvector matrix after multiplying by Q_2:
[[cMatrix]]
| -0.797728 | 0.485695 | 0.357393 | 
| -0.318473 | -0.842615 | 0.434253 | 
| 0.512059 | 0.232595 | 0.826858 | 
Eigenvector matrix Q_2
[[cMatrix]]
| -0.981073 | 0.192861 | 0.0173467 | 
| -0.192742 | -0.981214 | 0.00829762 | 
| 0.0186211 | 0.00479714 | 0.999815 | 
Number of iterations: 21
Eigenvector matrix after multiplying by Q_3:
[[cMatrix]]
| 0.702314 | -0.614035 | 0.360161 | 
| 0.455342 | 0.776394 | 0.435749 | 
| -0.547191 | -0.142037 | 0.824868 | 
Eigenvector matrix Q_3
[[cMatrix]]
| -0.985465 | 0.169841 | -0.0037035 | 
| -0.169841 | -0.985471 | -0.00037947 | 
| -0.00371415 | 0.000255052 | 0.999993 | 
Number of iterations: 21
Eigenvector matrix after multiplying by Q_4:
[[cMatrix]]
| -0.613961 | 0.702053 | 0.360796 | 
| -0.554443 | -0.708908 | 0.435938 | 
| 0.561822 | 0.0676078 | 0.824491 | 
Eigenvector matrix Q_4
[[cMatrix]]
| -0.991079 | 0.133272 | 0.000738495 | 
| -0.133272 | -0.991079 | -0.000190024 | 
| 0.000706583 | -0.000286749 | 1 | 
Number of iterations: 21
Eigenvector matrix after multiplying by Q_5:
[[cMatrix]]
| 0.542827 | -0.758325 | 0.360947 | 
| 0.620615 | 0.651755 | 0.43595 | 
| -0.56584 | -0.012636 | 0.824418 | 
Eigenvector matrix Q_5
[[cMatrix]]
| -0.995273 | 0.0971216 | -0.000140491 | 
| -0.0971216 | -0.995273 | 9.24161e-05 | 
| -0.000130851 | 0.000105624 | 1 | 
Number of iterations: 21
Eigenvector matrix after multiplying by Q_6:
[[cMatrix]]
| -0.490028 | 0.79345 | 0.360984 | 
| -0.663463 | -0.608085 | 0.435946 | 
| 0.565411 | -0.0258735 | 0.824404 | 
Eigenvector matrix Q_6
[[cMatrix]]
| -0.997688 | 0.0679591 | 2.60172e-05 | 
| -0.0679591 | -0.997688 | -3.02428e-05 | 
| 2.39018e-05 | -3.1941e-05 | 1 | 
Number of iterations: 21
Eigenvector matrix after multiplying by Q_7:
[[cMatrix]]
| 0.452522 | -0.815419 | 0.360993 | 
| 0.691075 | 0.576513 | 0.435944 | 
| -0.563594 | 0.0521994 | 0.824401 | 
Eigenvector matrix Q_7
[[cMatrix]]
| -0.998914 | 0.0465972 | -4.75241e-06 | 
| -0.0465972 | -0.998914 | 8.79668e-06 | 
| -4.33734e-06 | 9.00857e-06 | 1 | 
Number of iterations: 21
Eigenvector matrix after multiplying by Q_8:
[[cMatrix]]
| -0.426492 | 0.829329 | 0.360996 | 
| -0.708972 | -0.554358 | 0.435943 | 
| 0.561661 | -0.0700092 | 0.8244 | 
Eigenvector matrix Q_8
[[cMatrix]]
| -0.999499 | 0.0316433 | 8.62398e-07 | 
| -0.0316433 | -0.999499 | -2.44276e-06 | 
| 7.84669e-07 | -2.46883e-06 | 1 | 
Number of iterations: 21
Eigenvector matrix after multiplying by Q_9:
[[cMatrix]]
| 0.408653 | -0.838262 | 0.360996 | 
| 0.720669 | 0.539064 | 0.435943 | 
| -0.560035 | 0.0820091 | 0.8244 | 
Eigenvector matrix Q_9
[[cMatrix]]
| -0.999771 | 0.0213925 | -1.56017e-07 | 
| -0.0213925 | -0.999771 | 6.64995e-07 | 
| -1.41755e-07 | 6.6818e-07 | 1 | 
Number of iterations: 21
Eigenvector matrix after multiplying by Q_10:
[[cMatrix]]
| -0.396512 | 0.844073 | 0.360997 | 
| -0.728374 | -0.528607 | 0.435943 | 
| 0.558793 | -0.0900836 | 0.8244 | 
Eigenvector matrix Q_10
[[cMatrix]]
| -0.999896 | 0.0144328 | 2.81853e-08 | 
| -0.0144328 | -0.999896 | -1.79448e-07 | 
| 2.55924e-08 | -1.79836e-07 | 1 | 
Number of iterations: 21
Eigenvector matrix after multiplying by Q_11:
[[cMatrix]]
| 0.388282 | -0.847891 | 0.360997 | 
| 0.733482 | 0.521496 | 0.435943 | 
| -0.55789 | 0.0955154 | 0.8244 | 
Eigenvector matrix Q_11
[[cMatrix]]
| -0.999953 | 0.00972822 | -5.08856e-09 | 
| -0.00972822 | -0.999953 | 4.82332e-08 | 
| -4.61909e-09 | 4.82804e-08 | 1 | 
Number of iterations: 21
Eigenvector matrix after multiplying by Q_12:
[[cMatrix]]
| -0.382717 | 0.850417 | 0.360997 | 
| -0.736884 | -0.516678 | 0.435943 | 
| 0.557252 | -0.09917 | 0.8244 | 
Eigenvector matrix Q_12
[[cMatrix]]
| -0.999979 | 0.0065544 | 9.18419e-10 | 
| -0.0065544 | -0.999979 | -1.29414e-08 | 
| 8.33576e-10 | -1.29471e-08 | 1 | 
Number of iterations: 21
Eigenvector matrix after multiplying by Q_13:
[[cMatrix]]
| 0.378958 | -0.852099 | 0.360997 | 
| 0.739158 | 0.513419 | 0.435943 | 
| -0.556809 | 0.101629 | 0.8244 | 
Eigenvector matrix Q_13
[[cMatrix]]
| -0.99999 | 0.00441518 | -1.65741e-10 | 
| -0.00441518 | -0.99999 | 3.46949e-09 | 
| -1.50421e-10 | 3.47019e-09 | 1 | 
Number of iterations: 21
Eigenvector matrix after multiplying by Q_14:
[[cMatrix]]
| -0.376422 | 0.853222 | 0.360997 | 
| -0.740682 | -0.511219 | 0.435943 | 
| 0.556504 | -0.103285 | 0.8244 | 
Eigenvector matrix Q_14
[[cMatrix]]
| -0.999996 | 0.0029739 | 2.99083e-11 | 
| -0.0029739 | -0.999996 | -9.29804e-10 | 
| 2.7143e-11 | -9.29889e-10 | 1 | 
Number of iterations: 21
Eigenvector matrix after multiplying by Q_15:
[[cMatrix]]
| 0.374713 | -0.853974 | 0.360997 | 
| 0.741704 | 0.509734 | 0.435943 | 
| -0.556296 | 0.104399 | 0.8244 | 
Eigenvector matrix Q_15
[[cMatrix]]
| -0.999998 | 0.00200302 | -5.39687e-12 | 
| -0.00200302 | -0.999998 | 2.49141e-10 | 
| -4.89782e-12 | 2.49152e-10 | 1 | 
Number of iterations: 21
Eigenvector matrix after multiplying by Q_16:
[[cMatrix]]
| -0.37356 | 0.854479 | 0.360997 | 
| -0.742391 | -0.508733 | 0.435943 | 
| 0.556155 | -0.10515 | 0.8244 | 
Eigenvector matrix Q_16
[[cMatrix]]
| -0.999999 | 0.00134908 | 9.73838e-13 | 
| -0.00134908 | -0.999999 | -6.67525e-11 | 
| 8.83782e-13 | -6.67537e-11 | 1 | 
Number of iterations: 21
Eigenvector matrix after multiplying by Q_17:
[[cMatrix]]
| 0.372784 | -0.854818 | 0.360997 | 
| 0.742853 | 0.508058 | 0.435943 | 
| -0.556059 | 0.105655 | 0.8244 | 
Eigenvector matrix Q_17
[[cMatrix]]
| -1 | 0.000908631 | -1.75723e-13 | 
| -0.000908631 | -1 | 1.78844e-11 | 
| -1.59473e-13 | 1.78845e-11 | 1 | 
Number of iterations: 21
Eigenvector matrix after multiplying by Q_18:
[[cMatrix]]
| -0.37226 | 0.855046 | 0.360997 | 
| -0.743164 | -0.507604 | 0.435943 | 
| 0.555994 | -0.105995 | 0.8244 | 
Eigenvector matrix Q_18
[[cMatrix]]
| -1 | 0.000611976 | 3.17081e-14 | 
| -0.000611976 | -1 | -4.79153e-12 | 
| 2.87758e-14 | -4.79155e-12 | 1 | 
Number of iterations: 21
Eigenvector matrix after multiplying by Q_19:
[[cMatrix]]
| 0.371908 | -0.855199 | 0.360997 | 
| 0.743373 | 0.507297 | 0.435943 | 
| -0.555951 | 0.106224 | 0.8244 | 
Eigenvector matrix Q_19
[[cMatrix]]
| -1 | 0.000412175 | -5.72152e-15 | 
| -0.000412175 | -1 | 1.28372e-12 | 
| -5.1924e-15 | 1.28373e-12 | 1 | 
Number of iterations: 21
Eigenvector matrix after multiplying by Q_20:
[[cMatrix]]
| -0.371671 | 0.855303 | 0.360997 | 
| -0.743514 | -0.507091 | 0.435943 | 
| 0.555921 | -0.106379 | 0.8244 | 
Eigenvector matrix Q_20
[[cMatrix]]
| -1 | 0.000277605 | 1.03241e-15 | 
| -0.000277605 | -1 | -3.43928e-13 | 
| 9.36934e-16 | -3.43928e-13 | 1 | 
Number of iterations: 21
Eigenvector matrix after multiplying by Q_21:
[[cMatrix]]
| 0.371511 | -0.855372 | 0.360997 | 
| 0.743609 | 0.506952 | 0.435943 | 
| -0.555901 | 0.106483 | 0.8244 | 
Eigenvector matrix Q_21
[[cMatrix]]
| -1 | 0.000186971 | -1.86291e-16 | 
| -0.000186971 | -1 | 9.2143e-14 | 
| -1.69063e-16 | 9.2143e-14 | 1 | 
Number of iterations: 21
===========================SVD SECTION==========================
A*A' = 
[[cMatrix]]
| 13636.9 | 261.426 | -4462.75 | 
| 261.426 | 15850.5 | -6507.31 | 
| -4462.75 | -6507.31 | 9156.41 | 

Eigenvectors of A*A' (U) = 

[[cMatrix]]
| 0.371511 | -0.855372 | 0.360997 | 
| 0.743609 | 0.506952 | 0.435943 | 
| -0.555901 | 0.106483 | 0.8244 | 

Singular values of A'*A (S) = 

[[cMatrix]]
| 144.374 | 0 | 0 | 
| 0 | 118.485 | 0 | 
| 0 | 0 | 61.3282 | 

Eigenvectors of A'*A (V) = 

[[cMatrix]]
| 0.848342 | 0.261382 | -0.460503 | 
| -0.505856 | 0.143133 | -0.850647 | 
| -0.156284 | 0.954564 | 0.253648 | 


Q_U = 
[[cMatrix]]
| -1 | 0.000186971 | -1.86291e-16 | 
| -0.000186971 | -1 | 9.2143e-14 | 
| -1.69063e-16 | 9.2143e-14 | 1 | 
Q_U iter = 21
Q_V = 
[[cMatrix]]
| 0 | 0 | 0 | 0 | 
| 0 | 0 | 0 | 0 | 
| 0 | 0 | 0 | 0 | 
| 0 | 0 | 0 | 0 | 
Q_V iter = 2685004



Original matrix A = U*S*V' = 
[[cMatrix]]
| 8.81633 | -60.4715 | -99.5108 | 
| 94.4647 | -68.4528 | 47.3401 | 
| -88.071 | -0.603017 | 37.4105 | 
===========================KABSCH SECTION==========================

Centroid of A = 
Vector contents:
| 4.25 |
| 3.875 |
| 3.6875 |

Centroid of B = 
Vector contents:
| -5.59724 |
| 1.54093 |
| -3.6017 |

A - centroidA =
[[cMatrix]]
| 0.75 | 4.75 | -2.25 | 3.75 | 3.75 | -4.25 | 3.75 | -1.25 | 0.75 | -2.25 | -3.25 | -0.25 | -0.25 | -4.25 | -0.25 | 0.75 | 
| 1.125 | -0.875 | 3.125 | 0.125 | -1.875 | 5.125 | 0.125 | 3.125 | -3.875 | 0.125 | 0.125 | 0.125 | -2.875 | -2.875 | 0.125 | -0.875 | 
| 1.3125 | 4.3125 | -3.6875 | -1.6875 | 0.3125 | 4.3125 | -1.6875 | -2.6875 | 1.3125 | 2.3125 | 3.3125 | -1.6875 | -2.6875 | -3.6875 | 2.3125 | -1.6875 | 

B - centroidB =
[[cMatrix]]
| -1.77835 | -3.19088 | 1.12566 | 0.964456 | 0.633346 | -6.22442 | 0.964456 | 0.268026 | 1.30907 | -1.72012 | -2.42856 | 1.26284 | 3.89834 | 4.97976 | -1.86931 | 1.80573 | 
| 0.290869 | 5.32458 | -5.13677 | 1.2182 | 3.5235 | -3.78478 | 1.2182 | -4.09599 | 3.66296 | -0.244091 | -0.328391 | -1.03196 | 0.513049 | -2.21535 | 0.880989 | 0.204989 | 
| -0.551026 | -1.84199 | -0.878806 | -3.80941 | -2.20445 | 3.1397 | -3.80941 | -1.30454 | 1.47305 | 2.72165 | 3.94271 | -0.515816 | 0.300964 | 3.19688 | 1.07485 | -0.934396 | 

H = 
[[cMatrix]]
| 8.81632 | -60.4715 | -99.5108 | 
| 94.4647 | -68.4528 | 47.3401 | 
| -88.071 | -0.603017 | 37.4105 | 

Det of R = 1

Rotation matrix = 
[[cMatrix]]
| -0.0746503 | 0.56259 | -0.823401 | 
| -0.617444 | -0.674431 | -0.404826 | 
| -0.783002 | 0.47828 | 0.39763 | 

R * B = 
[[cMatrix]]
| 5.0005 | 9.00084 | 2.00008 | 8.00041 | 8.00054 | 0.000534382 | 8.00041 | 3.00018 | 5.0005 | 2.00047 | 1.0005 | 4.00027 | 4.0002 | 2.3885e-06 | 4.00054 | 5.0003 | 
| 4.99972 | 2.9996 | 6.99992 | 3.99985 | 1.99979 | 8.99956 | 3.99985 | 6.99987 | -0.0002275 | 3.9997 | 3.99966 | 3.99986 | 0.999932 | 0.99999 | 3.99969 | 2.99987 | 
| 4.99997 | 8.00018 | -0.000144788 | 2.00024 | 4.00025 | 7.9995 | 2.00024 | 0.999883 | 5.00015 | 5.99983 | 6.99975 | 2.00003 | 1.00015 | -4.17385e-05 | 5.99993 | 2.00011 | 

Translation matrix = 
Vector contents:
| -0.000391283 |
| 0.000209642 |
| -8.58564e-07 |

Result of the algorithm: 

R * B + t = A
[[cMatrix]]
| 5.00011 | 9.00045 | 1.99969 | 8.00002 | 8.00015 | 0.000143099 | 8.00002 | 2.99979 | 5.00011 | 2.00007 | 1.00011 | 3.99988 | 3.99981 | -0.000388895 | 4.00015 | 4.99991 | 
| 4.99993 | 2.99981 | 7.00013 | 4.00006 | 2 | 8.99977 | 4.00006 | 7.00008 | -1.78579e-05 | 3.99991 | 3.99987 | 4.00007 | 1.00014 | 1.0002 | 3.9999 | 3.00008 | 
| 4.99997 | 8.00018 | -0.000145647 | 2.00023 | 4.00025 | 7.99949 | 2.00023 | 0.999882 | 5.00015 | 5.99983 | 6.99975 | 2.00003 | 1.00015 | -4.2597e-05 | 5.99993 | 2.00011 | 

Original matrix A = 
[[cMatrix]]
| 5 | 9 | 2 | 8 | 8 | 0 | 8 | 3 | 5 | 2 | 1 | 4 | 4 | 0 | 4 | 5 | 
| 5 | 3 | 7 | 4 | 2 | 9 | 4 | 7 | 0 | 4 | 4 | 4 | 1 | 1 | 4 | 3 | 
| 5 | 8 | 0 | 2 | 4 | 8 | 2 | 1 | 5 | 6 | 7 | 2 | 1 | 0 | 6 | 2 | 

Transformed matrix B = 
[[cMatrix]]
| -7.37559 | -8.78812 | -4.47158 | -4.63278 | -4.96389 | -11.8217 | -4.63278 | -5.32921 | -4.28817 | -7.31736 | -8.0258 | -4.3344 | -1.6989 | -0.61748 | -7.46655 | -3.79151 | 
| 1.8318 | 6.86551 | -3.59584 | 2.75913 | 5.06443 | -2.24385 | 2.75913 | -2.55506 | 5.20389 | 1.29684 | 1.21254 | 0.50897 | 2.05398 | -0.67442 | 2.42192 | 1.74592 | 
| -4.15273 | -5.44369 | -4.48051 | -7.41111 | -5.80615 | -0.462 | -7.41111 | -4.90624 | -2.12865 | -0.88005 | 0.34101 | -4.11752 | -3.30074 | -0.40482 | -2.52685 | -4.5361 | 
