
Original matrix A = 
[[cMatrix]]
| 2 | 9 | 0 | 9 | 3 | 
| 3 | 8 | 7 | 4 | 5 | 
| 1 | 3 | 5 | 9 | 9 | 

Transformed matrix B = 
[[cMatrix]]
| 0.27578 | 0.83567 | -2.38173 | -6.10661 | -6.45264 | 
| 2.4875 | 10.2778 | 1.66244 | 10.7513 | 4.9979 | 
| -2.78142 | -6.90417 | -8.09714 | -5.01194 | -6.9559 | 
===========================QR SECTION==========================
Vector x at 0 iter: 

Vector contents:
| 2339.2 |
| -1098.5 |
| 388.247 |
Alpha 2613.29 at 0 iter: 

Vector u at 0 iter: 

Vector contents:
| 4952.5 |
| -1098.5 |
| 388.247 |
Vector v at 0 iter: 

Vector contents:
| 0.973426 |
| -0.215912 |
| 0.0763109 |
Q_tmp at 0 iter: 

[[cMatrix]]
| -0.895117 | 0.420349 | -0.148566 | 
| 0.420349 | 0.906764 | 0.0329529 | 
| -0.148566 | 0.0329529 | 0.988353 | 
Q_heap(0)

[[cMatrix]]
| -0.895117 | 0.420349 | -0.148566 | 
| 0.420349 | 0.906764 | 0.0329529 | 
| -0.148566 | 0.0329529 | 0.988353 | 
===========================QR SECTION==========================
Vector x at 1 iter: 

Vector contents:
| 4446.17 |
| 249.294 |
Alpha 4453.15 at 1 iter: 

Vector u at 1 iter: 

Vector contents:
| 8899.33 |
| 249.294 |
Vector v at 1 iter: 

Vector contents:
| 0.999608 |
| 0.0280017 |
Q_tmp at 1 iter: 

[[cMatrix]]
| -0.998432 | -0.0559815 | 
| -0.0559815 | 0.998432 | 
Q_heap(1)

[[cMatrix]]
| 1 | 0 | 0 | 
| 0 | -0.998432 | -0.0559815 | 
| 0 | -0.0559815 | 0.998432 | 
===========================QR SECTION==========================
Vector x at 0 iter: 

Vector contents:
| 3780.3 |
| -1856.29 |
| -40.115 |
Alpha 4211.67 at 0 iter: 

Vector u at 0 iter: 

Vector contents:
| 7991.97 |
| -1856.29 |
| -40.115 |
Vector v at 0 iter: 

Vector contents:
| 0.974058 |
| -0.226244 |
| -0.0048892 |
Q_tmp at 0 iter: 

[[cMatrix]]
| -0.89758 | 0.440749 | 0.00952474 | 
| 0.440749 | 0.897627 | -0.0022123 | 
| 0.00952474 | -0.0022123 | 0.999952 | 
Q_heap(0)

[[cMatrix]]
| -0.89758 | 0.440749 | 0.00952474 | 
| 0.440749 | 0.897627 | -0.0022123 | 
| 0.00952474 | -0.0022123 | 0.999952 | 
===========================QR SECTION==========================
Vector x at 1 iter: 

Vector contents:
| 2816.48 |
| -50.461 |
Alpha 2816.93 at 1 iter: 

Vector u at 1 iter: 

Vector contents:
| 5633.41 |
| -50.461 |
Vector v at 1 iter: 

Vector contents:
| 0.99996 |
| -0.00895708 |
Q_tmp at 1 iter: 

[[cMatrix]]
| -0.99984 | 0.0179135 | 
| 0.0179135 | 0.99984 | 
Q_heap(1)

[[cMatrix]]
| 1 | 0 | 0 | 
| 0 | -0.99984 | 0.0179135 | 
| 0 | 0.0179135 | 0.99984 | 
===========================QR SECTION==========================
Vector x at 0 iter: 

Vector contents:
| 5301.41 |
| -1241.14 |
| 2.5227 |
Alpha 5444.76 at 0 iter: 

Vector u at 0 iter: 

Vector contents:
| 10746.2 |
| -1241.14 |
| 2.5227 |
Vector v at 0 iter: 

Vector contents:
| 0.993396 |
| -0.114733 |
| 0.000233203 |
Q_tmp at 0 iter: 

[[cMatrix]]
| -0.973673 | 0.227951 | -0.000463327 | 
| 0.227951 | 0.973673 | 5.35123e-05 | 
| -0.000463327 | 5.35123e-05 | 1 | 
Q_heap(0)

[[cMatrix]]
| -0.973673 | 0.227951 | -0.000463327 | 
| 0.227951 | 0.973673 | 5.35123e-05 | 
| -0.000463327 | 5.35123e-05 | 1 | 
===========================QR SECTION==========================
Vector x at 1 iter: 

Vector contents:
| 2179.65 |
| 6.04054 |
Alpha 2179.66 at 1 iter: 

Vector u at 1 iter: 

Vector contents:
| 4359.31 |
| 6.04054 |
Vector v at 1 iter: 

Vector contents:
| 0.999999 |
| 0.00138566 |
Q_tmp at 1 iter: 

[[cMatrix]]
| -0.999996 | -0.00277132 | 
| -0.00277132 | 0.999996 | 
Q_heap(1)

[[cMatrix]]
| 1 | 0 | 0 | 
| 0 | -0.999996 | -0.00277132 | 
| 0 | -0.00277132 | 0.999996 | 
===========================QR SECTION==========================
Vector x at 0 iter: 

Vector contents:
| 5708.3 |
| -496.852 |
| -0.122677 |
Alpha 5729.88 at 0 iter: 

Vector u at 0 iter: 

Vector contents:
| 11438.2 |
| -496.852 |
| -0.122677 |
Vector v at 0 iter: 

Vector contents:
| 0.999058 |
| -0.0433971 |
| -1.07151e-05 |
Q_tmp at 0 iter: 

[[cMatrix]]
| -0.996233 | 0.0867124 | 2.14101e-05 | 
| 0.0867124 | 0.996233 | -9.3001e-07 | 
| 2.14101e-05 | -9.3001e-07 | 1 | 
Q_heap(0)

[[cMatrix]]
| -0.996233 | 0.0867124 | 2.14101e-05 | 
| 0.0867124 | 0.996233 | -9.3001e-07 | 
| 2.14101e-05 | -9.3001e-07 | 1 | 
===========================QR SECTION==========================
Vector x at 1 iter: 

Vector contents:
| 2071.21 |
| -0.760556 |
Alpha 2071.21 at 1 iter: 

Vector u at 1 iter: 

Vector contents:
| 4142.41 |
| -0.760556 |
Vector v at 1 iter: 

Vector contents:
| 1 |
| -0.000183602 |
Q_tmp at 1 iter: 

[[cMatrix]]
| -1 | 0.000367204 | 
| 0.000367204 | 1 | 
Q_heap(1)

[[cMatrix]]
| 1 | 0 | 0 | 
| 0 | -1 | 0.000367204 | 
| 0 | 0.000367204 | 1 | 
===========================QR SECTION==========================
Vector x at 0 iter: 

Vector contents:
| 5767.18 |
| -179.599 |
| 0.00566881 |
Alpha 5769.98 at 0 iter: 

Vector u at 0 iter: 

Vector contents:
| 11537.2 |
| -179.599 |
| 0.00566881 |
Vector v at 0 iter: 

Vector contents:
| 0.999879 |
| -0.0155652 |
| 4.91292e-07 |
Q_tmp at 0 iter: 

[[cMatrix]]
| -0.999515 | 0.0311265 | -9.82466e-07 | 
| 0.0311265 | 0.999515 | 1.52941e-08 | 
| -9.82466e-07 | 1.52941e-08 | 1 | 
Q_heap(0)

[[cMatrix]]
| -0.999515 | 0.0311265 | -9.82466e-07 | 
| 0.0311265 | 0.999515 | 1.52941e-08 | 
| -9.82466e-07 | 1.52941e-08 | 1 | 
===========================QR SECTION==========================
Vector x at 1 iter: 

Vector contents:
| 2056.82 |
| 0.09768 |
Alpha 2056.82 at 1 iter: 

Vector u at 1 iter: 

Vector contents:
| 4113.63 |
| 0.09768 |
Vector v at 1 iter: 

Vector contents:
| 1 |
| 2.37454e-05 |
Q_tmp at 1 iter: 

[[cMatrix]]
| -1 | -4.74909e-05 | 
| -4.74909e-05 | 1 | 
Q_heap(1)

[[cMatrix]]
| 1 | 0 | 0 | 
| 0 | -1 | -4.74909e-05 | 
| 0 | -4.74909e-05 | 1 | 
===========================QR SECTION==========================
Vector x at 0 iter: 

Vector contents:
| 5774.77 |
| -64.0215 |
| -0.00026013 |
Alpha 5775.12 at 0 iter: 

Vector u at 0 iter: 

Vector contents:
| 11549.9 |
| -64.0215 |
| -0.00026013 |
Vector v at 0 iter: 

Vector contents:
| 0.999985 |
| -0.00554296 |
| -2.2522e-08 |
Q_tmp at 0 iter: 

[[cMatrix]]
| -0.999939 | 0.0110857 | 4.50433e-08 | 
| 0.0110857 | 0.999939 | -2.49677e-10 | 
| 4.50433e-08 | -2.49677e-10 | 1 | 
Q_heap(0)

[[cMatrix]]
| -0.999939 | 0.0110857 | 4.50433e-08 | 
| 0.0110857 | 0.999939 | -2.49677e-10 | 
| 4.50433e-08 | -2.49677e-10 | 1 | 
===========================QR SECTION==========================
Vector x at 1 iter: 

Vector contents:
| 2054.98 |
| -0.0125817 |
Alpha 2054.98 at 1 iter: 

Vector u at 1 iter: 

Vector contents:
| 4109.97 |
| -0.0125817 |
Vector v at 1 iter: 

Vector contents:
| 1 |
| -3.06128e-06 |
Q_tmp at 1 iter: 

[[cMatrix]]
| -1 | 6.12256e-06 | 
| 6.12256e-06 | 1 | 
Q_heap(1)

[[cMatrix]]
| 1 | 0 | 0 | 
| 0 | -1 | 6.12256e-06 | 
| 0 | 6.12256e-06 | 1 | 
===========================QR SECTION==========================
Vector x at 0 iter: 

Vector contents:
| 5775.73 |
| -22.781 |
| 1.19262e-05 |
Alpha 5775.77 at 0 iter: 

Vector u at 0 iter: 

Vector contents:
| 11551.5 |
| -22.781 |
| 1.19262e-05 |
Vector v at 0 iter: 

Vector contents:
| 0.999998 |
| -0.00197212 |
| 1.03244e-09 |
Q_tmp at 0 iter: 

[[cMatrix]]
| -0.999992 | 0.00394424 | -2.06487e-09 | 
| 0.00394424 | 0.999992 | 4.07219e-12 | 
| -2.06487e-09 | 4.07219e-12 | 1 | 
Q_heap(0)

[[cMatrix]]
| -0.999992 | 0.00394424 | -2.06487e-09 | 
| 0.00394424 | 0.999992 | 4.07219e-12 | 
| -2.06487e-09 | 4.07219e-12 | 1 | 
===========================QR SECTION==========================
Vector x at 1 iter: 

Vector contents:
| 2054.75 |
| 0.00162121 |
Alpha 2054.75 at 1 iter: 

Vector u at 1 iter: 

Vector contents:
| 4109.5 |
| 0.00162121 |
Vector v at 1 iter: 

Vector contents:
| 1 |
| 3.94503e-07 |
Q_tmp at 1 iter: 

[[cMatrix]]
| -1 | -7.89005e-07 | 
| -7.89005e-07 | 1 | 
Q_heap(1)

[[cMatrix]]
| 1 | 0 | 0 | 
| 0 | -1 | -7.89005e-07 | 
| 0 | -7.89005e-07 | 1 | 
===========================QR SECTION==========================
Vector x at 0 iter: 

Vector contents:
| 5775.85 |
| -8.10443 |
| -5.46723e-07 |
Alpha 5775.86 at 0 iter: 

Vector u at 0 iter: 

Vector contents:
| 11551.7 |
| -8.10443 |
| -5.46723e-07 |
Vector v at 0 iter: 

Vector contents:
| 1 |
| -0.000701578 |
| -4.73283e-11 |
Q_tmp at 0 iter: 

[[cMatrix]]
| -0.999999 | 0.00140316 | 9.46566e-11 | 
| 0.00140316 | 0.999999 | -6.6409e-14 | 
| 9.46566e-11 | -6.6409e-14 | 1 | 
Q_heap(0)

[[cMatrix]]
| -0.999999 | 0.00140316 | 9.46566e-11 | 
| 0.00140316 | 0.999999 | -6.6409e-14 | 
| 9.46566e-11 | -6.6409e-14 | 1 | 
===========================QR SECTION==========================
Vector x at 1 iter: 

Vector contents:
| 2054.72 |
| -0.000208909 |
Alpha 2054.72 at 1 iter: 

Vector u at 1 iter: 

Vector contents:
| 4109.44 |
| -0.000208909 |
Vector v at 1 iter: 

Vector contents:
| 1 |
| -5.08364e-08 |
Q_tmp at 1 iter: 

[[cMatrix]]
| -1 | 1.01673e-07 | 
| 1.01673e-07 | 1 | 
Q_heap(1)

[[cMatrix]]
| 1 | 0 | 0 | 
| 0 | -1 | 1.01673e-07 | 
| 0 | 1.01673e-07 | 1 | 
===========================QR SECTION==========================
Vector x at 0 iter: 

Vector contents:
| 5775.87 |
| -2.88309 |
| 2.50625e-08 |
Alpha 5775.87 at 0 iter: 

Vector u at 0 iter: 

Vector contents:
| 11551.7 |
| -2.88309 |
| 2.50625e-08 |
Vector v at 0 iter: 

Vector contents:
| 1 |
| -0.000249581 |
| 2.16959e-12 |
Q_tmp at 0 iter: 

[[cMatrix]]
| -1 | 0.000499162 | -4.33918e-12 | 
| 0.000499162 | 1 | 1.08298e-15 | 
| -4.33918e-12 | 1.08298e-15 | 1 | 
Q_heap(0)

[[cMatrix]]
| -1 | 0.000499162 | -4.33918e-12 | 
| 0.000499162 | 1 | 1.08298e-15 | 
| -4.33918e-12 | 1.08298e-15 | 1 | 
===========================QR SECTION==========================
Vector x at 1 iter: 

Vector contents:
| 2054.72 |
| 2.69202e-05 |
Alpha 2054.72 at 1 iter: 

Vector u at 1 iter: 

Vector contents:
| 4109.44 |
| 2.69202e-05 |
Vector v at 1 iter: 

Vector contents:
| 1 |
| 6.55084e-09 |
Q_tmp at 1 iter: 

[[cMatrix]]
| -1 | -1.31017e-08 | 
| -1.31017e-08 | 1 | 
Q_heap(1)

[[cMatrix]]
| 1 | 0 | 0 | 
| 0 | -1 | -1.31017e-08 | 
| 0 | -1.31017e-08 | 1 | 
===========================QR SECTION==========================
Vector x at 0 iter: 

Vector contents:
| 5775.87 |
| -1.02564 |
| -1.1489e-09 |
Alpha 5775.87 at 0 iter: 

Vector u at 0 iter: 

Vector contents:
| 11551.7 |
| -1.02564 |
| -1.1489e-09 |
Vector v at 0 iter: 

Vector contents:
| 1 |
| -8.87864e-05 |
| -9.94567e-14 |
Q_tmp at 0 iter: 

[[cMatrix]]
| -1 | 0.000177573 | 1.98913e-13 | 
| 0.000177573 | 1 | -1.76608e-17 | 
| 1.98913e-13 | -1.76608e-17 | 1 | 
Q_heap(0)

[[cMatrix]]
| -1 | 0.000177573 | 1.98913e-13 | 
| 0.000177573 | 1 | -1.76608e-17 | 
| 1.98913e-13 | -1.76608e-17 | 1 | 
===========================QR SECTION==========================
Vector x at 1 iter: 

Vector contents:
| 2054.72 |
| -3.46897e-06 |
Alpha 2054.72 at 1 iter: 

Vector u at 1 iter: 

Vector contents:
| 4109.44 |
| -3.46897e-06 |
Vector v at 1 iter: 

Vector contents:
| 1 |
| -8.44148e-10 |
Q_tmp at 1 iter: 

[[cMatrix]]
| -1 | 1.6883e-09 | 
| 1.6883e-09 | 1 | 
Q_heap(1)

[[cMatrix]]
| 1 | 0 | 0 | 
| 0 | -1 | 1.6883e-09 | 
| 0 | 1.6883e-09 | 1 | 
===========================QR SECTION==========================
Vector x at 0 iter: 

Vector contents:
| 5775.87 |
| -0.364862 |
| 5.26669e-11 |
Alpha 5775.87 at 0 iter: 

Vector u at 0 iter: 

Vector contents:
| 11551.7 |
| -0.364862 |
| 5.26669e-11 |
Vector v at 0 iter: 

Vector contents:
| 1 |
| -3.1585e-05 |
| 4.55922e-15 |
Q_tmp at 0 iter: 

[[cMatrix]]
| -1 | 6.31701e-05 | -9.11843e-15 | 
| 6.31701e-05 | 1 | 2.88006e-19 | 
| -9.11843e-15 | 2.88006e-19 | 1 | 
Q_heap(0)

[[cMatrix]]
| -1 | 6.31701e-05 | -9.11843e-15 | 
| 6.31701e-05 | 1 | 2.88006e-19 | 
| -9.11843e-15 | 2.88006e-19 | 1 | 
===========================QR SECTION==========================
Vector x at 1 iter: 

Vector contents:
| 2054.72 |
| 4.47015e-07 |
Alpha 2054.72 at 1 iter: 

Vector u at 1 iter: 

Vector contents:
| 4109.43 |
| 4.47015e-07 |
Vector v at 1 iter: 

Vector contents:
| 1 |
| 1.08778e-10 |
Q_tmp at 1 iter: 

[[cMatrix]]
| -1 | -2.17555e-10 | 
| -2.17555e-10 | 1 | 
Q_heap(1)

[[cMatrix]]
| 1 | 0 | 0 | 
| 0 | -1 | -2.17555e-10 | 
| 0 | -2.17555e-10 | 1 | 
===========================QR SECTION==========================
Vector x at 0 iter: 

Vector contents:
| 5775.87 |
| -0.129797 |
| -2.41432e-12 |
Alpha 5775.87 at 0 iter: 

Vector u at 0 iter: 

Vector contents:
| 11551.7 |
| -0.129797 |
| -2.41432e-12 |
Vector v at 0 iter: 

Vector contents:
| 1 |
| -1.12361e-05 |
| -2.09e-16 |
Q_tmp at 0 iter: 

[[cMatrix]]
| -1 | 2.24722e-05 | 4.18e-16 | 
| 2.24722e-05 | 1 | -4.6967e-21 | 
| 4.18e-16 | -4.6967e-21 | 1 | 
Q_heap(0)

[[cMatrix]]
| -1 | 2.24722e-05 | 4.18e-16 | 
| 2.24722e-05 | 1 | -4.6967e-21 | 
| 4.18e-16 | -4.6967e-21 | 1 | 
===========================QR SECTION==========================
Vector x at 1 iter: 

Vector contents:
| 2054.72 |
| -5.76028e-08 |
Alpha 2054.72 at 1 iter: 

Vector u at 1 iter: 

Vector contents:
| 4109.43 |
| -5.76028e-08 |
Vector v at 1 iter: 

Vector contents:
| 1 |
| -1.40172e-11 |
Q_tmp at 1 iter: 

[[cMatrix]]
| -1 | 2.80344e-11 | 
| 2.80344e-11 | 1 | 
Q_heap(1)

[[cMatrix]]
| 1 | 0 | 0 | 
| 0 | -1 | 2.80344e-11 | 
| 0 | 2.80344e-11 | 1 | 
===========================EIGEN SECTION==========================
Eigenvalue matrix after 11 iterations of the QR algorithm
[[cMatrix]]
| 5775.87 | -0.129797 | -2.41433e-12 | 
| -0.129797 | 2054.72 | -5.76028e-08 | 
| -2.41432e-12 | -5.76028e-08 | 264.773 | 
Eigenvector matrix Q_0:
[[cMatrix]]
| -0.895117 | -0.411373 | -0.171865 | 
| 0.420349 | -0.907187 | -0.0178608 | 
| -0.148566 | -0.0882307 | 0.984959 | 
Eigenvector matrix after multiplying by Q_1:
[[cMatrix]]
| 0.62049 | 0.760064 | -0.193119 | 
| -0.777309 | 0.628694 | -0.023115 | 
| 0.103844 | 0.164456 | 0.980903 | 
Eigenvector matrix Q_1
[[cMatrix]]
| -0.89758 | -0.440508 | 0.0174186 | 
| 0.440749 | -0.897523 | 0.0138677 | 
| 0.00952474 | 0.0201245 | 0.999752 | 
Number of iterations: 11
Eigenvector matrix after multiplying by Q_2:
[[cMatrix]]
| -0.430807 | -0.880945 | -0.195808 | 
| 0.900166 | -0.434888 | -0.0239265 | 
| -0.0640765 | -0.186567 | 0.98035 | 
Eigenvector matrix Q_2
[[cMatrix]]
| -0.973673 | -0.227949 | -0.00109505 | 
| 0.227951 | -0.973669 | -0.00264485 | 
| -0.000463327 | -0.00282484 | 0.999996 | 
Number of iterations: 11
Eigenvector matrix after multiplying by Q_3:
[[cMatrix]]
| 0.352791 | 0.914911 | -0.196152 | 
| -0.934487 | 0.355186 | -0.0240373 | 
| 0.0476785 | 0.191782 | 0.980279 | 
Eigenvector matrix Q_3
[[cMatrix]]
| -0.996233 | -0.0867124 | 5.32512e-05 | 
| 0.0867124 | -0.996233 | 0.000364891 | 
| 2.14101e-05 | 0.000368134 | 1 | 
Number of iterations: 11
Eigenvector matrix after multiplying by Q_4:
[[cMatrix]]
| -0.324142 | -0.92544 | -0.196196 | 
| 0.94509 | -0.325925 | -0.0240518 | 
| -0.0416868 | -0.193219 | 0.98027 | 
Eigenvector matrix Q_4
[[cMatrix]]
| -0.999515 | -0.0311265 | -2.46069e-06 | 
| 0.0311265 | -0.999515 | -4.74526e-05 | 
| -9.82466e-07 | -4.75062e-05 | 1 | 
Number of iterations: 11
Eigenvector matrix after multiplying by Q_5:
[[cMatrix]]
| 0.313863 | 0.928975 | -0.196202 | 
| -0.948645 | 0.315428 | -0.0240537 | 
| 0.0395423 | 0.193676 | 0.980268 | 
Eigenvector matrix Q_5
[[cMatrix]]
| -0.999939 | -0.0110857 | 1.12916e-07 | 
| 0.0110857 | -0.999939 | 6.12193e-06 | 
| 4.50433e-08 | 6.12281e-06 | 1 | 
Number of iterations: 11
Eigenvector matrix after multiplying by Q_6:
[[cMatrix]]
| -0.310196 | -0.930206 | -0.196203 | 
| 0.949881 | -0.311684 | -0.024054 | 
| -0.0387781 | -0.193831 | 0.980268 | 
Eigenvector matrix Q_6
[[cMatrix]]
| -0.999992 | -0.00394424 | -5.1769e-09 | 
| 0.00394424 | -0.999992 | -7.88995e-07 | 
| -2.06487e-09 | -7.89009e-07 | 1 | 
Number of iterations: 11
Eigenvector matrix after multiplying by Q_7:
[[cMatrix]]
| 0.308891 | 0.93064 | -0.196203 | 
| -0.950318 | 0.310351 | -0.024054 | 
| 0.0385061 | 0.193885 | 0.980268 | 
Eigenvector matrix Q_7
[[cMatrix]]
| -0.999999 | -0.00140316 | 2.37319e-10 | 
| 0.00140316 | -0.999999 | 1.01673e-07 | 
| 9.46566e-11 | 1.01673e-07 | 1 | 
Number of iterations: 11
Eigenvector matrix after multiplying by Q_8:
[[cMatrix]]
| -0.308426 | -0.930794 | -0.196203 | 
| 0.950473 | -0.309876 | -0.024054 | 
| -0.0384093 | -0.193904 | 0.980268 | 
Eigenvector matrix Q_8
[[cMatrix]]
| -1 | -0.000499162 | -1.0879e-11 | 
| 0.000499162 | -1 | -1.31017e-08 | 
| -4.33918e-12 | -1.31017e-08 | 1 | 
Number of iterations: 11
Eigenvector matrix after multiplying by Q_9:
[[cMatrix]]
| 0.308261 | 0.930849 | -0.196203 | 
| -0.950528 | 0.309708 | -0.024054 | 
| 0.0383749 | 0.193911 | 0.980268 | 
Eigenvector matrix Q_9
[[cMatrix]]
| -1 | -0.000177573 | 4.98709e-13 | 
| 0.000177573 | -1 | 1.6883e-09 | 
| 1.98913e-13 | 1.6883e-09 | 1 | 
Number of iterations: 11
Eigenvector matrix after multiplying by Q_10:
[[cMatrix]]
| -0.308202 | -0.930868 | -0.196203 | 
| 0.950547 | -0.309648 | -0.024054 | 
| -0.0383626 | -0.193914 | 0.980268 | 
Eigenvector matrix Q_10
[[cMatrix]]
| -1 | -6.31701e-05 | -2.28614e-14 | 
| 6.31701e-05 | -1 | -2.17555e-10 | 
| -9.11843e-15 | -2.17555e-10 | 1 | 
Number of iterations: 11
Eigenvector matrix after multiplying by Q_11:
[[cMatrix]]
| 0.308181 | 0.930875 | -0.196203 | 
| -0.950554 | 0.309626 | -0.024054 | 
| 0.0383583 | 0.193914 | 0.980268 | 
Eigenvector matrix Q_11
[[cMatrix]]
| -1 | -2.24722e-05 | 1.048e-15 | 
| 2.24722e-05 | -1 | 2.80344e-11 | 
| 4.18e-16 | 2.80344e-11 | 1 | 
Number of iterations: 11
===========================SVD SECTION==========================
A*A' = 
[[cMatrix]]
| 2339.2 | -1098.5 | 388.247 | 
| -1098.5 | 5415.97 | -93.4655 | 
| 388.247 | -93.4655 | 340.188 | 

Eigenvectors of A*A' (U) = 

[[cMatrix]]
| 0.308181 | 0.930875 | -0.196203 | 
| -0.950554 | 0.309626 | -0.024054 | 
| 0.0383583 | 0.193914 | 0.980268 | 

Singular values of A'*A (S) = 

[[cMatrix]]
| 75.9991 | 0 | 0 | 
| 0 | 45.329 | 0 | 
| 0 | 0 | 16.2718 | 

Eigenvectors of A'*A (V) = 

[[cMatrix]]
| -0.889789 | 0.440594 | 0.119004 | 
| -0.0510403 | 0.163055 | -0.985296 | 
| -0.453508 | -0.882774 | -0.122597 | 


Q_U = 
[[cMatrix]]
| -1 | -2.24722e-05 | 1.048e-15 | 
| 2.24722e-05 | -1 | 2.80344e-11 | 
| 4.18e-16 | 2.80344e-11 | 1 | 
Q_U iter = 11
Q_V = 
[[cMatrix]]
| 0 | 0 | 0 | 0 | 
| 0 | 0 | 0 | 0 | 
| 0 | 0 | 0 | 0 | 
| 0 | 0 | 0 | 0 | 
Q_V iter = 2685004



Original matrix A = U*S*V' = 
[[cMatrix]]
| -2.62898 | 8.83041 | -47.4796 | 
| 70.4167 | 6.36135 | 20.4202 | 
| 3.17709 | -14.4318 | -11.0371 | 
===========================KABSCH SECTION==========================

Centroid of A = 
Vector contents:
| 4.6 |
| 5.4 |
| 5.4 |

Centroid of B = 
Vector contents:
| -2.76591 |
| 6.03539 |
| -5.95011 |

A - centroidA =
[[cMatrix]]
| -2.6 | 4.4 | -4.6 | 4.4 | -1.6 | 
| -2.4 | 2.6 | 1.6 | -1.4 | -0.4 | 
| -4.4 | -2.4 | -0.4 | 3.6 | 3.6 | 

B - centroidB =
[[cMatrix]]
| 3.04169 | 3.60158 | 0.384176 | -3.3407 | -3.68673 | 
| -3.54789 | 4.24245 | -4.37295 | 4.71588 | -1.03749 | 
| 3.16869 | -0.954056 | -2.14703 | 0.938174 | -1.00579 | 

H = 
[[cMatrix]]
| -2.62898 | 8.83041 | -47.4796 | 
| 70.4167 | 6.36135 | 20.4202 | 
| 3.17709 | -14.4318 | -11.0371 | 

Det of R = 1

Rotation matrix = 
[[cMatrix]]
| 0.112573 | 0.97935 | 0.167962 | 
| 0.329372 | 0.122703 | -0.936193 | 
| -0.937461 | 0.160703 | -0.308756 | 

R * B = 
[[cMatrix]]
| 2 | 9.00004 | -2.35105e-05 | 9 | 2.99997 | 
| 3.00001 | 8.00001 | 7 | 4.00001 | 5 | 
| 0.999996 | 2.99997 | 4.99998 | 8.99994 | 8.99995 | 

Translation matrix = 
Vector contents:
| 2.96376e-06 |
| -5.56564e-06 |
| 3.21895e-05 |

Result of the algorithm: 

R * B + t = A
[[cMatrix]]
| 2.00001 | 9.00004 | -2.05467e-05 | 9 | 2.99997 | 
| 3 | 8 | 6.99999 | 4.00001 | 5 | 
| 1.00003 | 3.00001 | 5.00001 | 8.99997 | 8.99999 | 

Original matrix A = 
[[cMatrix]]
| 2 | 9 | 0 | 9 | 3 | 
| 3 | 8 | 7 | 4 | 5 | 
| 1 | 3 | 5 | 9 | 9 | 

Transformed matrix B = 
[[cMatrix]]
| 0.27578 | 0.83567 | -2.38173 | -6.10661 | -6.45264 | 
| 2.4875 | 10.2778 | 1.66244 | 10.7513 | 4.9979 | 
| -2.78142 | -6.90417 | -8.09714 | -5.01194 | -6.9559 | 
