
Original matrix A = 
[[cMatrix]]
| 9 | 9 | 2 | 7 | 8 | 1 | 2 | 6 | 6 | 9 | 6 | 
| 0 | 5 | 0 | 4 | 9 | 9 | 0 | 5 | 5 | 3 | 0 | 
| 4 | 0 | 2 | 1 | 3 | 5 | 5 | 8 | 9 | 4 | 1 | 

Transformed matrix B = 
[[cMatrix]]
| 4.11197 | -1.57982 | 1.24882 | -1.02688 | -4.58654 | -6.24351 | 2.15346 | -0.13606 | 0.16549 | 1.42061 | 2.23874 | 
| -8.00259 | -7.48268 | -2.53352 | -6.54838 | -10.6935 | -7.94307 | -4.57249 | -11.1586 | -11.8383 | -9.32182 | -4.2023 | 
| 4.00628 | 6.89301 | 0.1473 | 4.69726 | 4.31421 | -2.21951 | -1.85875 | -0.68348 | -1.35216 | 4.13348 | 3.78533 | 
===========================QR SECTION==========================
Vector x at 0 iter: 

Vector contents:
| 9762.16 |
| 5739.64 |
| 1957.62 |
Alpha 11492.4 at 0 iter: 

Vector u at 0 iter: 

Vector contents:
| 21254.6 |
| 5739.64 |
| 1957.62 |
Vector v at 0 iter: 

Vector contents:
| 0.961625 |
| 0.25968 |
| 0.0885688 |
Q_tmp at 0 iter: 

[[cMatrix]]
| -0.849444 | -0.499429 | -0.17034 | 
| -0.499429 | 0.865133 | -0.0459991 | 
| -0.17034 | -0.0459991 | 0.984311 | 
Q_heap(0)

[[cMatrix]]
| -0.849444 | -0.499429 | -0.17034 | 
| -0.499429 | 0.865133 | -0.0459991 | 
| -0.17034 | -0.0459991 | 0.984311 | 
===========================QR SECTION==========================
Vector x at 1 iter: 

Vector contents:
| 5087.73 |
| -732.315 |
Alpha 5140.16 at 1 iter: 

Vector u at 1 iter: 

Vector contents:
| 10227.9 |
| -732.315 |
Vector v at 1 iter: 

Vector contents:
| 0.997447 |
| -0.071417 |
Q_tmp at 1 iter: 

[[cMatrix]]
| -0.989799 | 0.142469 | 
| 0.142469 | 0.989799 | 
Q_heap(1)

[[cMatrix]]
| 1 | 0 | 0 | 
| 0 | -0.989799 | 0.142469 | 
| 0 | 0.142469 | 0.989799 | 
===========================QR SECTION==========================
Vector x at 0 iter: 

Vector contents:
| 15208.6 |
| 2172.31 |
| -1690.49 |
Alpha 15455.7 at 0 iter: 

Vector u at 0 iter: 

Vector contents:
| 30664.3 |
| 2172.31 |
| -1690.49 |
Vector v at 0 iter: 

Vector contents:
| 0.995995 |
| 0.0705581 |
| -0.0549084 |
Q_tmp at 0 iter: 

[[cMatrix]]
| -0.984013 | -0.140551 | 0.109377 | 
| -0.140551 | 0.990043 | 0.00774845 | 
| 0.109377 | 0.00774845 | 0.99397 | 
Q_heap(0)

[[cMatrix]]
| -0.984013 | -0.140551 | 0.109377 | 
| -0.140551 | 0.990043 | 0.00774845 | 
| 0.109377 | 0.00774845 | 0.99397 | 
===========================QR SECTION==========================
Vector x at 1 iter: 

Vector contents:
| 4526.35 |
| 2107.75 |
Alpha 4993.04 at 1 iter: 

Vector u at 1 iter: 

Vector contents:
| 9519.39 |
| 2107.75 |
Vector v at 1 iter: 

Vector contents:
| 0.976353 |
| 0.216181 |
Q_tmp at 1 iter: 

[[cMatrix]]
| -0.906531 | -0.422138 | 
| -0.422138 | 0.906531 | 
Q_heap(1)

[[cMatrix]]
| 1 | 0 | 0 | 
| 0 | -0.906531 | -0.422138 | 
| 0 | -0.422138 | 0.906531 | 
===========================QR SECTION==========================
Vector x at 0 iter: 

Vector contents:
| 15845.3 |
| 56.9833 |
| 830.917 |
Alpha 15867.2 at 0 iter: 

Vector u at 0 iter: 

Vector contents:
| 31712.5 |
| 56.9833 |
| 830.917 |
Vector v at 0 iter: 

Vector contents:
| 0.999655 |
| 0.00179625 |
| 0.0261925 |
Q_tmp at 0 iter: 

[[cMatrix]]
| -0.998621 | -0.00359127 | -0.052367 | 
| -0.00359127 | 0.999994 | -9.40968e-05 | 
| -0.052367 | -9.40968e-05 | 0.998628 | 
Q_heap(0)

[[cMatrix]]
| -0.998621 | -0.00359127 | -0.052367 | 
| -0.00359127 | 0.999994 | -9.40968e-05 | 
| -0.052367 | -9.40968e-05 | 0.998628 | 
===========================QR SECTION==========================
Vector x at 1 iter: 

Vector contents:
| 7012.64 |
| -3240.13 |
Alpha 7724.99 at 1 iter: 

Vector u at 1 iter: 

Vector contents:
| 14737.6 |
| -3240.13 |
Vector v at 1 iter: 

Vector contents:
| 0.976674 |
| -0.214726 |
Q_tmp at 1 iter: 

[[cMatrix]]
| -0.907785 | 0.419435 | 
| 0.419435 | 0.907785 | 
Q_heap(1)

[[cMatrix]]
| 1 | 0 | 0 | 
| 0 | -0.907785 | 0.419435 | 
| 0 | 0.419435 | 0.907785 | 
===========================QR SECTION==========================
Vector x at 0 iter: 

Vector contents:
| 15906.5 |
| -275.149 |
| -250.464 |
Alpha 15910.9 at 0 iter: 

Vector u at 0 iter: 

Vector contents:
| 31817.4 |
| -275.149 |
| -250.464 |
Vector v at 0 iter: 

Vector contents:
| 0.999932 |
| -0.00864714 |
| -0.00787137 |
Q_tmp at 0 iter: 

[[cMatrix]]
| -0.999727 | 0.0172931 | 0.0157417 | 
| 0.0172931 | 0.99985 | -0.00013613 | 
| 0.0157417 | -0.00013613 | 0.999876 | 
Q_heap(0)

[[cMatrix]]
| -0.999727 | 0.0172931 | 0.0157417 | 
| 0.0172931 | 0.99985 | -0.00013613 | 
| 0.0157417 | -0.00013613 | 0.999876 | 
===========================QR SECTION==========================
Vector x at 1 iter: 

Vector contents:
| 9429.64 |
| 1997.89 |
Alpha 9638.96 at 1 iter: 

Vector u at 1 iter: 

Vector contents:
| 19068.6 |
| 1997.89 |
Vector v at 1 iter: 

Vector contents:
| 0.994556 |
| 0.104203 |
Q_tmp at 1 iter: 

[[cMatrix]]
| -0.978283 | -0.207272 | 
| -0.207272 | 0.978283 | 
Q_heap(1)

[[cMatrix]]
| 1 | 0 | 0 | 
| 0 | -0.978283 | -0.207272 | 
| 0 | -0.207272 | 0.978283 | 
===========================QR SECTION==========================
Vector x at 0 iter: 

Vector contents:
| 15920.2 |
| -211.595 |
| 60.1743 |
Alpha 15921.7 at 0 iter: 

Vector u at 0 iter: 

Vector contents:
| 31842 |
| -211.595 |
| 60.1743 |
Vector v at 0 iter: 

Vector contents:
| 0.999976 |
| -0.00664501 |
| 0.00188973 |
Q_tmp at 0 iter: 

[[cMatrix]]
| -0.999905 | 0.0132897 | -0.00377938 | 
| 0.0132897 | 0.999912 | 2.51146e-05 | 
| -0.00377938 | 2.51146e-05 | 0.999993 | 
Q_heap(0)

[[cMatrix]]
| -0.999905 | 0.0132897 | -0.00377938 | 
| 0.0132897 | 0.999912 | 2.51146e-05 | 
| -0.00377938 | 2.51146e-05 | 0.999993 | 
===========================QR SECTION==========================
Vector x at 1 iter: 

Vector contents:
| 10015.1 |
| -790.657 |
Alpha 10046.3 at 1 iter: 

Vector u at 1 iter: 

Vector contents:
| 20061.3 |
| -790.657 |
Vector v at 1 iter: 

Vector contents:
| 0.999224 |
| -0.0393814 |
Q_tmp at 1 iter: 

[[cMatrix]]
| -0.996898 | 0.0787017 | 
| 0.0787017 | 0.996898 | 
Q_heap(1)

[[cMatrix]]
| 1 | 0 | 0 | 
| 0 | -0.996898 | 0.0787017 | 
| 0 | 0.0787017 | 0.996898 | 
===========================QR SECTION==========================
Vector x at 0 iter: 

Vector contents:
| 15925.2 |
| -137.603 |
| -13.8519 |
Alpha 15925.8 at 0 iter: 

Vector u at 0 iter: 

Vector contents:
| 31850.9 |
| -137.603 |
| -13.8519 |
Vector v at 0 iter: 

Vector contents:
| 0.999991 |
| -0.00432018 |
| -0.000434895 |
Q_tmp at 0 iter: 

[[cMatrix]]
| -0.999962 | 0.00864028 | 0.000869781 | 
| 0.00864028 | 0.999963 | -3.75765e-06 | 
| 0.000869781 | -3.75765e-06 | 1 | 
Q_heap(0)

[[cMatrix]]
| -0.999962 | 0.00864028 | 0.000869781 | 
| 0.00864028 | 0.999963 | -3.75765e-06 | 
| 0.000869781 | -3.75765e-06 | 1 | 
===========================QR SECTION==========================
Vector x at 1 iter: 

Vector contents:
| 10097.8 |
| 288.201 |
Alpha 10101.9 at 1 iter: 

Vector u at 1 iter: 

Vector contents:
| 20199.7 |
| 288.201 |
Vector v at 1 iter: 

Vector contents:
| 0.999898 |
| 0.0142661 |
Q_tmp at 1 iter: 

[[cMatrix]]
| -0.999593 | -0.0285294 | 
| -0.0285294 | 0.999593 | 
Q_heap(1)

[[cMatrix]]
| 1 | 0 | 0 | 
| 0 | -0.999593 | -0.0285294 | 
| 0 | -0.0285294 | 0.999593 | 
===========================QR SECTION==========================
Vector x at 0 iter: 

Vector contents:
| 15927.1 |
| -87.6245 |
| 3.16951 |
Alpha 15927.4 at 0 iter: 

Vector u at 0 iter: 

Vector contents:
| 31854.5 |
| -87.6245 |
| 3.16951 |
Vector v at 0 iter: 

Vector contents:
| 0.999996 |
| -0.00275076 |
| 9.94991e-05 |
Q_tmp at 0 iter: 

[[cMatrix]]
| -0.999985 | 0.00550151 | -0.000198997 | 
| 0.00550151 | 0.999985 | 5.47397e-07 | 
| -0.000198997 | 5.47397e-07 | 1 | 
Q_heap(0)

[[cMatrix]]
| -0.999985 | 0.00550151 | -0.000198997 | 
| 0.00550151 | 0.999985 | 5.47397e-07 | 
| -0.000198997 | 5.47397e-07 | 1 | 
===========================QR SECTION==========================
Vector x at 1 iter: 

Vector contents:
| 10108 |
| -103.925 |
Alpha 10108.5 at 1 iter: 

Vector u at 1 iter: 

Vector contents:
| 20216.5 |
| -103.925 |
Vector v at 1 iter: 

Vector contents:
| 0.999987 |
| -0.00514055 |
Q_tmp at 1 iter: 

[[cMatrix]]
| -0.999947 | 0.010281 | 
| 0.010281 | 0.999947 | 
Q_heap(1)

[[cMatrix]]
| 1 | 0 | 0 | 
| 0 | -0.999947 | 0.010281 | 
| 0 | 0.010281 | 0.999947 | 
===========================QR SECTION==========================
Vector x at 0 iter: 

Vector contents:
| 15927.9 |
| -55.6401 |
| -0.724605 |
Alpha 15928 at 0 iter: 

Vector u at 0 iter: 

Vector contents:
| 31855.9 |
| -55.6401 |
| -0.724605 |
Vector v at 0 iter: 

Vector contents:
| 0.999998 |
| -0.00174661 |
| -2.27463e-05 |
Q_tmp at 0 iter: 

[[cMatrix]]
| -0.999994 | 0.00349322 | 4.54925e-05 | 
| 0.00349322 | 0.999994 | -7.9458e-08 | 
| 4.54925e-05 | -7.9458e-08 | 1 | 
Q_heap(0)

[[cMatrix]]
| -0.999994 | 0.00349322 | 4.54925e-05 | 
| 0.00349322 | 0.999994 | -7.9458e-08 | 
| 4.54925e-05 | -7.9458e-08 | 1 | 
===========================QR SECTION==========================
Vector x at 1 iter: 

Vector contents:
| 10109 |
| 37.4305 |
Alpha 10109.1 at 1 iter: 

Vector u at 1 iter: 

Vector contents:
| 20218.1 |
| 37.4305 |
Vector v at 1 iter: 

Vector contents:
| 0.999998 |
| 0.00185134 |
Q_tmp at 1 iter: 

[[cMatrix]]
| -0.999993 | -0.00370266 | 
| -0.00370266 | 0.999993 | 
Q_heap(1)

[[cMatrix]]
| 1 | 0 | 0 | 
| 0 | -0.999993 | -0.00370266 | 
| 0 | -0.00370266 | 0.999993 | 
===========================QR SECTION==========================
Vector x at 0 iter: 

Vector contents:
| 15928.2 |
| -35.3156 |
| 0.165635 |
Alpha 15928.3 at 0 iter: 

Vector u at 0 iter: 

Vector contents:
| 31856.5 |
| -35.3156 |
| 0.165635 |
Vector v at 0 iter: 

Vector contents:
| 0.999999 |
| -0.00110858 |
| 5.1994e-06 |
Q_tmp at 0 iter: 

[[cMatrix]]
| -0.999998 | 0.00221716 | -1.03988e-05 | 
| 0.00221716 | 0.999998 | 1.15279e-08 | 
| -1.03988e-05 | 1.15279e-08 | 1 | 
Q_heap(0)

[[cMatrix]]
| -0.999998 | 0.00221716 | -1.03988e-05 | 
| 0.00221716 | 0.999998 | 1.15279e-08 | 
| -1.03988e-05 | 1.15279e-08 | 1 | 
===========================QR SECTION==========================
Vector x at 1 iter: 

Vector contents:
| 10109 |
| -13.4804 |
Alpha 10109 at 1 iter: 

Vector u at 1 iter: 

Vector contents:
| 20218.1 |
| -13.4804 |
Vector v at 1 iter: 

Vector contents:
| 1 |
| -0.000666747 |
Q_tmp at 1 iter: 

[[cMatrix]]
| -0.999999 | 0.00133349 | 
| 0.00133349 | 0.999999 | 
Q_heap(1)

[[cMatrix]]
| 1 | 0 | 0 | 
| 0 | -0.999999 | 0.00133349 | 
| 0 | 0.00133349 | 0.999999 | 
===========================QR SECTION==========================
Vector x at 0 iter: 

Vector contents:
| 15928.4 |
| -22.4136 |
| -0.0378607 |
Alpha 15928.4 at 0 iter: 

Vector u at 0 iter: 

Vector contents:
| 31856.8 |
| -22.4136 |
| -0.0378607 |
Vector v at 0 iter: 

Vector contents:
| 1 |
| -0.000703574 |
| -1.18847e-06 |
Q_tmp at 0 iter: 

[[cMatrix]]
| -0.999999 | 0.00140715 | 2.37693e-06 | 
| 0.00140715 | 0.999999 | -1.67235e-09 | 
| 2.37693e-06 | -1.67235e-09 | 1 | 
Q_heap(0)

[[cMatrix]]
| -0.999999 | 0.00140715 | 2.37693e-06 | 
| 0.00140715 | 0.999999 | -1.67235e-09 | 
| 2.37693e-06 | -1.67235e-09 | 1 | 
===========================QR SECTION==========================
Vector x at 1 iter: 

Vector contents:
| 10109 |
| 4.85498 |
Alpha 10109 at 1 iter: 

Vector u at 1 iter: 

Vector contents:
| 20218 |
| 4.85498 |
Vector v at 1 iter: 

Vector contents:
| 1 |
| 0.000240132 |
Q_tmp at 1 iter: 

[[cMatrix]]
| -1 | -0.000480263 | 
| -0.000480263 | 1 | 
Q_heap(1)

[[cMatrix]]
| 1 | 0 | 0 | 
| 0 | -1 | -0.000480263 | 
| 0 | -0.000480263 | 1 | 
===========================QR SECTION==========================
Vector x at 0 iter: 

Vector contents:
| 15928.4 |
| -14.2249 |
| 0.00865411 |
Alpha 15928.4 at 0 iter: 

Vector u at 0 iter: 

Vector contents:
| 31856.8 |
| -14.2249 |
| 0.00865411 |
Vector v at 0 iter: 

Vector contents:
| 1 |
| -0.000446525 |
| 2.71656e-07 |
Q_tmp at 0 iter: 

[[cMatrix]]
| -1 | 0.000893049 | -5.43313e-07 | 
| 0.000893049 | 1 | 2.42603e-10 | 
| -5.43313e-07 | 2.42603e-10 | 1 | 
Q_heap(0)

[[cMatrix]]
| -1 | 0.000893049 | -5.43313e-07 | 
| 0.000893049 | 1 | 2.42603e-10 | 
| -5.43313e-07 | 2.42603e-10 | 1 | 
===========================QR SECTION==========================
Vector x at 1 iter: 

Vector contents:
| 10109 |
| -1.74856 |
Alpha 10109 at 1 iter: 

Vector u at 1 iter: 

Vector contents:
| 20217.9 |
| -1.74856 |
Vector v at 1 iter: 

Vector contents:
| 1 |
| -8.64856e-05 |
Q_tmp at 1 iter: 

[[cMatrix]]
| -1 | 0.000172971 | 
| 0.000172971 | 1 | 
Q_heap(1)

[[cMatrix]]
| 1 | 0 | 0 | 
| 0 | -1 | 0.000172971 | 
| 0 | 0.000172971 | 1 | 
===========================QR SECTION==========================
Vector x at 0 iter: 

Vector contents:
| 15928.4 |
| -9.02781 |
| -0.00197813 |
Alpha 15928.4 at 0 iter: 

Vector u at 0 iter: 

Vector contents:
| 31856.9 |
| -9.02781 |
| -0.00197813 |
Vector v at 0 iter: 

Vector contents:
| 1 |
| -0.000283387 |
| -6.20943e-08 |
Q_tmp at 0 iter: 

[[cMatrix]]
| -1 | 0.000566773 | 1.24189e-07 | 
| 0.000566773 | 1 | -3.51934e-11 | 
| 1.24189e-07 | -3.51934e-11 | 1 | 
Q_heap(0)

[[cMatrix]]
| -1 | 0.000566773 | 1.24189e-07 | 
| 0.000566773 | 1 | -3.51934e-11 | 
| 1.24189e-07 | -3.51934e-11 | 1 | 
===========================QR SECTION==========================
Vector x at 1 iter: 

Vector contents:
| 10109 |
| 0.629763 |
Alpha 10109 at 1 iter: 

Vector u at 1 iter: 

Vector contents:
| 20217.9 |
| 0.629763 |
Vector v at 1 iter: 

Vector contents:
| 1 |
| 3.11488e-05 |
Q_tmp at 1 iter: 

[[cMatrix]]
| -1 | -6.22975e-05 | 
| -6.22975e-05 | 1 | 
Q_heap(1)

[[cMatrix]]
| 1 | 0 | 0 | 
| 0 | -1 | -6.22975e-05 | 
| 0 | -6.22975e-05 | 1 | 
===========================QR SECTION==========================
Vector x at 0 iter: 

Vector contents:
| 15928.4 |
| -5.72949 |
| 0.000452155 |
Alpha 15928.4 at 0 iter: 

Vector u at 0 iter: 

Vector contents:
| 31856.9 |
| -5.72949 |
| 0.000452155 |
Vector v at 0 iter: 

Vector contents:
| 1 |
| -0.000179851 |
| 1.41933e-08 |
Q_tmp at 0 iter: 

[[cMatrix]]
| -1 | 0.000359701 | -2.83866e-08 | 
| 0.000359701 | 1 | 5.10535e-12 | 
| -2.83866e-08 | 5.10535e-12 | 1 | 
Q_heap(0)

[[cMatrix]]
| -1 | 0.000359701 | -2.83866e-08 | 
| 0.000359701 | 1 | 5.10535e-12 | 
| -2.83866e-08 | 5.10535e-12 | 1 | 
===========================QR SECTION==========================
Vector x at 1 iter: 

Vector contents:
| 10109 |
| -0.226817 |
Alpha 10109 at 1 iter: 

Vector u at 1 iter: 

Vector contents:
| 20217.9 |
| -0.226817 |
Vector v at 1 iter: 

Vector contents:
| 1 |
| -1.12186e-05 |
Q_tmp at 1 iter: 

[[cMatrix]]
| -1 | 2.24372e-05 | 
| 2.24372e-05 | 1 | 
Q_heap(1)

[[cMatrix]]
| 1 | 0 | 0 | 
| 0 | -1 | 2.24372e-05 | 
| 0 | 2.24372e-05 | 1 | 
===========================QR SECTION==========================
Vector x at 0 iter: 

Vector contents:
| 15928.5 |
| -3.63621 |
| -0.000103352 |
Alpha 15928.5 at 0 iter: 

Vector u at 0 iter: 

Vector contents:
| 31856.9 |
| -3.63621 |
| -0.000103352 |
Vector v at 0 iter: 

Vector contents:
| 1 |
| -0.000114142 |
| -3.24426e-09 |
Q_tmp at 0 iter: 

[[cMatrix]]
| -1 | 0.000228284 | 6.48852e-09 | 
| 0.000228284 | 1 | -7.40611e-13 | 
| 6.48852e-09 | -7.40611e-13 | 1 | 
Q_heap(0)

[[cMatrix]]
| -1 | 0.000228284 | 6.48852e-09 | 
| 0.000228284 | 1 | -7.40611e-13 | 
| 6.48852e-09 | -7.40611e-13 | 1 | 
===========================QR SECTION==========================
Vector x at 1 iter: 

Vector contents:
| 10109 |
| 0.081691 |
Alpha 10109 at 1 iter: 

Vector u at 1 iter: 

Vector contents:
| 20217.9 |
| 0.081691 |
Vector v at 1 iter: 

Vector contents:
| 1 |
| 4.04053e-06 |
Q_tmp at 1 iter: 

[[cMatrix]]
| -1 | -8.08106e-06 | 
| -8.08106e-06 | 1 | 
Q_heap(1)

[[cMatrix]]
| 1 | 0 | 0 | 
| 0 | -1 | -8.08106e-06 | 
| 0 | -8.08106e-06 | 1 | 
===========================QR SECTION==========================
Vector x at 0 iter: 

Vector contents:
| 15928.5 |
| -2.30771 |
| 2.36239e-05 |
Alpha 15928.5 at 0 iter: 

Vector u at 0 iter: 

Vector contents:
| 31856.9 |
| -2.30771 |
| 2.36239e-05 |
Vector v at 0 iter: 

Vector contents:
| 1 |
| -7.24399e-05 |
| 7.41562e-10 |
Q_tmp at 0 iter: 

[[cMatrix]]
| -1 | 0.00014488 | -1.48312e-09 | 
| 0.00014488 | 1 | 1.07437e-13 | 
| -1.48312e-09 | 1.07437e-13 | 1 | 
Q_heap(0)

[[cMatrix]]
| -1 | 0.00014488 | -1.48312e-09 | 
| 0.00014488 | 1 | 1.07437e-13 | 
| -1.48312e-09 | 1.07437e-13 | 1 | 
===========================QR SECTION==========================
Vector x at 1 iter: 

Vector contents:
| 10109 |
| -0.0294221 |
Alpha 10109 at 1 iter: 

Vector u at 1 iter: 

Vector contents:
| 20217.9 |
| -0.0294221 |
Vector v at 1 iter: 

Vector contents:
| 1 |
| -1.45525e-06 |
Q_tmp at 1 iter: 

[[cMatrix]]
| -1 | 2.9105e-06 | 
| 2.9105e-06 | 1 | 
Q_heap(1)

[[cMatrix]]
| 1 | 0 | 0 | 
| 0 | -1 | 2.9105e-06 | 
| 0 | 2.9105e-06 | 1 | 
===========================EIGEN SECTION==========================
Eigenvalue matrix after 14 iterations of the QR algorithm
[[cMatrix]]
| 15928.5 | -2.30771 | 2.36239e-05 | 
| -2.30771 | 10109 | -0.0294221 | 
| 2.36239e-05 | -0.0294221 | 3640.87 | 
Eigenvector matrix Q_0:
[[cMatrix]]
| -0.849444 | 0.470066 | -0.239756 | 
| -0.499429 | -0.862861 | 0.0777251 | 
| -0.17034 | 0.185764 | 0.967717 | 
Eigenvector matrix after multiplying by Q_1:
[[cMatrix]]
| 0.743572 | -0.390151 | -0.543031 | 
| 0.621222 | 0.703512 | 0.345188 | 
| 0.247353 | -0.594015 | 0.765482 | 
Eigenvector matrix Q_1
[[cMatrix]]
| -0.984013 | 0.0812417 | 0.158486 | 
| -0.140551 | -0.900776 | -0.410911 | 
| 0.109377 | -0.426617 | 0.897794 | 
Number of iterations: 14
Eigenvector matrix after multiplying by Q_2:
[[cMatrix]]
| -0.712709 | 0.112778 | -0.692334 | 
| -0.640969 | -0.505666 | 0.577461 | 
| -0.284965 | 0.855326 | 0.43268 | 
Eigenvector matrix Q_2
[[cMatrix]]
| -0.998621 | -0.0187045 | -0.0490443 | 
| -0.00359127 | -0.907819 | 0.419347 | 
| -0.052367 | 0.418945 | 0.9065 | 
Number of iterations: 14
Eigenvector matrix after multiplying by Q_3:
[[cMatrix]]
| 0.703566 | 0.0474653 | -0.709043 | 
| 0.641139 | 0.387932 | 0.662156 | 
| 0.30649 | -0.920465 | 0.242504 | 
Eigenvector matrix Q_3
[[cMatrix]]
| -0.999727 | -0.0201804 | 0.0118154 | 
| 0.0172931 | -0.978109 | -0.207374 | 
| 0.0157417 | -0.207113 | 0.97819 | 
Number of iterations: 14
Eigenvector matrix after multiplying by Q_4:
[[cMatrix]]
| -0.700188 | -0.112629 | -0.705019 | 
| -0.638425 | -0.343282 | 0.688891 | 
| -0.31961 | 0.932455 | 0.168457 | 
Eigenvector matrix Q_4
[[cMatrix]]
| -0.999905 | -0.0135459 | -0.00272173 | 
| 0.0132897 | -0.996808 | 0.0787198 | 
| -0.00377938 | 0.0786761 | 0.996893 | 
Number of iterations: 14
Eigenvector matrix after multiplying by Q_5:
[[cMatrix]]
| 0.698576 | 0.138755 | -0.701954 | 
| 0.636034 | 0.329008 | 0.698007 | 
| 0.327801 | -0.934077 | 0.141585 | 
Eigenvector matrix Q_5
[[cMatrix]]
| -0.999962 | -0.00866158 | 0.000622925 | 
| 0.00864028 | -0.999556 | -0.0285321 | 
| 0.000869781 | -0.0285256 | 0.999593 | 
Number of iterations: 14
Eigenvector matrix after multiplying by Q_6:
[[cMatrix]]
| -0.697662 | -0.149806 | -0.70059 | 
| -0.634353 | -0.325311 | 0.701263 | 
| -0.332963 | 0.933665 | 0.131927 | 
Eigenvector matrix Q_6
[[cMatrix]]
| -0.999985 | -0.00550326 | -0.000142426 | 
| 0.00550151 | -0.999932 | 0.0102814 | 
| -0.000198997 | 0.0102804 | 0.999947 | 
Number of iterations: 14
Eigenvector matrix after multiplying by Q_7:
[[cMatrix]]
| 0.697102 | 0.154835 | -0.700053 | 
| 0.633245 | 0.324926 | 0.702442 | 
| 0.336228 | -0.932979 | 0.128458 | 
Eigenvector matrix Q_7
[[cMatrix]]
| -0.999994 | -0.00349337 | 3.2558e-05 | 
| 0.00349322 | -0.999987 | -0.00370272 | 
| 4.54925e-05 | -0.00370259 | 0.999993 | 
Number of iterations: 14
Eigenvector matrix after multiplying by Q_8:
[[cMatrix]]
| -0.69675 | -0.157314 | -0.699851 | 
| -0.63253 | -0.325392 | 0.70287 | 
| -0.338297 | 0.932401 | 0.127211 | 
Eigenvector matrix Q_8
[[cMatrix]]
| -0.999998 | -0.00221718 | -7.4422e-06 | 
| 0.00221716 | -0.999997 | 0.0013335 | 
| -1.03988e-05 | 0.00133348 | 0.999999 | 
Number of iterations: 14
Eigenvector matrix after multiplying by Q_9:
[[cMatrix]]
| 0.696526 | 0.15863 | -0.699777 | 
| 0.632073 | 0.325944 | 0.703025 | 
| 0.339609 | -0.931985 | 0.126763 | 
Eigenvector matrix Q_9
[[cMatrix]]
| -0.999999 | -0.00140715 | 1.70113e-06 | 
| 0.00140715 | -0.999999 | -0.000480264 | 
| 2.37693e-06 | -0.000480261 | 1 | 
Number of iterations: 14
Eigenvector matrix after multiplying by Q_10:
[[cMatrix]]
| -0.696384 | -0.159373 | -0.699749 | 
| -0.631782 | -0.326387 | 0.703081 | 
| -0.340442 | 0.931704 | 0.126601 | 
Eigenvector matrix Q_10
[[cMatrix]]
| -1 | -0.000893049 | -3.88841e-07 | 
| 0.000893049 | -1 | 0.000172971 | 
| -5.43313e-07 | 0.000172971 | 1 | 
Number of iterations: 14
Eigenvector matrix after multiplying by Q_11:
[[cMatrix]]
| 0.696294 | 0.159812 | -0.69974 | 
| 0.631597 | 0.326701 | 0.703101 | 
| 0.34097 | -0.931518 | 0.126543 | 
Eigenvector matrix Q_11
[[cMatrix]]
| -1 | -0.000566773 | 8.88801e-08 | 
| 0.000566773 | -1 | -6.22976e-05 | 
| 1.24189e-07 | -6.22975e-05 | 1 | 
Number of iterations: 14
Eigenvector matrix after multiplying by Q_12:
[[cMatrix]]
| -0.696236 | -0.160078 | -0.699736 | 
| -0.63148 | -0.326913 | 0.703109 | 
| -0.341305 | 0.931399 | 0.126522 | 
Eigenvector matrix Q_12
[[cMatrix]]
| -1 | -0.000359701 | -2.03159e-08 | 
| 0.000359701 | -1 | 2.24372e-05 | 
| -2.83866e-08 | 2.24372e-05 | 1 | 
Number of iterations: 14
Eigenvector matrix after multiplying by Q_13:
[[cMatrix]]
| 0.696199 | 0.160242 | -0.699735 | 
| 0.631405 | 0.327051 | 0.703111 | 
| 0.341517 | -0.931322 | 0.126515 | 
Eigenvector matrix Q_13
[[cMatrix]]
| -1 | -0.000228284 | 4.64374e-09 | 
| 0.000228284 | -1 | -8.08106e-06 | 
| 6.48852e-09 | -8.08105e-06 | 1 | 
Number of iterations: 14
Eigenvector matrix after multiplying by Q_14:
[[cMatrix]]
| -0.696176 | -0.160345 | -0.699734 | 
| -0.631358 | -0.327141 | 0.703112 | 
| -0.341652 | 0.931273 | 0.126512 | 
Eigenvector matrix Q_14
[[cMatrix]]
| -1 | -0.00014488 | -1.06145e-09 | 
| 0.00014488 | -1 | 2.9105e-06 | 
| -1.48312e-09 | 2.9105e-06 | 1 | 
Number of iterations: 14
===========================SVD SECTION==========================
A*A' = 
[[cMatrix]]
| 9762.16 | 5739.64 | 1957.62 | 
| 5739.64 | 9230.47 | 680.646 | 
| 1957.62 | 680.646 | 10685.7 | 

Eigenvectors of A*A' (U) = 

[[cMatrix]]
| -0.696176 | -0.160345 | -0.699734 | 
| -0.631358 | -0.327141 | 0.703112 | 
| -0.341652 | 0.931273 | 0.126512 | 

Singular values of A'*A (S) = 

[[cMatrix]]
| 126.208 | 0 | 0 | 
| 0 | 100.543 | 0 | 
| 0 | 0 | 60.3396 | 

Eigenvectors of A'*A (V) = 

[[cMatrix]]
| -0.10776 | 0.83162 | -0.544807 | 
| 0.887688 | 0.327134 | 0.323923 | 
| 0.447658 | -0.448766 | -0.773472 | 


Q_U = 
[[cMatrix]]
| -1 | -0.00014488 | -1.06145e-09 | 
| 0.00014488 | -1 | 2.9105e-06 | 
| -1.48312e-09 | 2.9105e-06 | 1 | 
Q_U iter = 14
Q_V = 
[[cMatrix]]
| 0 | 0 | 0 | 0 | 
| 0 | 0 | 0 | 0 | 
| 0 | 0 | 0 | 0 | 
| 0 | 0 | 0 | 0 | 
Q_V iter = 2685004



Original matrix A = U*S*V' = 
[[cMatrix]]
| 19.0637 | -96.9455 | 0.559629 | 
| -41.8807 | -67.7505 | -53.7247 | 
| 78.3549 | -5.17308 | -67.2265 | 
===========================KABSCH SECTION==========================

Centroid of A = 
Vector contents:
| 5.90909 |
| 3.63636 |
| 3.81818 |

Centroid of B = 
Vector contents:
| -0.203065 |
| -7.66338 |
| 1.98754 |

A - centroidA =
[[cMatrix]]
| 3.09091 | 3.09091 | -3.90909 | 1.09091 | 2.09091 | -4.90909 | -3.90909 | 0.0909091 | 0.0909091 | 3.09091 | 0.0909091 | 
| -3.63636 | 1.36364 | -3.63636 | 0.363636 | 5.36364 | 5.36364 | -3.63636 | 1.36364 | 1.36364 | -0.636364 | -3.63636 | 
| 0.181818 | -3.81818 | -1.81818 | -2.81818 | -0.818182 | 1.18182 | 1.18182 | 4.18182 | 5.18182 | 0.181818 | -2.81818 | 

B - centroidB =
[[cMatrix]]
| 4.31504 | -1.37675 | 1.45189 | -0.823815 | -4.38347 | -6.04044 | 2.35653 | 0.0670055 | 0.368555 | 1.62368 | 2.44181 | 
| -0.339207 | 0.180703 | 5.12986 | 1.115 | -3.03013 | -0.279687 | 3.09089 | -3.49522 | -4.17487 | -1.65844 | 3.46108 | 
| 2.01874 | 4.90547 | -1.84024 | 2.70972 | 2.32667 | -4.20705 | -3.84629 | -2.67102 | -3.3397 | 2.14594 | 1.79779 | 

H = 
[[cMatrix]]
| 19.0637 | -96.9455 | 0.559629 | 
| -41.8807 | -67.7505 | -53.7247 | 
| 78.3549 | -5.17308 | -67.2265 | 

Det of R = 1

Rotation matrix = 
[[cMatrix]]
| 0.322893 | -0.587082 | 0.742357 | 
| -0.897102 | -0.439714 | 0.0423507 | 
| 0.301534 | -0.67966 | -0.66872 | 

R * B = 
[[cMatrix]]
| 9 | 8.99991 | 1.99997 | 6.99991 | 7.99969 | 0.999579 | 1.99991 | 5.9997 | 5.99968 | 8.9999 | 6.00003 | 
| -0.000339642 | 4.99942 | -5.72787e-05 | 3.99956 | 8.99938 | 8.99974 | -6.18976e-06 | 4.9997 | 4.99971 | 2.99955 | -0.000258121 | 
| 3.99986 | -0.000186564 | 1.99999 | 0.99988 | 2.99995 | 5.00019 | 5.00006 | 8.00009 | 9.0001 | 3.99989 | 0.999864 | 

Translation matrix = 
Vector contents:
| 0.000157891 |
| 0.000325911 |
| 2.76703e-05 |

Result of the algorithm: 

R * B + t = A
[[cMatrix]]
| 9.00015 | 9.00006 | 2.00013 | 7.00006 | 7.99985 | 0.999737 | 2.00007 | 5.99986 | 5.99984 | 9.00005 | 6.00019 | 
| -1.37308e-05 | 4.99974 | 0.000268632 | 3.99989 | 8.99971 | 9.00007 | 0.000319721 | 5.00003 | 5.00004 | 2.99988 | 6.77901e-05 | 
| 3.99989 | -0.000158894 | 2.00002 | 0.999908 | 2.99998 | 5.00022 | 5.00009 | 8.00011 | 9.00013 | 3.99992 | 0.999892 | 

Original matrix A = 
[[cMatrix]]
| 9 | 9 | 2 | 7 | 8 | 1 | 2 | 6 | 6 | 9 | 6 | 
| 0 | 5 | 0 | 4 | 9 | 9 | 0 | 5 | 5 | 3 | 0 | 
| 4 | 0 | 2 | 1 | 3 | 5 | 5 | 8 | 9 | 4 | 1 | 

Transformed matrix B = 
[[cMatrix]]
| 4.11197 | -1.57982 | 1.24882 | -1.02688 | -4.58654 | -6.24351 | 2.15346 | -0.13606 | 0.16549 | 1.42061 | 2.23874 | 
| -8.00259 | -7.48268 | -2.53352 | -6.54838 | -10.6935 | -7.94307 | -4.57249 | -11.1586 | -11.8383 | -9.32182 | -4.2023 | 
| 4.00628 | 6.89301 | 0.1473 | 4.69726 | 4.31421 | -2.21951 | -1.85875 | -0.68348 | -1.35216 | 4.13348 | 3.78533 | 
