
Original matrix A = 
[[cMatrix]]
| 7 | 6 | 8 | 6 | 5 | 0 | 6 | 2 | 6 | 3 | 2 | 7 | 0 | 
| 5 | 4 | 0 | 6 | 2 | 8 | 1 | 1 | 8 | 3 | 5 | 4 | 7 | 
| 6 | 2 | 2 | 7 | 7 | 7 | 4 | 7 | 5 | 8 | 7 | 2 | 5 | 

Transformed matrix B = 
[[cMatrix]]
| 2.42659 | -0.30829 | 2.13716 | 2.59578 | 4.84921 | 1.05303 | 3.0549 | 5.23655 | -0.18805 | 4.95439 | 2.91912 | -0.24428 | 0.00728 | 
| 8.29864 | 5.08753 | 2.06675 | 9.56658 | 6.19871 | 10.4985 | 3.78959 | 5.03858 | 10.0515 | 7.35095 | 8.29075 | 5.20323 | 8.54426 | 
| -5.93669 | -5.47923 | -7.69163 | -4.76891 | -4.00765 | 1.29339 | -5.41356 | -1.09147 | -4.89207 | -1.84865 | -0.86152 | -6.47045 | 0.99776 | 
===========================QR SECTION==========================
Vector x at 0 iter: 

Vector contents:
| 2705.74 |
| -1162.62 |
| 920.739 |
Alpha 3085.53 at 0 iter: 

Vector u at 0 iter: 

Vector contents:
| 5791.27 |
| -1162.62 |
| 920.739 |
Vector v at 0 iter: 

Vector contents:
| 0.96874 |
| -0.194479 |
| 0.154017 |
Q_tmp at 0 iter: 

[[cMatrix]]
| -0.876913 | 0.376798 | -0.298406 | 
| 0.376798 | 0.924356 | 0.0599062 | 
| -0.298406 | 0.0599062 | 0.952557 | 
Q_heap(0)

[[cMatrix]]
| -0.876913 | 0.376798 | -0.298406 | 
| 0.376798 | 0.924356 | 0.0599062 | 
| -0.298406 | 0.0599062 | 0.952557 | 
===========================QR SECTION==========================
Vector x at 1 iter: 

Vector contents:
| 8327.34 |
| 9198.13 |
Alpha 12407.7 at 1 iter: 

Vector u at 1 iter: 

Vector contents:
| 20735 |
| 9198.13 |
Vector v at 1 iter: 

Vector contents:
| 0.914096 |
| 0.405497 |
Q_tmp at 1 iter: 

[[cMatrix]]
| -0.671145 | -0.741326 | 
| -0.741326 | 0.671145 | 
Q_heap(1)

[[cMatrix]]
| 1 | 0 | 0 | 
| 0 | -0.671145 | -0.741326 | 
| 0 | -0.741326 | 0.671145 | 
===========================QR SECTION==========================
Vector x at 0 iter: 

Vector contents:
| 3786.24 |
| -50.8715 |
| -485.945 |
Alpha 3817.63 at 0 iter: 

Vector u at 0 iter: 

Vector contents:
| 7603.87 |
| -50.8715 |
| -485.945 |
Vector v at 0 iter: 

Vector contents:
| 0.997942 |
| -0.00667645 |
| -0.063776 |
Q_tmp at 0 iter: 

[[cMatrix]]
| -0.991776 | 0.0133254 | 0.12729 | 
| 0.0133254 | 0.999911 | -0.000851595 | 
| 0.12729 | -0.000851595 | 0.991865 | 
Q_heap(0)

[[cMatrix]]
| -0.991776 | 0.0133254 | 0.12729 | 
| 0.0133254 | 0.999911 | -0.000851595 | 
| 0.12729 | -0.000851595 | 0.991865 | 
===========================QR SECTION==========================
Vector x at 1 iter: 

Vector contents:
| 19813.2 |
| -1228.89 |
Alpha 19851.3 at 1 iter: 

Vector u at 1 iter: 

Vector contents:
| 39664.5 |
| -1228.89 |
Vector v at 1 iter: 

Vector contents:
| 0.99952 |
| -0.0309672 |
Q_tmp at 1 iter: 

[[cMatrix]]
| -0.998082 | 0.0619047 | 
| 0.0619047 | 0.998082 | 
Q_heap(1)

[[cMatrix]]
| 1 | 0 | 0 | 
| 0 | -0.998082 | 0.0619047 | 
| 0 | 0.0619047 | 0.998082 | 
===========================QR SECTION==========================
Vector x at 0 iter: 

Vector contents:
| 3863.35 |
| -102.106 |
| 104.715 |
Alpha 3866.11 at 0 iter: 

Vector u at 0 iter: 

Vector contents:
| 7729.46 |
| -102.106 |
| 104.715 |
Vector v at 0 iter: 

Vector contents:
| 0.999821 |
| -0.0132077 |
| 0.0135451 |
Q_tmp at 0 iter: 

[[cMatrix]]
| -0.999284 | 0.0264106 | -0.0270854 | 
| 0.0264106 | 0.999651 | 0.000357799 | 
| -0.0270854 | 0.000357799 | 0.999633 | 
Q_heap(0)

[[cMatrix]]
| -0.999284 | 0.0264106 | -0.0270854 | 
| 0.0264106 | 0.999651 | 0.000357799 | 
| -0.0270854 | 0.000357799 | 0.999633 | 
===========================QR SECTION==========================
Vector x at 1 iter: 

Vector contents:
| 19882.3 |
| 61.0751 |
Alpha 19882.4 at 1 iter: 

Vector u at 1 iter: 

Vector contents:
| 39764.7 |
| 61.0751 |
Vector v at 1 iter: 

Vector contents:
| 0.999999 |
| 0.00153591 |
Q_tmp at 1 iter: 

[[cMatrix]]
| -0.999995 | -0.00307182 | 
| -0.00307182 | 0.999995 | 
Q_heap(1)

[[cMatrix]]
| 1 | 0 | 0 | 
| 0 | -0.999995 | -0.00307182 | 
| 0 | -0.00307182 | 0.999995 | 
===========================QR SECTION==========================
Vector x at 0 iter: 

Vector contents:
| 3883.27 |
| -523.57 |
| -21.968 |
Alpha 3918.47 at 0 iter: 

Vector u at 0 iter: 

Vector contents:
| 7801.75 |
| -523.57 |
| -21.968 |
Vector v at 0 iter: 

Vector contents:
| 0.997752 |
| -0.0669584 |
| -0.00280945 |
Q_tmp at 0 iter: 

[[cMatrix]]
| -0.991017 | 0.133616 | 0.00560626 | 
| 0.133616 | 0.991033 | -0.000376232 | 
| 0.00560626 | -0.000376232 | 0.999984 | 
Q_heap(0)

[[cMatrix]]
| -0.991017 | 0.133616 | 0.00560626 | 
| 0.133616 | 0.991033 | -0.000376232 | 
| 0.00560626 | -0.000376232 | 0.999984 | 
===========================QR SECTION==========================
Vector x at 1 iter: 

Vector contents:
| 19627.4 |
| -13.1938 |
Alpha 19627.4 at 1 iter: 

Vector u at 1 iter: 

Vector contents:
| 39254.8 |
| -13.1938 |
Vector v at 1 iter: 

Vector contents:
| 1 |
| -0.000336106 |
Q_tmp at 1 iter: 

[[cMatrix]]
| -1 | 0.000672212 | 
| 0.000672212 | 1 | 
Q_heap(1)

[[cMatrix]]
| 1 | 0 | 0 | 
| 0 | -1 | 0.000672212 | 
| 0 | 0.000672212 | 1 | 
===========================QR SECTION==========================
Vector x at 0 iter: 

Vector contents:
| 4307.59 |
| -2622.5 |
| 4.54457 |
Alpha 5043.1 at 0 iter: 

Vector u at 0 iter: 

Vector contents:
| 9350.69 |
| -2622.5 |
| 4.54457 |
Vector v at 0 iter: 

Vector contents:
| 0.962849 |
| -0.270041 |
| 0.000467958 |
Q_tmp at 0 iter: 

[[cMatrix]]
| -0.854155 | 0.520017 | -0.000901146 | 
| 0.520017 | 0.854156 | 0.000252736 | 
| -0.000901146 | 0.000252736 | 1 | 
Q_heap(0)

[[cMatrix]]
| -0.854155 | 0.520017 | -0.000901146 | 
| 0.520017 | 0.854156 | 0.000252736 | 
| -0.000901146 | 0.000252736 | 1 | 
===========================QR SECTION==========================
Vector x at 1 iter: 

Vector contents:
| 15250.8 |
| 8.12921 |
Alpha 15250.8 at 1 iter: 

Vector u at 1 iter: 

Vector contents:
| 30501.6 |
| 8.12921 |
Vector v at 1 iter: 

Vector contents:
| 1 |
| 0.000266517 |
Q_tmp at 1 iter: 

[[cMatrix]]
| -1 | -0.000533035 | 
| -0.000533035 | 1 | 
Q_heap(1)

[[cMatrix]]
| 1 | 0 | 0 | 
| 0 | -1 | -0.000533035 | 
| 0 | -0.000533035 | 1 | 
===========================QR SECTION==========================
Vector x at 0 iter: 

Vector contents:
| 10732.5 |
| -7930.68 |
| -0.730473 |
Alpha 13344.7 at 0 iter: 

Vector u at 0 iter: 

Vector contents:
| 24077.2 |
| -7930.68 |
| -0.730473 |
Vector v at 0 iter: 

Vector contents:
| 0.949802 |
| -0.312851 |
| -2.88159e-05 |
Q_tmp at 0 iter: 

[[cMatrix]]
| -0.804248 | 0.594294 | 5.47388e-05 | 
| 0.594294 | 0.804248 | -1.80302e-05 | 
| 5.47388e-05 | -1.80302e-05 | 1 | 
Q_heap(0)

[[cMatrix]]
| -0.804248 | 0.594294 | 5.47388e-05 | 
| 0.594294 | 0.804248 | -1.80302e-05 | 
| 5.47388e-05 | -1.80302e-05 | 1 | 
===========================QR SECTION==========================
Vector x at 1 iter: 

Vector contents:
| 5763.44 |
| -1.30594 |
Alpha 5763.44 at 1 iter: 

Vector u at 1 iter: 

Vector contents:
| 11526.9 |
| -1.30594 |
Vector v at 1 iter: 

Vector contents:
| 1 |
| -0.000113295 |
Q_tmp at 1 iter: 

[[cMatrix]]
| -1 | 0.00022659 | 
| 0.00022659 | 1 | 
Q_heap(1)

[[cMatrix]]
| 1 | 0 | 0 | 
| 0 | -1 | 0.00022659 | 
| 0 | 0.00022659 | 1 | 
===========================QR SECTION==========================
Vector x at 0 iter: 

Vector contents:
| 19123.8 |
| -3425.18 |
| 0.0443714 |
Alpha 19428.1 at 0 iter: 

Vector u at 0 iter: 

Vector contents:
| 38551.9 |
| -3425.18 |
| 0.0443714 |
Vector v at 0 iter: 

Vector contents:
| 0.996076 |
| -0.0884973 |
| 1.14644e-06 |
Q_tmp at 0 iter: 

[[cMatrix]]
| -0.984336 | 0.1763 | -2.28388e-06 | 
| 0.1763 | 0.984336 | 2.02913e-07 | 
| -2.28388e-06 | 2.02913e-07 | 1 | 
Q_heap(0)

[[cMatrix]]
| -0.984336 | 0.1763 | -2.28388e-06 | 
| 0.1763 | 0.984336 | 2.02913e-07 | 
| -2.28388e-06 | 2.02913e-07 | 1 | 
===========================QR SECTION==========================
Vector x at 1 iter: 

Vector contents:
| 3958.77 |
| 0.207053 |
Alpha 3958.77 at 1 iter: 

Vector u at 1 iter: 

Vector contents:
| 7917.54 |
| 0.207053 |
Vector v at 1 iter: 

Vector contents:
| 1 |
| 2.61512e-05 |
Q_tmp at 1 iter: 

[[cMatrix]]
| -1 | -5.23023e-05 | 
| -5.23023e-05 | 1 | 
Q_heap(1)

[[cMatrix]]
| 1 | 0 | 0 | 
| 0 | -1 | -5.23023e-05 | 
| 0 | -5.23023e-05 | 1 | 
===========================QR SECTION==========================
Vector x at 0 iter: 

Vector contents:
| 19862.3 |
| -697.932 |
| -0.00185132 |
Alpha 19874.5 at 0 iter: 

Vector u at 0 iter: 

Vector contents:
| 39736.8 |
| -697.932 |
| -0.00185132 |
Vector v at 0 iter: 

Vector contents:
| 0.999846 |
| -0.0175612 |
| -4.65824e-08 |
Q_tmp at 0 iter: 

[[cMatrix]]
| -0.999383 | 0.0351169 | 9.31503e-08 | 
| 0.0351169 | 0.999383 | -1.63608e-09 | 
| 9.31503e-08 | -1.63608e-09 | 1 | 
Q_heap(0)

[[cMatrix]]
| -0.999383 | 0.0351169 | 9.31503e-08 | 
| 0.0351169 | 0.999383 | -1.63608e-09 | 
| 9.31503e-08 | -1.63608e-09 | 1 | 
===========================QR SECTION==========================
Vector x at 1 iter: 

Vector contents:
| 3869.85 |
| -0.0426323 |
Alpha 3869.85 at 1 iter: 

Vector u at 1 iter: 

Vector contents:
| 7739.7 |
| -0.0426323 |
Vector v at 1 iter: 

Vector contents:
| 1 |
| -5.50826e-06 |
Q_tmp at 1 iter: 

[[cMatrix]]
| -1 | 1.10165e-05 | 
| 1.10165e-05 | 1 | 
Q_heap(1)

[[cMatrix]]
| 1 | 0 | 0 | 
| 0 | -1 | 1.10165e-05 | 
| 0 | 1.10165e-05 | 1 | 
===========================QR SECTION==========================
Vector x at 0 iter: 

Vector contents:
| 19891.6 |
| -135.897 |
| 7.5508e-05 |
Alpha 19892 at 0 iter: 

Vector u at 0 iter: 

Vector contents:
| 39783.6 |
| -135.897 |
| 7.5508e-05 |
Vector v at 0 iter: 

Vector contents:
| 0.999994 |
| -0.00341589 |
| 1.89796e-09 |
Q_tmp at 0 iter: 

[[cMatrix]]
| -0.999977 | 0.00683174 | -3.79589e-09 | 
| 0.00683174 | 0.999977 | 1.29664e-11 | 
| -3.79589e-09 | 1.29664e-11 | 1 | 
Q_heap(0)

[[cMatrix]]
| -0.999977 | 0.00683174 | -3.79589e-09 | 
| 0.00683174 | 0.999977 | 1.29664e-11 | 
| -3.79589e-09 | 1.29664e-11 | 1 | 
===========================QR SECTION==========================
Vector x at 1 iter: 

Vector contents:
| 3866.45 |
| 0.00893193 |
Alpha 3866.45 at 1 iter: 

Vector u at 1 iter: 

Vector contents:
| 7732.89 |
| 0.00893193 |
Vector v at 1 iter: 

Vector contents:
| 1 |
| 1.15506e-06 |
Q_tmp at 1 iter: 

[[cMatrix]]
| -1 | -2.31011e-06 | 
| -2.31011e-06 | 1 | 
Q_heap(1)

[[cMatrix]]
| 1 | 0 | 0 | 
| 0 | -1 | -2.31011e-06 | 
| 0 | -2.31011e-06 | 1 | 
===========================QR SECTION==========================
Vector x at 0 iter: 

Vector contents:
| 19892.7 |
| -26.4145 |
| -3.07696e-06 |
Alpha 19892.7 at 0 iter: 

Vector u at 0 iter: 

Vector contents:
| 39785.4 |
| -26.4145 |
| -3.07696e-06 |
Vector v at 0 iter: 

Vector contents:
| 1 |
| -0.000663926 |
| -7.7339e-11 |
Q_tmp at 0 iter: 

[[cMatrix]]
| -0.999999 | 0.00132785 | 1.54678e-10 | 
| 0.00132785 | 0.999999 | -1.02695e-13 | 
| 1.54678e-10 | -1.02695e-13 | 1 | 
Q_heap(0)

[[cMatrix]]
| -0.999999 | 0.00132785 | 1.54678e-10 | 
| 0.00132785 | 0.999999 | -1.02695e-13 | 
| 1.54678e-10 | -1.02695e-13 | 1 | 
===========================QR SECTION==========================
Vector x at 1 iter: 

Vector contents:
| 3866.32 |
| -0.0018726 |
Alpha 3866.32 at 1 iter: 

Vector u at 1 iter: 

Vector contents:
| 7732.63 |
| -0.0018726 |
Vector v at 1 iter: 

Vector contents:
| 1 |
| -2.42169e-07 |
Q_tmp at 1 iter: 

[[cMatrix]]
| -1 | 4.84337e-07 | 
| 4.84337e-07 | 1 | 
Q_heap(1)

[[cMatrix]]
| 1 | 0 | 0 | 
| 0 | -1 | 4.84337e-07 | 
| 0 | 4.84337e-07 | 1 | 
===========================QR SECTION==========================
Vector x at 0 iter: 

Vector contents:
| 19892.7 |
| -5.13389 |
| 1.25383e-07 |
Alpha 19892.7 at 0 iter: 

Vector u at 0 iter: 

Vector contents:
| 39785.4 |
| -5.13389 |
| 1.25383e-07 |
Vector v at 0 iter: 

Vector contents:
| 1 |
| -0.000129039 |
| 3.15147e-12 |
Q_tmp at 0 iter: 

[[cMatrix]]
| -1 | 0.000258079 | -6.30293e-12 | 
| 0.000258079 | 1 | 8.13327e-16 | 
| -6.30293e-12 | 8.13327e-16 | 1 | 
Q_heap(0)

[[cMatrix]]
| -1 | 0.000258079 | -6.30293e-12 | 
| 0.000258079 | 1 | 8.13327e-16 | 
| -6.30293e-12 | 8.13327e-16 | 1 | 
===========================QR SECTION==========================
Vector x at 1 iter: 

Vector contents:
| 3866.31 |
| 0.000392606 |
Alpha 3866.31 at 1 iter: 

Vector u at 1 iter: 

Vector contents:
| 7732.62 |
| 0.000392606 |
Vector v at 1 iter: 

Vector contents:
| 1 |
| 5.07726e-08 |
Q_tmp at 1 iter: 

[[cMatrix]]
| -1 | -1.01545e-07 | 
| -1.01545e-07 | 1 | 
Q_heap(1)

[[cMatrix]]
| 1 | 0 | 0 | 
| 0 | -1 | -1.01545e-07 | 
| 0 | -1.01545e-07 | 1 | 
===========================QR SECTION==========================
Vector x at 0 iter: 

Vector contents:
| 19892.7 |
| -0.997813 |
| -5.10918e-09 |
Alpha 19892.7 at 0 iter: 

Vector u at 0 iter: 

Vector contents:
| 39785.4 |
| -0.997813 |
| -5.10918e-09 |
Vector v at 0 iter: 

Vector contents:
| 1 |
| -2.50799e-05 |
| -1.28418e-13 |
Q_tmp at 0 iter: 

[[cMatrix]]
| -1 | 5.01597e-05 | 2.56837e-13 | 
| 5.01597e-05 | 1 | -6.44143e-18 | 
| 2.56837e-13 | -6.44143e-18 | 1 | 
Q_heap(0)

[[cMatrix]]
| -1 | 5.01597e-05 | 2.56837e-13 | 
| 5.01597e-05 | 1 | -6.44143e-18 | 
| 2.56837e-13 | -6.44143e-18 | 1 | 
===========================QR SECTION==========================
Vector x at 1 iter: 

Vector contents:
| 3866.31 |
| -8.23129e-05 |
Alpha 3866.31 at 1 iter: 

Vector u at 1 iter: 

Vector contents:
| 7732.62 |
| -8.23129e-05 |
Vector v at 1 iter: 

Vector contents:
| 1 |
| -1.06449e-08 |
Q_tmp at 1 iter: 

[[cMatrix]]
| -1 | 2.12898e-08 | 
| 2.12898e-08 | 1 | 
Q_heap(1)

[[cMatrix]]
| 1 | 0 | 0 | 
| 0 | -1 | 2.12898e-08 | 
| 0 | 2.12898e-08 | 1 | 
===========================QR SECTION==========================
Vector x at 0 iter: 

Vector contents:
| 19892.7 |
| -0.193933 |
| 2.08193e-10 |
Alpha 19892.7 at 0 iter: 

Vector u at 0 iter: 

Vector contents:
| 39785.4 |
| -0.193933 |
| 2.08193e-10 |
Vector v at 0 iter: 

Vector contents:
| 1 |
| -4.87447e-06 |
| 5.23289e-15 |
Q_tmp at 0 iter: 

[[cMatrix]]
| -1 | 9.74895e-06 | -1.04658e-14 | 
| 9.74895e-06 | 1 | 5.10151e-20 | 
| -1.04658e-14 | 5.10151e-20 | 1 | 
Q_heap(0)

[[cMatrix]]
| -1 | 9.74895e-06 | -1.04658e-14 | 
| 9.74895e-06 | 1 | 5.10151e-20 | 
| -1.04658e-14 | 5.10151e-20 | 1 | 
===========================QR SECTION==========================
Vector x at 1 iter: 

Vector contents:
| 3866.31 |
| 1.72576e-05 |
Alpha 3866.31 at 1 iter: 

Vector u at 1 iter: 

Vector contents:
| 7732.62 |
| 1.72576e-05 |
Vector v at 1 iter: 

Vector contents:
| 1 |
| 2.23179e-09 |
Q_tmp at 1 iter: 

[[cMatrix]]
| -1 | -4.46358e-09 | 
| -4.46358e-09 | 1 | 
Q_heap(1)

[[cMatrix]]
| 1 | 0 | 0 | 
| 0 | -1 | -4.46358e-09 | 
| 0 | -4.46358e-09 | 1 | 
===========================EIGEN SECTION==========================
Eigenvalue matrix after 12 iterations of the QR algorithm
[[cMatrix]]
| 19892.7 | -0.193933 | 2.08192e-10 | 
| -0.193933 | 3866.31 | 1.72576e-05 | 
| 2.08193e-10 | 1.72576e-05 | 810.603 | 
Eigenvector matrix Q_0:
[[cMatrix]]
| -0.876913 | -0.0316702 | -0.479604 | 
| 0.376798 | -0.664787 | -0.645044 | 
| -0.298406 | -0.746361 | 0.594894 | 
Eigenvector matrix after multiplying by Q_1:
[[cMatrix]]
| 0.808231 | 0.00650534 | -0.588829 | 
| -0.464665 | 0.621291 | -0.630939 | 
| 0.36173 | 0.783553 | 0.505169 | 
Eigenvector matrix Q_1
[[cMatrix]]
| -0.991776 | -0.00542004 | 0.12787 | 
| 0.0133254 | -0.998046 | 0.0610492 | 
| 0.12729 | 0.0622511 | 0.98991 | 
Number of iterations: 12
Eigenvector matrix after multiplying by Q_2:
[[cMatrix]]
| -0.791532 | -0.0257628 | -0.610584 | 
| 0.497831 | -0.606675 | -0.619766 | 
| -0.354459 | -0.794532 | 0.493028 | 
Eigenvector matrix Q_2
[[cMatrix]]
| -0.999284 | -0.0263273 | -0.0271664 | 
| 0.0264106 | -0.999647 | -0.00271295 | 
| -0.0270854 | -0.00342849 | 0.999627 | 
Number of iterations: 12
Eigenvector matrix after multiplying by Q_3:
[[cMatrix]]
| 0.777557 | 0.13065 | -0.61509 | 
| -0.577895 | 0.534069 | -0.617096 | 
| 0.247877 | 0.835285 | 0.490771 | 
Eigenvector matrix Q_3
[[cMatrix]]
| -0.991017 | -0.133612 | 0.00569608 | 
| 0.133616 | -0.991033 | 0.000289952 | 
| 0.00560626 | 0.00104843 | 0.999984 | 
Number of iterations: 12
Eigenvector matrix after multiplying by Q_4:
[[cMatrix]]
| -0.59566 | -0.515454 | -0.616033 | 
| 0.771893 | -0.155179 | -0.616523 | 
| 0.222194 | -0.842749 | 0.490309 | 
Eigenvector matrix Q_4
[[cMatrix]]
| -0.854155 | -0.520017 | -0.00117833 | 
| 0.520017 | -0.854156 | -0.000202559 | 
| -0.000901146 | -0.00078577 | 0.999999 | 
Number of iterations: 12
Eigenvector matrix after multiplying by Q_5:
[[cMatrix]]
| 0.172693 | 0.768399 | -0.61623 | 
| -0.713049 | -0.33408 | -0.616402 | 
| -0.679513 | 0.545851 | 0.490213 | 
Eigenvector matrix Q_5
[[cMatrix]]
| -0.804248 | -0.594294 | 0.0001894 | 
| 0.594294 | -0.804248 | 0.000164204 | 
| 5.47388e-05 | 0.00024462 | 1 | 
Number of iterations: 12
Eigenvector matrix after multiplying by Q_6:
[[cMatrix]]
| -0.0345177 | -0.786777 | -0.616272 | 
| 0.642983 | 0.45459 | -0.616377 | 
| 0.765102 | -0.417528 | 0.490193 | 
Eigenvector matrix Q_6
[[cMatrix]]
| -0.984336 | -0.1763 | -1.15048e-05 | 
| 0.1763 | -0.984336 | -5.12802e-05 | 
| -2.28388e-06 | -5.25052e-05 | 1 | 
Number of iterations: 12
Eigenvector matrix after multiplying by Q_7:
[[cMatrix]]
| 0.00686722 | 0.787497 | -0.61628 | 
| -0.626623 | -0.476896 | -0.616371 | 
| -0.779292 | 0.390408 | 0.490189 | 
Eigenvector matrix Q_7
[[cMatrix]]
| -0.999383 | -0.0351169 | 4.80017e-07 | 
| 0.0351169 | -0.999383 | 1.10081e-05 | 
| 9.31503e-08 | 1.10182e-05 | 1 | 
Number of iterations: 12
Eigenvector matrix after multiplying by Q_8:
[[cMatrix]]
| -0.00148709 | -0.787524 | -0.616282 | 
| 0.62335 | 0.481167 | -0.61637 | 
| 0.781941 | -0.385076 | 0.490188 | 
Eigenvector matrix Q_8
[[cMatrix]]
| -0.999977 | -0.00683174 | -1.9578e-08 | 
| 0.00683174 | -0.999977 | -2.31005e-06 | 
| -3.79589e-09 | -2.31013e-06 | 1 | 
Number of iterations: 12
Eigenvector matrix after multiplying by Q_9:
[[cMatrix]]
| 0.00044137 | 0.787525 | -0.616282 | 
| -0.622711 | -0.481995 | -0.61637 | 
| -0.782452 | 0.384038 | 0.490188 | 
Eigenvector matrix Q_9
[[cMatrix]]
| -0.999999 | -0.00132785 | 7.97806e-10 | 
| 0.00132785 | -0.999999 | 4.84337e-07 | 
| 1.54678e-10 | 4.84337e-07 | 1 | 
Number of iterations: 12
Eigenvector matrix after multiplying by Q_10:
[[cMatrix]]
| -0.000238127 | -0.787525 | -0.616283 | 
| 0.622586 | 0.482156 | -0.61637 | 
| 0.782551 | -0.383836 | 0.490188 | 
Eigenvector matrix Q_10
[[cMatrix]]
| -1 | -0.000258079 | -3.25096e-11 | 
| 0.000258079 | -1 | -1.01545e-07 | 
| -6.30293e-12 | -1.01545e-07 | 1 | 
Number of iterations: 12
Eigenvector matrix after multiplying by Q_11:
[[cMatrix]]
| 0.000198625 | 0.787525 | -0.616283 | 
| -0.622562 | -0.482187 | -0.61637 | 
| -0.78257 | 0.383797 | 0.490188 | 
Eigenvector matrix Q_11
[[cMatrix]]
| -1 | -5.01597e-05 | 1.32473e-12 | 
| 5.01597e-05 | -1 | 2.12898e-08 | 
| 2.56837e-13 | 2.12898e-08 | 1 | 
Number of iterations: 12
Eigenvector matrix after multiplying by Q_12:
[[cMatrix]]
| -0.000190947 | -0.787525 | -0.616283 | 
| 0.622557 | 0.482193 | -0.61637 | 
| 0.782574 | -0.383789 | 0.490188 | 
Eigenvector matrix Q_12
[[cMatrix]]
| -1 | -9.74895e-06 | -5.39809e-14 | 
| 9.74895e-06 | -1 | -4.46358e-09 | 
| -1.04658e-14 | -4.46358e-09 | 1 | 
Number of iterations: 12
===========================SVD SECTION==========================
A*A' = 
[[cMatrix]]
| 2705.74 | -1162.62 | 920.739 | 
| -1162.62 | 8916.87 | 8731.26 | 
| 920.739 | 8731.26 | 12947 | 

Eigenvectors of A*A' (U) = 

[[cMatrix]]
| -0.000190947 | -0.787525 | -0.616283 | 
| 0.622557 | 0.482193 | -0.61637 | 
| 0.782574 | -0.383789 | 0.490188 | 

Singular values of A'*A (S) = 

[[cMatrix]]
| 141.042 | 0 | 0 | 
| 0 | 62.1797 | 0 | 
| 0 | 0 | 28.4711 | 

Eigenvectors of A'*A (V) = 

[[cMatrix]]
| -0.703689 | 0.385804 | -0.596641 | 
| 0.551265 | 0.826238 | -0.115907 | 
| 0.448252 | -0.410471 | -0.794094 | 


Q_U = 
[[cMatrix]]
| -1 | -9.74895e-06 | -5.39809e-14 | 
| 9.74895e-06 | -1 | -4.46358e-09 | 
| -1.04658e-14 | -4.46358e-09 | 1 | 
Q_U iter = 12
Q_V = 
[[cMatrix]]
| 0 | 0 | 0 | 0 | 
| 0 | 0 | 0 | 0 | 
| 0 | 0 | 0 | 0 | 
| 0 | 0 | 0 | 0 | 
Q_V iter = 2685004



Original matrix A = U*S*V' = 
[[cMatrix]]
| -8.40431 | -38.4404 | 34.0213 | 
| -39.7507 | 75.2114 | 40.9877 | 
| -95.2036 | 39.5113 | 48.1889 | 
===========================KABSCH SECTION==========================

Centroid of A = 
Vector contents:
| 4.46154 |
| 4.15385 |
| 5.30769 |

Centroid of B = 
Vector contents:
| 2.1918 |
| 6.92196 |
| -3.55159 |

A - centroidA =
[[cMatrix]]
| 2.53846 | 1.53846 | 3.53846 | 1.53846 | 0.538462 | -4.46154 | 1.53846 | -2.46154 | 1.53846 | -1.46154 | -2.46154 | 2.53846 | -4.46154 | 
| 0.846154 | -0.153846 | -4.15385 | 1.84615 | -2.15385 | 3.84615 | -3.15385 | -3.15385 | 3.84615 | -1.15385 | 0.846154 | -0.153846 | 2.84615 | 
| 0.692308 | -3.30769 | -3.30769 | 1.69231 | 1.69231 | 1.69231 | -1.30769 | 1.69231 | -0.307692 | 2.69231 | 1.69231 | -3.30769 | -0.307692 | 

B - centroidB =
[[cMatrix]]
| 0.234791 | -2.50009 | -0.0546392 | 0.403981 | 2.65741 | -1.13877 | 0.863101 | 3.04475 | -2.37985 | 2.76259 | 0.727321 | -2.43608 | -2.18452 | 
| 1.37668 | -1.83443 | -4.85521 | 2.64462 | -0.723255 | 3.57653 | -3.13237 | -1.88338 | 3.12952 | 0.428985 | 1.36879 | -1.71873 | 1.6223 | 
| -2.3851 | -1.92764 | -4.14004 | -1.21732 | -0.456059 | 4.84498 | -1.86197 | 2.46012 | -1.34048 | 1.70294 | 2.69007 | -2.91886 | 4.54935 | 

H = 
[[cMatrix]]
| -8.40431 | -38.4404 | 34.0213 | 
| -39.7507 | 75.2114 | 40.9877 | 
| -95.2036 | 39.5113 | 48.1889 | 

Det of R = 1

Rotation matrix = 
[[cMatrix]]
| 0.0640035 | 0.115697 | -0.991222 | 
| -0.579357 | 0.813042 | 0.0574886 | 
| 0.812557 | 0.570592 | 0.119069 | 

R * B = 
[[cMatrix]]
| 7.00001 | 6.00001 | 8.00001 | 6.00001 | 5.00001 | 3.92868e-06 | 6.00001 | 1.99999 | 6.00001 | 3 | 2 | 7.00001 | 8.84016e-06 | 
| 4.99999 | 3.99999 | -5.49943e-06 | 5.99999 | 1.99999 | 7.99998 | 0.999999 | 0.999997 | 7.99998 | 2.99999 | 4.99999 | 3.99999 | 6.99998 | 
| 6 | 1.99999 | 2 | 7 | 7 | 7 | 4 | 7.00001 | 4.99999 | 8 | 7 | 2 | 5 | 

Translation matrix = 
Vector contents:
| -7.13686e-06 |
| 1.04152e-05 |
| 2.00864e-07 |

Result of the algorithm: 

R * B + t = A
[[cMatrix]]
| 7 | 6 | 8 | 6 | 5 | -3.20818e-06 | 6 | 1.99999 | 6.00001 | 2.99999 | 2 | 7 | 1.7033e-06 | 
| 5 | 4 | 4.91572e-06 | 6 | 2 | 8 | 1.00001 | 1.00001 | 7.99999 | 3 | 5 | 4 | 6.99999 | 
| 6 | 1.99999 | 2 | 7 | 7 | 7 | 4 | 7.00001 | 4.99999 | 8 | 7 | 2 | 5 | 

Original matrix A = 
[[cMatrix]]
| 7 | 6 | 8 | 6 | 5 | 0 | 6 | 2 | 6 | 3 | 2 | 7 | 0 | 
| 5 | 4 | 0 | 6 | 2 | 8 | 1 | 1 | 8 | 3 | 5 | 4 | 7 | 
| 6 | 2 | 2 | 7 | 7 | 7 | 4 | 7 | 5 | 8 | 7 | 2 | 5 | 

Transformed matrix B = 
[[cMatrix]]
| 2.42659 | -0.30829 | 2.13716 | 2.59578 | 4.84921 | 1.05303 | 3.0549 | 5.23655 | -0.18805 | 4.95439 | 2.91912 | -0.24428 | 0.00728 | 
| 8.29864 | 5.08753 | 2.06675 | 9.56658 | 6.19871 | 10.4985 | 3.78959 | 5.03858 | 10.0515 | 7.35095 | 8.29075 | 5.20323 | 8.54426 | 
| -5.93669 | -5.47923 | -7.69163 | -4.76891 | -4.00765 | 1.29339 | -5.41356 | -1.09147 | -4.89207 | -1.84865 | -0.86152 | -6.47045 | 0.99776 | 
