
Original matrix A = 
[[cMatrix]]
| 8 | 3 | 1 | 4 | 0 | 4 | 4 | 2 | 4 | 8 | 9 | 7 | 0 | 
| 2 | 4 | 0 | 1 | 9 | 7 | 9 | 0 | 6 | 9 | 3 | 5 | 1 | 
| 0 | 4 | 5 | 1 | 1 | 9 | 1 | 2 | 0 | 8 | 7 | 3 | 6 | 

Transformed matrix B = 
[[cMatrix]]
| -4.15522 | -2.04277 | -3.39116 | -2.62569 | 4.18109 | -3.85754 | 1.57802 | -2.39769 | 0.54971 | -4.8616 | -8.11707 | -3.57229 | -2.76301 | 
| -6.38543 | -0.70291 | 2.41075 | -2.56362 | -1.65486 | 0.94652 | -4.5938 | -0.21128 | -4.46158 | -3.12907 | -2.97027 | -4.52473 | 3.52081 | 
| 3.15601 | 6.02769 | 2.9476 | 2.12923 | 7.86002 | 11.4116 | 8.62594 | 1.48541 | 5.63845 | 13.2504 | 8.01815 | 7.05447 | 4.11943 | 
===========================QR SECTION==========================
Vector x at 0 iter: 

Vector contents:
| 13191 |
| -1248.7 |
| -1807.42 |
Alpha 13372.7 at 0 iter: 

Vector u at 0 iter: 

Vector contents:
| 26563.6 |
| -1248.7 |
| -1807.42 |
Vector v at 0 iter: 

Vector contents:
| 0.996598 |
| -0.0468481 |
| -0.0678098 |
Q_tmp at 0 iter: 

[[cMatrix]]
| -0.986414 | 0.0933773 | 0.135158 | 
| 0.0933773 | 0.995611 | -0.00635352 | 
| 0.135158 | -0.00635352 | 0.990804 | 
Q_heap(0)

[[cMatrix]]
| -0.986414 | 0.0933773 | 0.135158 | 
| 0.0933773 | 0.995611 | -0.00635352 | 
| 0.135158 | -0.00635352 | 0.990804 | 
===========================QR SECTION==========================
Vector x at 1 iter: 

Vector contents:
| 11184.7 |
| -5252.25 |
Alpha 12356.5 at 1 iter: 

Vector u at 1 iter: 

Vector contents:
| 23541.2 |
| -5252.25 |
Vector v at 1 iter: 

Vector contents:
| 0.976003 |
| -0.217755 |
Q_tmp at 1 iter: 

[[cMatrix]]
| -0.905165 | 0.42506 | 
| 0.42506 | 0.905165 | 
Q_heap(1)

[[cMatrix]]
| 1 | 0 | 0 | 
| 0 | -0.905165 | 0.42506 | 
| 0 | 0.42506 | 0.905165 | 
===========================QR SECTION==========================
Vector x at 0 iter: 

Vector contents:
| 13952.4 |
| 843.026 |
| 2549.28 |
Alpha 14208.5 at 0 iter: 

Vector u at 0 iter: 

Vector contents:
| 28160.9 |
| 843.026 |
| 2549.28 |
Vector v at 0 iter: 

Vector contents:
| 0.995485 |
| 0.0298009 |
| 0.0901169 |
Q_tmp at 0 iter: 

[[cMatrix]]
| -0.981982 | -0.0593326 | -0.17942 | 
| -0.0593326 | 0.998224 | -0.00537112 | 
| -0.17942 | -0.00537112 | 0.983758 | 
Q_heap(0)

[[cMatrix]]
| -0.981982 | -0.0593326 | -0.17942 | 
| -0.0593326 | 0.998224 | -0.00537112 | 
| -0.17942 | -0.00537112 | 0.983758 | 
===========================QR SECTION==========================
Vector x at 1 iter: 

Vector contents:
| 17351.7 |
| 7676.09 |
Alpha 18973.8 at 1 iter: 

Vector u at 1 iter: 

Vector contents:
| 36325.5 |
| 7676.09 |
Vector v at 1 iter: 

Vector contents:
| 0.978394 |
| 0.206748 |
Q_tmp at 1 iter: 

[[cMatrix]]
| -0.91451 | -0.404563 | 
| -0.404563 | 0.91451 | 
Q_heap(1)

[[cMatrix]]
| 1 | 0 | 0 | 
| 0 | -0.91451 | -0.404563 | 
| 0 | -0.404563 | 0.91451 | 
===========================QR SECTION==========================
Vector x at 0 iter: 

Vector contents:
| 15226.6 |
| 3572.86 |
| -2074.24 |
Alpha 15777.1 at 0 iter: 

Vector u at 0 iter: 

Vector contents:
| 31003.7 |
| 3572.86 |
| -2074.24 |
Vector v at 0 iter: 

Vector contents:
| 0.991238 |
| 0.11423 |
| -0.0663168 |
Q_tmp at 0 iter: 

[[cMatrix]]
| -0.965107 | -0.226459 | 0.131471 | 
| -0.226459 | 0.973903 | 0.0151508 | 
| 0.131471 | 0.0151508 | 0.991204 | 
Q_heap(0)

[[cMatrix]]
| -0.965107 | -0.226459 | 0.131471 | 
| -0.226459 | 0.973903 | 0.0151508 | 
| 0.131471 | 0.0151508 | 0.991204 | 
===========================QR SECTION==========================
Vector x at 1 iter: 

Vector contents:
| 21172 |
| -3691.58 |
Alpha 21491.5 at 1 iter: 

Vector u at 1 iter: 

Vector contents:
| 42663.5 |
| -3691.58 |
Vector v at 1 iter: 

Vector contents:
| 0.996277 |
| -0.0862058 |
Q_tmp at 1 iter: 

[[cMatrix]]
| -0.985137 | 0.17177 | 
| 0.17177 | 0.985137 | 
Q_heap(1)

[[cMatrix]]
| 1 | 0 | 0 | 
| 0 | -0.985137 | 0.17177 | 
| 0 | 0.17177 | 0.985137 | 
===========================QR SECTION==========================
Vector x at 0 iter: 

Vector contents:
| 17882.5 |
| 5584.5 |
| 1208.45 |
Alpha 18773.2 at 0 iter: 

Vector u at 0 iter: 

Vector contents:
| 36655.7 |
| 5584.5 |
| 1208.45 |
Vector v at 0 iter: 

Vector contents:
| 0.988068 |
| 0.150532 |
| 0.0325741 |
Q_tmp at 0 iter: 

[[cMatrix]]
| -0.952558 | -0.297472 | -0.0643708 | 
| -0.297472 | 0.95468 | -0.0098069 | 
| -0.0643708 | -0.0098069 | 0.997878 | 
Q_heap(0)

[[cMatrix]]
| -0.952558 | -0.297472 | -0.0643708 | 
| -0.297472 | 0.95468 | -0.0098069 | 
| -0.0643708 | -0.0098069 | 0.997878 | 
===========================QR SECTION==========================
Vector x at 1 iter: 

Vector contents:
| 18765.8 |
| 855.288 |
Alpha 18785.3 at 1 iter: 

Vector u at 1 iter: 

Vector contents:
| 37551.1 |
| 855.288 |
Vector v at 1 iter: 

Vector contents:
| 0.999741 |
| 0.0227708 |
Q_tmp at 1 iter: 

[[cMatrix]]
| -0.998963 | -0.0455297 | 
| -0.0455297 | 0.998963 | 
Q_heap(1)

[[cMatrix]]
| 1 | 0 | 0 | 
| 0 | -0.998963 | -0.0455297 | 
| 0 | -0.0455297 | 0.998963 | 
===========================QR SECTION==========================
Vector x at 0 iter: 

Vector contents:
| 21525.7 |
| 5673.01 |
| -568.882 |
Alpha 22268 at 0 iter: 

Vector u at 0 iter: 

Vector contents:
| 43793.7 |
| 5673.01 |
| -568.882 |
Vector v at 0 iter: 

Vector contents:
| 0.991632 |
| 0.128455 |
| -0.0128813 |
Q_tmp at 0 iter: 

[[cMatrix]]
| -0.966667 | -0.254761 | 0.0255471 | 
| -0.254761 | 0.966998 | 0.00330935 | 
| 0.0255471 | 0.00330935 | 0.999668 | 
Q_heap(0)

[[cMatrix]]
| -0.966667 | -0.254761 | 0.0255471 | 
| -0.254761 | 0.966998 | 0.00330935 | 
| 0.0255471 | 0.00330935 | 0.999668 | 
===========================QR SECTION==========================
Vector x at 1 iter: 

Vector contents:
| 15915.1 |
| -110.49 |
Alpha 15915.5 at 1 iter: 

Vector u at 1 iter: 

Vector contents:
| 31830.7 |
| -110.49 |
Vector v at 1 iter: 

Vector contents:
| 0.999994 |
| -0.00347115 |
Q_tmp at 1 iter: 

[[cMatrix]]
| -0.999976 | 0.00694225 | 
| 0.00694225 | 0.999976 | 
Q_heap(1)

[[cMatrix]]
| 1 | 0 | 0 | 
| 0 | -0.999976 | 0.00694225 | 
| 0 | 0.00694225 | 0.999976 | 
===========================QR SECTION==========================
Vector x at 0 iter: 

Vector contents:
| 24112 |
| 4059.54 |
| 224.661 |
Alpha 24452.4 at 0 iter: 

Vector u at 0 iter: 

Vector contents:
| 48564.3 |
| 4059.54 |
| 224.661 |
Vector v at 0 iter: 

Vector contents:
| 0.996514 |
| 0.0832996 |
| 0.00460992 |
Q_tmp at 0 iter: 

[[cMatrix]]
| -0.98608 | -0.166018 | -0.0091877 | 
| -0.166018 | 0.986122 | -0.000768009 | 
| -0.0091877 | -0.000768009 | 0.999957 | 
Q_heap(0)

[[cMatrix]]
| -0.98608 | -0.166018 | -0.0091877 | 
| -0.166018 | 0.986122 | -0.000768009 | 
| -0.0091877 | -0.000768009 | 0.999957 | 
===========================QR SECTION==========================
Vector x at 1 iter: 

Vector contents:
| 14502.7 |
| -17.1909 |
Alpha 14502.7 at 1 iter: 

Vector u at 1 iter: 

Vector contents:
| 29005.4 |
| -17.1909 |
Vector v at 1 iter: 

Vector contents:
| 1 |
| -0.000592678 |
Q_tmp at 1 iter: 

[[cMatrix]]
| -0.999999 | 0.00118536 | 
| 0.00118536 | 0.999999 | 
Q_heap(1)

[[cMatrix]]
| 1 | 0 | 0 | 
| 0 | -0.999999 | 0.00118536 | 
| 0 | 0.00118536 | 0.999999 | 
===========================QR SECTION==========================
Vector x at 0 iter: 

Vector contents:
| 25203.6 |
| 2407.5 |
| -80.7469 |
Alpha 25318.5 at 0 iter: 

Vector u at 0 iter: 

Vector contents:
| 50522.1 |
| 2407.5 |
| -80.7469 |
Vector v at 0 iter: 

Vector contents:
| 0.998865 |
| 0.0475984 |
| -0.00159644 |
Q_tmp at 0 iter: 

[[cMatrix]]
| -0.995464 | -0.0950888 | 0.00318925 | 
| -0.0950888 | 0.995469 | 0.000151976 | 
| 0.00318925 | 0.000151976 | 0.999995 | 
Q_heap(0)

[[cMatrix]]
| -0.995464 | -0.0950888 | 0.00318925 | 
| -0.0950888 | 0.995469 | 0.000151976 | 
| 0.00318925 | 0.000151976 | 0.999995 | 
===========================QR SECTION==========================
Vector x at 1 iter: 

Vector contents:
| 14007.7 |
| 27.0184 |
Alpha 14007.8 at 1 iter: 

Vector u at 1 iter: 

Vector contents:
| 28015.5 |
| 27.0184 |
Vector v at 1 iter: 

Vector contents:
| 1 |
| 0.000964408 |
Q_tmp at 1 iter: 

[[cMatrix]]
| -0.999998 | -0.00192881 | 
| -0.00192881 | 0.999998 | 
Q_heap(1)

[[cMatrix]]
| 1 | 0 | 0 | 
| 0 | -0.999998 | -0.00192881 | 
| 0 | -0.00192881 | 0.999998 | 
===========================QR SECTION==========================
Vector x at 0 iter: 

Vector contents:
| 25561.1 |
| 1331.85 |
| 28.0266 |
Alpha 25595.8 at 0 iter: 

Vector u at 0 iter: 

Vector contents:
| 51157 |
| 1331.85 |
| 28.0266 |
Vector v at 0 iter: 

Vector contents:
| 0.999661 |
| 0.0260257 |
| 0.000547669 |
Q_tmp at 0 iter: 

[[cMatrix]]
| -0.998645 | -0.0520337 | -0.00109497 | 
| -0.0520337 | 0.998645 | -2.85069e-05 | 
| -0.00109497 | -2.85069e-05 | 0.999999 | 
Q_heap(0)

[[cMatrix]]
| -0.998645 | -0.0520337 | -0.00109497 | 
| -0.0520337 | 0.998645 | -2.85069e-05 | 
| -0.00109497 | -2.85069e-05 | 0.999999 | 
===========================QR SECTION==========================
Vector x at 1 iter: 

Vector contents:
| 13856.2 |
| -20.1414 |
Alpha 13856.2 at 1 iter: 

Vector u at 1 iter: 

Vector contents:
| 27712.4 |
| -20.1414 |
Vector v at 1 iter: 

Vector contents:
| 1 |
| -0.000726801 |
Q_tmp at 1 iter: 

[[cMatrix]]
| -0.999999 | 0.0014536 | 
| 0.0014536 | 0.999999 | 
Q_heap(1)

[[cMatrix]]
| 1 | 0 | 0 | 
| 0 | -0.999999 | 0.0014536 | 
| 0 | 0.0014536 | 0.999999 | 
===========================QR SECTION==========================
Vector x at 0 iter: 

Vector contents:
| 25668.1 |
| 720.953 |
| -9.62224 |
Alpha 25678.3 at 0 iter: 

Vector u at 0 iter: 

Vector contents:
| 51346.4 |
| 720.953 |
| -9.62224 |
Vector v at 0 iter: 

Vector contents:
| 0.999901 |
| 0.0140396 |
| -0.00018738 |
Q_tmp at 0 iter: 

[[cMatrix]]
| -0.999606 | -0.0280764 | 0.000374723 | 
| -0.0280764 | 0.999606 | 5.26147e-06 | 
| 0.000374723 | 5.26147e-06 | 1 | 
Q_heap(0)

[[cMatrix]]
| -0.999606 | -0.0280764 | 0.000374723 | 
| -0.0280764 | 0.999606 | 5.26147e-06 | 
| 0.000374723 | 5.26147e-06 | 1 | 
===========================QR SECTION==========================
Vector x at 1 iter: 

Vector contents:
| 13811.8 |
| 13.3673 |
Alpha 13811.8 at 1 iter: 

Vector u at 1 iter: 

Vector contents:
| 27623.5 |
| 13.3673 |
Vector v at 1 iter: 

Vector contents:
| 1 |
| 0.000483909 |
Q_tmp at 1 iter: 

[[cMatrix]]
| -1 | -0.000967817 | 
| -0.000967817 | 1 | 
Q_heap(1)

[[cMatrix]]
| 1 | 0 | 0 | 
| 0 | -1 | -0.000967817 | 
| 0 | -0.000967817 | 1 | 
===========================QR SECTION==========================
Vector x at 0 iter: 

Vector contents:
| 25699.3 |
| 387.776 |
| 3.29294 |
Alpha 25702.2 at 0 iter: 

Vector u at 0 iter: 

Vector contents:
| 51401.5 |
| 387.776 |
| 3.29294 |
Vector v at 0 iter: 

Vector contents:
| 0.999972 |
| 0.00754385 |
| 6.40612e-05 |
Q_tmp at 0 iter: 

[[cMatrix]]
| -0.999886 | -0.0150873 | -0.000128119 | 
| -0.0150873 | 0.999886 | -9.66536e-07 | 
| -0.000128119 | -9.66536e-07 | 1 | 
Q_heap(0)

[[cMatrix]]
| -0.999886 | -0.0150873 | -0.000128119 | 
| -0.0150873 | 0.999886 | -9.66536e-07 | 
| -0.000128119 | -9.66536e-07 | 1 | 
===========================QR SECTION==========================
Vector x at 1 iter: 

Vector contents:
| 13798.9 |
| -8.61411 |
Alpha 13798.9 at 1 iter: 

Vector u at 1 iter: 

Vector contents:
| 27597.8 |
| -8.61411 |
Vector v at 1 iter: 

Vector contents:
| 1 |
| -0.00031213 |
Q_tmp at 1 iter: 

[[cMatrix]]
| -1 | 0.00062426 | 
| 0.00062426 | 1 | 
Q_heap(1)

[[cMatrix]]
| 1 | 0 | 0 | 
| 0 | -1 | 0.00062426 | 
| 0 | 0.00062426 | 1 | 
===========================QR SECTION==========================
Vector x at 0 iter: 

Vector contents:
| 25708.3 |
| 208.186 |
| -1.12586 |
Alpha 25709.1 at 0 iter: 

Vector u at 0 iter: 

Vector contents:
| 51417.4 |
| 208.186 |
| -1.12586 |
Vector v at 0 iter: 

Vector contents:
| 0.999992 |
| 0.00404891 |
| -2.18963e-05 |
Q_tmp at 0 iter: 

[[cMatrix]]
| -0.999967 | -0.00809775 | 4.37923e-05 | 
| -0.00809775 | 0.999967 | 1.77313e-07 | 
| 4.37923e-05 | 1.77313e-07 | 1 | 
Q_heap(0)

[[cMatrix]]
| -0.999967 | -0.00809775 | 4.37923e-05 | 
| -0.00809775 | 0.999967 | 1.77313e-07 | 
| 4.37923e-05 | 1.77313e-07 | 1 | 
===========================QR SECTION==========================
Vector x at 1 iter: 

Vector contents:
| 13795.2 |
| 5.50583 |
Alpha 13795.2 at 1 iter: 

Vector u at 1 iter: 

Vector contents:
| 27590.4 |
| 5.50583 |
Vector v at 1 iter: 

Vector contents:
| 1 |
| 0.000199556 |
Q_tmp at 1 iter: 

[[cMatrix]]
| -1 | -0.000399112 | 
| -0.000399112 | 1 | 
Q_heap(1)

[[cMatrix]]
| 1 | 0 | 0 | 
| 0 | -1 | -0.000399112 | 
| 0 | -0.000399112 | 1 | 
===========================QR SECTION==========================
Vector x at 0 iter: 

Vector contents:
| 25710.9 |
| 111.71 |
| 0.384831 |
Alpha 25711.1 at 0 iter: 

Vector u at 0 iter: 

Vector contents:
| 51422 |
| 111.71 |
| 0.384831 |
Vector v at 0 iter: 

Vector contents:
| 0.999998 |
| 0.00217241 |
| 7.48377e-06 |
Q_tmp at 0 iter: 

[[cMatrix]]
| -0.999991 | -0.00434481 | -1.49675e-05 | 
| -0.00434481 | 0.999991 | -3.25156e-08 | 
| -1.49675e-05 | -3.25156e-08 | 1 | 
Q_heap(0)

[[cMatrix]]
| -0.999991 | -0.00434481 | -1.49675e-05 | 
| -0.00434481 | 0.999991 | -3.25156e-08 | 
| -1.49675e-05 | -3.25156e-08 | 1 | 
===========================QR SECTION==========================
Vector x at 1 iter: 

Vector contents:
| 13794.2 |
| -3.51093 |
Alpha 13794.2 at 1 iter: 

Vector u at 1 iter: 

Vector contents:
| 27588.3 |
| -3.51093 |
Vector v at 1 iter: 

Vector contents:
| 1 |
| -0.000127261 |
Q_tmp at 1 iter: 

[[cMatrix]]
| -1 | 0.000254523 | 
| 0.000254523 | 1 | 
Q_heap(1)

[[cMatrix]]
| 1 | 0 | 0 | 
| 0 | -1 | 0.000254523 | 
| 0 | 0.000254523 | 1 | 
===========================QR SECTION==========================
Vector x at 0 iter: 

Vector contents:
| 25711.6 |
| 59.9328 |
| -0.131529 |
Alpha 25711.7 at 0 iter: 

Vector u at 0 iter: 

Vector contents:
| 51423.3 |
| 59.9328 |
| -0.131529 |
Vector v at 0 iter: 

Vector contents:
| 0.999999 |
| 0.00116548 |
| -2.55777e-06 |
Q_tmp at 0 iter: 

[[cMatrix]]
| -0.999997 | -0.00233096 | 5.11553e-06 | 
| -0.00233096 | 0.999997 | 5.96205e-09 | 
| 5.11553e-06 | 5.96205e-09 | 1 | 
Q_heap(0)

[[cMatrix]]
| -0.999997 | -0.00233096 | 5.11553e-06 | 
| -0.00233096 | 0.999997 | 5.96205e-09 | 
| 5.11553e-06 | 5.96205e-09 | 1 | 
===========================QR SECTION==========================
Vector x at 1 iter: 

Vector contents:
| 13793.8 |
| 2.23733 |
Alpha 13793.8 at 1 iter: 

Vector u at 1 iter: 

Vector contents:
| 27587.7 |
| 2.23733 |
Vector v at 1 iter: 

Vector contents:
| 1 |
| 8.10989e-05 |
Q_tmp at 1 iter: 

[[cMatrix]]
| -1 | -0.000162198 | 
| -0.000162198 | 1 | 
Q_heap(1)

[[cMatrix]]
| 1 | 0 | 0 | 
| 0 | -1 | -0.000162198 | 
| 0 | -0.000162198 | 1 | 
===========================QR SECTION==========================
Vector x at 0 iter: 

Vector contents:
| 25711.8 |
| 32.1528 |
| 0.0449535 |
Alpha 25711.9 at 0 iter: 

Vector u at 0 iter: 

Vector contents:
| 51423.7 |
| 32.1528 |
| 0.0449535 |
Vector v at 0 iter: 

Vector contents:
| 1 |
| 0.000625253 |
| 8.74178e-07 |
Q_tmp at 0 iter: 

[[cMatrix]]
| -0.999999 | -0.00125051 | -1.74836e-06 | 
| -0.00125051 | 0.999999 | -1.09317e-09 | 
| -1.74836e-06 | -1.09317e-09 | 1 | 
Q_heap(0)

[[cMatrix]]
| -0.999999 | -0.00125051 | -1.74836e-06 | 
| -0.00125051 | 0.999999 | -1.09317e-09 | 
| -1.74836e-06 | -1.09317e-09 | 1 | 
===========================QR SECTION==========================
Vector x at 1 iter: 

Vector contents:
| 13793.8 |
| -1.42546 |
Alpha 13793.8 at 1 iter: 

Vector u at 1 iter: 

Vector contents:
| 27587.5 |
| -1.42546 |
Vector v at 1 iter: 

Vector contents:
| 1 |
| -5.16704e-05 |
Q_tmp at 1 iter: 

[[cMatrix]]
| -1 | 0.000103341 | 
| 0.000103341 | 1 | 
Q_heap(1)

[[cMatrix]]
| 1 | 0 | 0 | 
| 0 | -1 | 0.000103341 | 
| 0 | 0.000103341 | 1 | 
===========================QR SECTION==========================
Vector x at 0 iter: 

Vector contents:
| 25711.9 |
| 17.2492 |
| -0.0153639 |
Alpha 25711.9 at 0 iter: 

Vector u at 0 iter: 

Vector contents:
| 51423.8 |
| 17.2492 |
| -0.0153639 |
Vector v at 0 iter: 

Vector contents:
| 1 |
| 0.000335432 |
| -2.98771e-07 |
Q_tmp at 0 iter: 

[[cMatrix]]
| -1 | -0.000670863 | 5.97541e-07 | 
| -0.000670863 | 1 | 2.00434e-10 | 
| 5.97541e-07 | 2.00434e-10 | 1 | 
Q_heap(0)

[[cMatrix]]
| -1 | -0.000670863 | 5.97541e-07 | 
| -0.000670863 | 1 | 2.00434e-10 | 
| 5.97541e-07 | 2.00434e-10 | 1 | 
===========================QR SECTION==========================
Vector x at 1 iter: 

Vector contents:
| 13793.7 |
| 0.908145 |
Alpha 13793.7 at 1 iter: 

Vector u at 1 iter: 

Vector contents:
| 27587.5 |
| 0.908145 |
Vector v at 1 iter: 

Vector contents:
| 1 |
| 3.29188e-05 |
Q_tmp at 1 iter: 

[[cMatrix]]
| -1 | -6.58375e-05 | 
| -6.58375e-05 | 1 | 
Q_heap(1)

[[cMatrix]]
| 1 | 0 | 0 | 
| 0 | -1 | -6.58375e-05 | 
| 0 | -6.58375e-05 | 1 | 
===========================QR SECTION==========================
Vector x at 0 iter: 

Vector contents:
| 25711.9 |
| 9.25371 |
| 0.00525098 |
Alpha 25711.9 at 0 iter: 

Vector u at 0 iter: 

Vector contents:
| 51423.8 |
| 9.25371 |
| 0.00525098 |
Vector v at 0 iter: 

Vector contents:
| 1 |
| 0.00017995 |
| 1.02112e-07 |
Q_tmp at 0 iter: 

[[cMatrix]]
| -1 | -0.0003599 | -2.04223e-07 | 
| -0.0003599 | 1 | -3.675e-11 | 
| -2.04223e-07 | -3.675e-11 | 1 | 
Q_heap(0)

[[cMatrix]]
| -1 | -0.0003599 | -2.04223e-07 | 
| -0.0003599 | 1 | -3.675e-11 | 
| -2.04223e-07 | -3.675e-11 | 1 | 
===========================QR SECTION==========================
Vector x at 1 iter: 

Vector contents:
| 13793.7 |
| -0.578561 |
Alpha 13793.7 at 1 iter: 

Vector u at 1 iter: 

Vector contents:
| 27587.5 |
| -0.578561 |
Vector v at 1 iter: 

Vector contents:
| 1 |
| -2.09719e-05 |
Q_tmp at 1 iter: 

[[cMatrix]]
| -1 | 4.19437e-05 | 
| 4.19437e-05 | 1 | 
Q_heap(1)

[[cMatrix]]
| 1 | 0 | 0 | 
| 0 | -1 | 4.19437e-05 | 
| 0 | 4.19437e-05 | 1 | 
===========================QR SECTION==========================
Vector x at 0 iter: 

Vector contents:
| 25711.9 |
| 4.96436 |
| -0.00179464 |
Alpha 25711.9 at 0 iter: 

Vector u at 0 iter: 

Vector contents:
| 51423.8 |
| 4.96436 |
| -0.00179464 |
Vector v at 0 iter: 

Vector contents:
| 1 |
| 9.6538e-05 |
| -3.4899e-08 |
Q_tmp at 0 iter: 

[[cMatrix]]
| -1 | -0.000193076 | 6.9798e-08 | 
| -0.000193076 | 1 | 6.73816e-12 | 
| 6.9798e-08 | 6.73816e-12 | 1 | 
Q_heap(0)

[[cMatrix]]
| -1 | -0.000193076 | 6.9798e-08 | 
| -0.000193076 | 1 | 6.73816e-12 | 
| 6.9798e-08 | 6.73816e-12 | 1 | 
===========================QR SECTION==========================
Vector x at 1 iter: 

Vector contents:
| 13793.7 |
| 0.368587 |
Alpha 13793.7 at 1 iter: 

Vector u at 1 iter: 

Vector contents:
| 27587.4 |
| 0.368587 |
Vector v at 1 iter: 

Vector contents:
| 1 |
| 1.33607e-05 |
Q_tmp at 1 iter: 

[[cMatrix]]
| -1 | -2.67214e-05 | 
| -2.67214e-05 | 1 | 
Q_heap(1)

[[cMatrix]]
| 1 | 0 | 0 | 
| 0 | -1 | -2.67214e-05 | 
| 0 | -2.67214e-05 | 1 | 
===========================QR SECTION==========================
Vector x at 0 iter: 

Vector contents:
| 25711.9 |
| 2.66324 |
| 0.00061336 |
Alpha 25711.9 at 0 iter: 

Vector u at 0 iter: 

Vector contents:
| 51423.9 |
| 2.66324 |
| 0.00061336 |
Vector v at 0 iter: 

Vector contents:
| 1 |
| 5.17899e-05 |
| 1.19275e-08 |
Q_tmp at 0 iter: 

[[cMatrix]]
| -1 | -0.00010358 | -2.38551e-08 | 
| -0.00010358 | 1 | -1.23545e-12 | 
| -2.38551e-08 | -1.23545e-12 | 1 | 
Q_heap(0)

[[cMatrix]]
| -1 | -0.00010358 | -2.38551e-08 | 
| -0.00010358 | 1 | -1.23545e-12 | 
| -2.38551e-08 | -1.23545e-12 | 1 | 
===========================QR SECTION==========================
Vector x at 1 iter: 

Vector contents:
| 13793.7 |
| -0.234818 |
Alpha 13793.7 at 1 iter: 

Vector u at 1 iter: 

Vector contents:
| 27587.4 |
| -0.234818 |
Vector v at 1 iter: 

Vector contents:
| 1 |
| -8.51177e-06 |
Q_tmp at 1 iter: 

[[cMatrix]]
| -1 | 1.70235e-05 | 
| 1.70235e-05 | 1 | 
Q_heap(1)

[[cMatrix]]
| 1 | 0 | 0 | 
| 0 | -1 | 1.70235e-05 | 
| 0 | 1.70235e-05 | 1 | 
===========================EIGEN SECTION==========================
Eigenvalue matrix after 17 iterations of the QR algorithm
[[cMatrix]]
| 25711.9 | 2.66324 | 0.00061336 | 
| 2.66324 | 13793.7 | -0.234818 | 
| 0.00061336 | -0.234818 | 8787.64 | 
Eigenvector matrix Q_0:
[[cMatrix]]
| -0.986414 | -0.0270716 | 0.162032 | 
| 0.0933773 | -0.903893 | 0.417443 | 
| 0.135158 | 0.426902 | 0.89414 | 
Eigenvector matrix after multiplying by Q_1:
[[cMatrix]]
| 0.941175 | -0.164161 | 0.295365 | 
| -0.112962 | 0.670943 | 0.732854 | 
| -0.318479 | -0.723109 | 0.612931 | 
Eigenvector matrix Q_1
[[cMatrix]]
| -0.981982 | 0.126847 | -0.140078 | 
| -0.0593326 | -0.910713 | -0.408756 | 
| -0.17942 | -0.39308 | 0.90183 | 
Number of iterations: 17
Eigenvector matrix after multiplying by Q_2:
[[cMatrix]]
| -0.832327 | 0.434177 | 0.34456 | 
| 0.053429 | -0.555891 | 0.829536 | 
| 0.551704 | 0.708855 | 0.439485 | 
Eigenvector matrix Q_2
[[cMatrix]]
| -0.965107 | 0.245676 | 0.0906187 | 
| -0.226459 | -0.956825 | 0.182213 | 
| 0.131471 | 0.155333 | 0.979074 | 
Number of iterations: 17
Eigenvector matrix after multiplying by Q_3:
[[cMatrix]]
| 0.641505 | -0.675932 | 0.36275 | 
| 0.0610699 | 0.516371 | 0.854184 | 
| -0.764684 | -0.52581 | 0.372534 | 
Eigenvector matrix Q_3
[[cMatrix]]
| -0.952558 | 0.300095 | -0.0507603 | 
| -0.297472 | -0.953244 | -0.053263 | 
| -0.0643708 | -0.0356363 | 0.99729 | 
Number of iterations: 17
Eigenvector matrix after multiplying by Q_4:
[[cMatrix]]
| -0.438653 | 0.818451 | 0.371108 | 
| -0.168764 | -0.480637 | 0.860527 | 
| 0.882668 | 0.314843 | 0.348957 | 
Eigenvector matrix Q_4
[[cMatrix]]
| -0.966667 | 0.254932 | 0.0237778 | 
| -0.254761 | -0.966952 | 0.0100224 | 
| 0.0255471 | 0.00363068 | 0.999667 | 
Number of iterations: 17
Eigenvector matrix after multiplying by Q_5:
[[cMatrix]]
| 0.293259 | -0.879188 | 0.375537 | 
| 0.238303 | 0.447631 | 0.86188 | 
| -0.925857 | -0.163263 | 0.340785 | 
Eigenvector matrix Q_5
[[cMatrix]]
| -0.98608 | 0.166007 | -0.00938448 | 
| -0.166018 | -0.986123 | 0.000400898 | 
| -0.0091877 | 0.00195331 | 0.999956 | 
Number of iterations: 17
Eigenvector matrix after multiplying by Q_6:
[[cMatrix]]
| -0.20713 | 0.902305 | 0.378078 | 
| -0.277038 | -0.424737 | 0.861886 | 
| 0.938268 | 0.0737811 | 0.337948 | 
Eigenvector matrix Q_6
[[cMatrix]]
| -0.995464 | 0.0950825 | 0.00337265 | 
| -0.0950888 | -0.995467 | -0.0017681 | 
| 0.00318925 | -0.00208078 | 0.999993 | 
Number of iterations: 17
Eigenvector matrix after multiplying by Q_7:
[[cMatrix]]
| 0.159485 | -0.911299 | 0.379603 | 
| 0.297819 | 0.411024 | 0.861605 | 
| -0.941206 | -0.0243602 | 0.336954 | 
Eigenvector matrix Q_7
[[cMatrix]]
| -0.998645 | 0.052032 | -0.0011706 | 
| -0.0520337 | -0.998644 | 0.00142312 | 
| -0.00109497 | 0.00148211 | 0.999998 | 
Number of iterations: 17
Eigenvector matrix after multiplying by Q_8:
[[cMatrix]]
| -0.133694 | 0.915048 | 0.380544 | 
| -0.308919 | -0.403339 | 0.861329 | 
| 0.941645 | -0.00240257 | 0.336599 | 
Eigenvector matrix Q_8
[[cMatrix]]
| -0.999606 | 0.028076 | 0.000401895 | 
| -0.0280764 | -0.999605 | -0.000962174 | 
| 0.000374723 | -0.000973078 | 0.999999 | 
Number of iterations: 17
Eigenvector matrix after multiplying by Q_9:
[[cMatrix]]
| 0.119825 | -0.916722 | 0.381133 | 
| 0.314859 | 0.399171 | 0.86112 | 
| -0.941545 | 0.0168195 | 0.336468 | 
Eigenvector matrix Q_9
[[cMatrix]]
| -0.999886 | 0.0150872 | -0.000137537 | 
| -0.0150873 | -0.999886 | 0.000623222 | 
| -0.000128119 | 0.000625226 | 1 | 
Number of iterations: 17
Eigenvector matrix after multiplying by Q_10:
[[cMatrix]]
| -0.112381 | 0.91751 | 0.381504 | 
| -0.318043 | -0.396952 | 0.860975 | 
| 0.941392 | -0.0245777 | 0.336417 | 
Eigenvector matrix Q_10
[[cMatrix]]
| -0.999967 | 0.00809773 | 4.70242e-05 | 
| -0.00809775 | -0.999967 | -0.000398921 | 
| 4.37923e-05 | -0.000399289 | 1 | 
Number of iterations: 17
Eigenvector matrix after multiplying by Q_11:
[[cMatrix]]
| 0.108388 | -0.917893 | 0.381739 | 
| 0.319752 | 0.395785 | 0.860879 | 
| -0.941282 | 0.0287533 | 0.336396 | 
Eigenvector matrix Q_11
[[cMatrix]]
| -0.999991 | 0.0043448 | -1.60734e-05 | 
| -0.00434481 | -0.999991 | 0.000254488 | 
| -1.49675e-05 | 0.000254555 | 1 | 
Number of iterations: 17
Eigenvector matrix after multiplying by Q_12:
[[cMatrix]]
| -0.106246 | 0.918081 | 0.381889 | 
| -0.320669 | -0.395179 | 0.860817 | 
| 0.941214 | -0.0310018 | 0.336386 | 
Eigenvector matrix Q_12
[[cMatrix]]
| -0.999997 | 0.00233096 | 5.49361e-06 | 
| -0.00233096 | -0.999997 | -0.000162191 | 
| 5.11553e-06 | -0.000162204 | 1 | 
Number of iterations: 17
Eigenvector matrix after multiplying by Q_13:
[[cMatrix]]
| 0.105097 | -0.918174 | 0.381984 | 
| 0.321161 | 0.394866 | 0.860776 | 
| -0.941175 | 0.0322136 | 0.336381 | 
Eigenvector matrix Q_13
[[cMatrix]]
| -0.999999 | 0.00125051 | -1.87758e-06 | 
| -0.00125051 | -0.999999 | 0.00010334 | 
| -1.74836e-06 | 0.000103342 | 1 | 
Number of iterations: 17
Eigenvector matrix after multiplying by Q_14:
[[cMatrix]]
| -0.104481 | 0.918219 | 0.382044 | 
| -0.321426 | -0.394707 | 0.860751 | 
| 0.941153 | -0.0328671 | 0.336378 | 
Eigenvector matrix Q_14
[[cMatrix]]
| -1 | 0.000670863 | 6.41709e-07 | 
| -0.000670863 | -1 | -6.58373e-05 | 
| 5.97541e-07 | -6.58377e-05 | 1 | 
Number of iterations: 17
Eigenvector matrix after multiplying by Q_15:
[[cMatrix]]
| 0.10415 | -0.91824 | 0.382083 | 
| 0.321568 | 0.394628 | 0.860734 | 
| -0.941141 | 0.0332199 | 0.336377 | 
Eigenvector matrix Q_15
[[cMatrix]]
| -1 | 0.0003599 | -2.19319e-07 | 
| -0.0003599 | -1 | 4.19437e-05 | 
| -2.04223e-07 | 4.19438e-05 | 1 | 
Number of iterations: 17
Eigenvector matrix after multiplying by Q_16:
[[cMatrix]]
| -0.103973 | 0.91825 | 0.382107 | 
| -0.321644 | -0.394589 | 0.860724 | 
| 0.941135 | -0.0334106 | 0.336376 | 
Eigenvector matrix Q_16
[[cMatrix]]
| -1 | 0.000193076 | 7.49573e-08 | 
| -0.000193076 | -1 | -2.67214e-05 | 
| 6.9798e-08 | -2.67214e-05 | 1 | 
Number of iterations: 17
Eigenvector matrix after multiplying by Q_17:
[[cMatrix]]
| 0.103878 | -0.918255 | 0.382123 | 
| 0.321685 | 0.39457 | 0.860717 | 
| -0.941131 | 0.0335138 | 0.336375 | 
Eigenvector matrix Q_17
[[cMatrix]]
| -1 | 0.00010358 | -2.56184e-08 | 
| -0.00010358 | -1 | 1.70235e-05 | 
| -2.38551e-08 | 1.70235e-05 | 1 | 
Number of iterations: 17
===========================SVD SECTION==========================
A*A' = 
[[cMatrix]]
| 13191 | -1248.7 | -1807.42 | 
| -1248.7 | 11318.8 | -5058.08 | 
| -1807.42 | -5058.08 | 23783.5 | 

Eigenvectors of A*A' (U) = 

[[cMatrix]]
| 0.103878 | -0.918255 | 0.382123 | 
| 0.321685 | 0.39457 | 0.860717 | 
| -0.941131 | 0.0335138 | 0.336375 | 

Singular values of A'*A (S) = 

[[cMatrix]]
| 160.349 | 0 | 0 | 
| 0 | 117.447 | 0 | 
| 0 | 0 | 93.7424 | 

Eigenvectors of A'*A (V) = 

[[cMatrix]]
| -0.484151 | 0.314057 | -0.816662 | 
| -0.791351 | -0.555457 | 0.255527 | 
| -0.373312 | 0.769958 | 0.517464 | 


Q_U = 
[[cMatrix]]
| -1 | 0.00010358 | -2.56184e-08 | 
| -0.00010358 | -1 | 1.70235e-05 | 
| -2.38551e-08 | 1.70235e-05 | 1 | 
Q_U iter = 17
Q_V = 
[[cMatrix]]
| 0 | 0 | 0 | 0 | 
| 0 | 0 | 0 | 0 | 
| 0 | 0 | 0 | 0 | 
| 0 | 0 | 0 | 0 | 
Q_V iter = 2685004



Original matrix A = U*S*V' = 
[[cMatrix]]
| -71.1878 | 55.8758 | -70.7189 | 
| -76.3127 | -45.9424 | 58.1764 | 
| 48.5478 | 125.294 | 75.6841 | 
===========================KABSCH SECTION==========================

Centroid of A = 
Vector contents:
| 4.15385 |
| 4.30769 |
| 3.61538 |

Centroid of B = 
Vector contents:
| -2.42117 |
| -1.87073 |
| 6.28649 |

A - centroidA =
[[cMatrix]]
| 3.84615 | -1.15385 | -3.15385 | -0.153846 | -4.15385 | -0.153846 | -0.153846 | -2.15385 | -0.153846 | 3.84615 | 4.84615 | 2.84615 | -4.15385 | 
| -2.30769 | -0.307692 | -4.30769 | -3.30769 | 4.69231 | 2.69231 | 4.69231 | -4.30769 | 1.69231 | 4.69231 | -1.30769 | 0.692308 | -3.30769 | 
| -3.61538 | 0.384615 | 1.38462 | -2.61538 | -2.61538 | 5.38462 | -2.61538 | -1.61538 | -3.61538 | 4.38462 | 3.38462 | -0.615385 | 2.38462 | 

B - centroidB =
[[cMatrix]]
| -1.73405 | 0.378401 | -0.969989 | -0.204519 | 6.60226 | -1.43637 | 3.99919 | 0.0234808 | 2.97088 | -2.44043 | -5.6959 | -1.15112 | -0.341839 | 
| -4.5147 | 1.16782 | 4.28148 | -0.692892 | 0.215868 | 2.81725 | -2.72307 | 1.65945 | -2.59085 | -1.25834 | -1.09954 | -2.654 | 5.39154 | 
| -3.13048 | -0.2588 | -3.33889 | -4.15726 | 1.57353 | 5.12506 | 2.33945 | -4.80108 | -0.64804 | 6.96393 | 1.73166 | 0.76798 | -2.16706 | 

H = 
[[cMatrix]]
| -71.1878 | 55.8758 | -70.7189 | 
| -76.3127 | -45.9424 | 58.1764 | 
| 48.5478 | 125.294 | 75.6841 | 

Det of R = 1

Rotation matrix = 
[[cMatrix]]
| -0.650742 | -0.734741 | 0.19147 | 
| 0.52549 | -0.253795 | 0.812103 | 
| -0.548062 | 0.629104 | 0.551202 | 

R * B = 
[[cMatrix]]
| 7.99989 | 2.99989 | 0.999869 | 3.99993 | 4.22095e-05 | 3.99978 | 3.99998 | 1.99992 | 3.99998 | 7.99976 | 8.99973 | 6.99986 | -0.000131125 | 
| 2.00007 | 4.00004 | -0.000103341 | 1.00001 | 9.00026 | 7.00003 | 9.00027 | -3.47719e-05 | 6.0002 | 9.00012 | 2.99996 | 5.00011 | 0.999902 | 
| -0.000184371 | 3.99984 | 4.9999 | 0.999892 | 0.999886 | 8.9997 | 0.999806 | 1.99993 | -0.000147585 | 7.9996 | 6.99967 | 2.99975 | 5.99989 | 

Translation matrix = 
Vector contents:
| 0.000114322 |
| -6.47478e-05 |
| 0.000190331 |

Result of the algorithm: 

R * B + t = A
[[cMatrix]]
| 8.00001 | 3.00001 | 0.999983 | 4.00004 | 0.000156532 | 3.9999 | 4.00009 | 2.00004 | 4.0001 | 7.99987 | 8.99984 | 6.99998 | -1.68031e-05 | 
| 2 | 3.99998 | -0.000168089 | 0.999949 | 9.0002 | 6.99997 | 9.0002 | -9.95197e-05 | 6.00013 | 9.00006 | 2.9999 | 5.00004 | 0.999837 | 
| 5.9605e-06 | 4.00003 | 5.00009 | 1.00008 | 1.00008 | 8.99989 | 0.999996 | 2.00012 | 4.27464e-05 | 7.9998 | 6.99986 | 2.99994 | 6.00008 | 

Original matrix A = 
[[cMatrix]]
| 8 | 3 | 1 | 4 | 0 | 4 | 4 | 2 | 4 | 8 | 9 | 7 | 0 | 
| 2 | 4 | 0 | 1 | 9 | 7 | 9 | 0 | 6 | 9 | 3 | 5 | 1 | 
| 0 | 4 | 5 | 1 | 1 | 9 | 1 | 2 | 0 | 8 | 7 | 3 | 6 | 

Transformed matrix B = 
[[cMatrix]]
| -4.15522 | -2.04277 | -3.39116 | -2.62569 | 4.18109 | -3.85754 | 1.57802 | -2.39769 | 0.54971 | -4.8616 | -8.11707 | -3.57229 | -2.76301 | 
| -6.38543 | -0.70291 | 2.41075 | -2.56362 | -1.65486 | 0.94652 | -4.5938 | -0.21128 | -4.46158 | -3.12907 | -2.97027 | -4.52473 | 3.52081 | 
| 3.15601 | 6.02769 | 2.9476 | 2.12923 | 7.86002 | 11.4116 | 8.62594 | 1.48541 | 5.63845 | 13.2504 | 8.01815 | 7.05447 | 4.11943 | 
