
Original matrix A = 
[[cMatrix]]
| 5 | 3 | 4 | 8 | 6 | 1 | 0 | 9 | 8 | 1 | 2 | 5 | 2 | 2 | 0 | 5 | 2 | 
| 0 | 0 | 2 | 8 | 2 | 3 | 9 | 8 | 4 | 4 | 2 | 3 | 7 | 9 | 9 | 4 | 4 | 
| 5 | 8 | 4 | 1 | 8 | 1 | 2 | 4 | 9 | 0 | 9 | 4 | 0 | 6 | 9 | 6 | 3 | 

Transformed matrix B = 
[[cMatrix]]
| -0.74484 | -1.64907 | 1.33682 | 8.22207 | 0.55802 | 2.75007 | 8.21625 | 7.59223 | 2.43321 | 3.95685 | -0.04828 | 2.39464 | 6.94736 | 7.43745 | 6.53322 | 2.88011 | 3.32702 | 
| 6.49019 | 5.73594 | 5.19947 | 7.83501 | 8.53228 | 1.30901 | 0.76964 | 9.86978 | 10.7673 | 0.9443 | 5.18194 | 6.1328 | 1.88494 | 4.10245 | 3.34819 | 6.87318 | 2.97907 | 
| -2.70603 | -6.11388 | -2.67926 | -0.10102 | -5.55778 | -1.31286 | -4.11107 | -2.43833 | -6.25657 | -0.67202 | -7.88322 | -2.57963 | -1.08683 | -6.98959 | -10.3974 | -4.63295 | -3.00934 | 
===========================QR SECTION==========================
Vector x at 0 iter: 

Vector contents:
| 31253.6 |
| -11830.7 |
| 8108.84 |
Alpha 34387.6 at 0 iter: 

Vector u at 0 iter: 

Vector contents:
| 65641.2 |
| -11830.7 |
| 8108.84 |
Vector v at 0 iter: 

Vector contents:
| 0.97695 |
| -0.176078 |
| 0.120685 |
Q_tmp at 0 iter: 

[[cMatrix]]
| -0.908863 | 0.344039 | -0.235807 | 
| 0.344039 | 0.937993 | 0.0425001 | 
| -0.235807 | 0.0425001 | 0.97087 | 
Q_heap(0)

[[cMatrix]]
| -0.908863 | 0.344039 | -0.235807 | 
| 0.344039 | 0.937993 | 0.0425001 | 
| -0.235807 | 0.0425001 | 0.97087 | 
===========================QR SECTION==========================
Vector x at 1 iter: 

Vector contents:
| 18277.9 |
| -2479.65 |
Alpha 18445.3 at 1 iter: 

Vector u at 1 iter: 

Vector contents:
| 36723.2 |
| -2479.65 |
Vector v at 1 iter: 

Vector contents:
| 0.997728 |
| -0.0673693 |
Q_tmp at 1 iter: 

[[cMatrix]]
| -0.990923 | 0.134432 | 
| 0.134432 | 0.990923 | 
Q_heap(1)

[[cMatrix]]
| 1 | 0 | 0 | 
| 0 | -0.990923 | 0.134432 | 
| 0 | 0.134432 | 0.990923 | 
===========================QR SECTION==========================
Vector x at 0 iter: 

Vector contents:
| 41567.5 |
| -7409.33 |
| -3365.37 |
Alpha 42356.6 at 0 iter: 

Vector u at 0 iter: 

Vector contents:
| 83924.1 |
| -7409.33 |
| -3365.37 |
Vector v at 0 iter: 

Vector contents:
| 0.995332 |
| -0.087874 |
| -0.039913 |
Q_tmp at 0 iter: 

[[cMatrix]]
| -0.98137 | 0.174927 | 0.0794534 | 
| 0.174927 | 0.984556 | -0.00701463 | 
| 0.0794534 | -0.00701463 | 0.996814 | 
Q_heap(0)

[[cMatrix]]
| -0.98137 | 0.174927 | 0.0794534 | 
| 0.174927 | 0.984556 | -0.00701463 | 
| 0.0794534 | -0.00701463 | 0.996814 | 
===========================QR SECTION==========================
Vector x at 1 iter: 

Vector contents:
| 15863.6 |
| 546.614 |
Alpha 15873 at 1 iter: 

Vector u at 1 iter: 

Vector contents:
| 31736.5 |
| 546.614 |
Vector v at 1 iter: 

Vector contents:
| 0.999852 |
| 0.0172209 |
Q_tmp at 1 iter: 

[[cMatrix]]
| -0.999407 | -0.0344368 | 
| -0.0344368 | 0.999407 | 
Q_heap(1)

[[cMatrix]]
| 1 | 0 | 0 | 
| 0 | -0.999407 | -0.0344368 | 
| 0 | -0.0344368 | 0.999407 | 
===========================QR SECTION==========================
Vector x at 0 iter: 

Vector contents:
| 43757.7 |
| -2857.73 |
| 1069.79 |
Alpha 43864 at 0 iter: 

Vector u at 0 iter: 

Vector contents:
| 87621.7 |
| -2857.73 |
| 1069.79 |
Vector v at 0 iter: 

Vector contents:
| 0.999394 |
| -0.0325947 |
| 0.0122018 |
Q_tmp at 0 iter: 

[[cMatrix]]
| -0.997577 | 0.0651499 | -0.0243887 | 
| 0.0651499 | 0.997875 | 0.000795425 | 
| -0.0243887 | 0.000795425 | 0.999702 | 
Q_heap(0)

[[cMatrix]]
| -0.997577 | 0.0651499 | -0.0243887 | 
| 0.0651499 | 0.997875 | 0.000795425 | 
| -0.0243887 | 0.000795425 | 0.999702 | 
===========================QR SECTION==========================
Vector x at 1 iter: 

Vector contents:
| 15422.9 |
| -285.551 |
Alpha 15425.6 at 1 iter: 

Vector u at 1 iter: 

Vector contents:
| 30848.5 |
| -285.551 |
Vector v at 1 iter: 

Vector contents:
| 0.999957 |
| -0.00925617 |
Q_tmp at 1 iter: 

[[cMatrix]]
| -0.999829 | 0.0185116 | 
| 0.0185116 | 0.999829 | 
Q_heap(1)

[[cMatrix]]
| 1 | 0 | 0 | 
| 0 | -0.999829 | 0.0185116 | 
| 0 | 0.0185116 | 0.999829 | 
===========================QR SECTION==========================
Vector x at 0 iter: 

Vector contents:
| 44045 |
| -1018.01 |
| -326.291 |
Alpha 44058 at 0 iter: 

Vector u at 0 iter: 

Vector contents:
| 88103 |
| -1018.01 |
| -326.291 |
Vector v at 0 iter: 

Vector contents:
| 0.999926 |
| -0.0115539 |
| -0.00370325 |
Q_tmp at 0 iter: 

[[cMatrix]]
| -0.999706 | 0.0231061 | 0.00740595 | 
| 0.0231061 | 0.999733 | -8.55737e-05 | 
| 0.00740595 | -8.55737e-05 | 0.999973 | 
Q_heap(0)

[[cMatrix]]
| -0.999706 | 0.0231061 | 0.00740595 | 
| 0.0231061 | 0.999733 | -8.55737e-05 | 
| 0.00740595 | -8.55737e-05 | 0.999973 | 
===========================QR SECTION==========================
Vector x at 1 iter: 

Vector contents:
| 15371.7 |
| 228.084 |
Alpha 15373.4 at 1 iter: 

Vector u at 1 iter: 

Vector contents:
| 30745.1 |
| 228.084 |
Vector v at 1 iter: 

Vector contents:
| 0.999972 |
| 0.00741834 |
Q_tmp at 1 iter: 

[[cMatrix]]
| -0.99989 | -0.0148363 | 
| -0.0148363 | 0.99989 | 
Q_heap(1)

[[cMatrix]]
| 1 | 0 | 0 | 
| 0 | -0.99989 | -0.0148363 | 
| 0 | -0.0148363 | 0.99989 | 
===========================QR SECTION==========================
Vector x at 0 iter: 

Vector contents:
| 44080 |
| -358.378 |
| 98.9806 |
Alpha 44081.5 at 0 iter: 

Vector u at 0 iter: 

Vector contents:
| 88161.5 |
| -358.378 |
| 98.9806 |
Vector v at 0 iter: 

Vector contents:
| 0.999991 |
| -0.00406498 |
| 0.00112271 |
Q_tmp at 0 iter: 

[[cMatrix]]
| -0.999964 | 0.00812989 | -0.0022454 | 
| 0.00812989 | 0.999967 | 9.12758e-06 | 
| -0.0022454 | 9.12758e-06 | 0.999997 | 
Q_heap(0)

[[cMatrix]]
| -0.999964 | 0.00812989 | -0.0022454 | 
| 0.00812989 | 0.999967 | 9.12758e-06 | 
| -0.0022454 | 9.12758e-06 | 0.999997 | 
===========================QR SECTION==========================
Vector x at 1 iter: 

Vector contents:
| 15370.5 |
| -196.192 |
Alpha 15371.7 at 1 iter: 

Vector u at 1 iter: 

Vector contents:
| 30742.2 |
| -196.192 |
Vector v at 1 iter: 

Vector contents:
| 0.99998 |
| -0.00638173 |
Q_tmp at 1 iter: 

[[cMatrix]]
| -0.999919 | 0.0127632 | 
| 0.0127632 | 0.999919 | 
Q_heap(1)

[[cMatrix]]
| 1 | 0 | 0 | 
| 0 | -0.999919 | 0.0127632 | 
| 0 | 0.0127632 | 0.999919 | 
===========================QR SECTION==========================
Vector x at 0 iter: 

Vector contents:
| 44084.2 |
| -125.794 |
| -29.997 |
Alpha 44084.4 at 0 iter: 

Vector u at 0 iter: 

Vector contents:
| 88168.6 |
| -125.794 |
| -29.997 |
Vector v at 0 iter: 

Vector contents:
| 0.999999 |
| -0.00142674 |
| -0.000340223 |
Q_tmp at 0 iter: 

[[cMatrix]]
| -0.999996 | 0.00285348 | 0.000680446 | 
| 0.00285348 | 0.999996 | -9.70821e-07 | 
| 0.000680446 | -9.70821e-07 | 1 | 
Q_heap(0)

[[cMatrix]]
| -0.999996 | 0.00285348 | 0.000680446 | 
| 0.00285348 | 0.999996 | -9.70821e-07 | 
| 0.000680446 | -9.70821e-07 | 1 | 
===========================QR SECTION==========================
Vector x at 1 iter: 

Vector contents:
| 15374.2 |
| 170.285 |
Alpha 15375.2 at 1 iter: 

Vector u at 1 iter: 

Vector contents:
| 30749.4 |
| 170.285 |
Vector v at 1 iter: 

Vector contents:
| 0.999985 |
| 0.00553775 |
Q_tmp at 1 iter: 

[[cMatrix]]
| -0.999939 | -0.0110753 | 
| -0.0110753 | 0.999939 | 
Q_heap(1)

[[cMatrix]]
| 1 | 0 | 0 | 
| 0 | -0.999939 | -0.0110753 | 
| 0 | -0.0110753 | 0.999939 | 
===========================QR SECTION==========================
Vector x at 0 iter: 

Vector contents:
| 44084.7 |
| -44.0892 |
| 9.08769 |
Alpha 44084.7 at 0 iter: 

Vector u at 0 iter: 

Vector contents:
| 88169.4 |
| -44.0892 |
| 9.08769 |
Vector v at 0 iter: 

Vector contents:
| 1 |
| -0.000500051 |
| 0.000103071 |
Q_tmp at 0 iter: 

[[cMatrix]]
| -0.999999 | 0.0010001 | -0.000206141 | 
| 0.0010001 | 0.999999 | 1.03081e-07 | 
| -0.000206141 | 1.03081e-07 | 1 | 
Q_heap(0)

[[cMatrix]]
| -0.999999 | 0.0010001 | -0.000206141 | 
| 0.0010001 | 0.999999 | 1.03081e-07 | 
| -0.000206141 | 1.03081e-07 | 1 | 
===========================QR SECTION==========================
Vector x at 1 iter: 

Vector contents:
| 15377.6 |
| -147.893 |
Alpha 15378.3 at 1 iter: 

Vector u at 1 iter: 

Vector contents:
| 30756 |
| -147.893 |
Vector v at 1 iter: 

Vector contents:
| 0.999988 |
| -0.00480854 |
Q_tmp at 1 iter: 

[[cMatrix]]
| -0.999954 | 0.00961696 | 
| 0.00961696 | 0.999954 | 
Q_heap(1)

[[cMatrix]]
| 1 | 0 | 0 | 
| 0 | -0.999954 | 0.00961696 | 
| 0 | 0.00961696 | 0.999954 | 
===========================QR SECTION==========================
Vector x at 0 iter: 

Vector contents:
| 44084.8 |
| -15.4369 |
| -2.75253 |
Alpha 44084.8 at 0 iter: 

Vector u at 0 iter: 

Vector contents:
| 88169.6 |
| -15.4369 |
| -2.75253 |
Vector v at 0 iter: 

Vector contents:
| 1 |
| -0.000175082 |
| -3.12186e-05 |
Q_tmp at 0 iter: 

[[cMatrix]]
| -1 | 0.000350163 | 6.24372e-05 | 
| 0.000350163 | 1 | -1.09316e-08 | 
| 6.24372e-05 | -1.09316e-08 | 1 | 
Q_heap(0)

[[cMatrix]]
| -1 | 0.000350163 | 6.24372e-05 | 
| 0.000350163 | 1 | -1.09316e-08 | 
| 6.24372e-05 | -1.09316e-08 | 1 | 
===========================QR SECTION==========================
Vector x at 1 iter: 

Vector contents:
| 15380.3 |
| 128.409 |
Alpha 15380.8 at 1 iter: 

Vector u at 1 iter: 

Vector contents:
| 30761.1 |
| 128.409 |
Vector v at 1 iter: 

Vector contents:
| 0.999991 |
| 0.00417437 |
Q_tmp at 1 iter: 

[[cMatrix]]
| -0.999965 | -0.00834867 | 
| -0.00834867 | 0.999965 | 
Q_heap(1)

[[cMatrix]]
| 1 | 0 | 0 | 
| 0 | -0.999965 | -0.00834867 | 
| 0 | -0.00834867 | 0.999965 | 
===========================QR SECTION==========================
Vector x at 0 iter: 

Vector contents:
| 44084.8 |
| -5.40077 |
| 0.833566 |
Alpha 44084.8 at 0 iter: 

Vector u at 0 iter: 

Vector contents:
| 88169.6 |
| -5.40077 |
| 0.833566 |
Vector v at 0 iter: 

Vector contents:
| 1 |
| -6.12544e-05 |
| 9.45413e-06 |
Q_tmp at 0 iter: 

[[cMatrix]]
| -1 | 0.000122509 | -1.89083e-05 | 
| 0.000122509 | 1 | 1.15821e-09 | 
| -1.89083e-05 | 1.15821e-09 | 1 | 
Q_heap(0)

[[cMatrix]]
| -1 | 0.000122509 | -1.89083e-05 | 
| 0.000122509 | 1 | 1.15821e-09 | 
| -1.89083e-05 | 1.15821e-09 | 1 | 
===========================QR SECTION==========================
Vector x at 1 iter: 

Vector contents:
| 15382.3 |
| -111.458 |
Alpha 15382.7 at 1 iter: 

Vector u at 1 iter: 

Vector contents:
| 30764.9 |
| -111.458 |
Vector v at 1 iter: 

Vector contents:
| 0.999993 |
| -0.00362288 |
Q_tmp at 1 iter: 

[[cMatrix]]
| -0.999974 | 0.00724571 | 
| 0.00724571 | 0.999974 | 
Q_heap(1)

[[cMatrix]]
| 1 | 0 | 0 | 
| 0 | -0.999974 | 0.00724571 | 
| 0 | 0.00724571 | 0.999974 | 
===========================QR SECTION==========================
Vector x at 0 iter: 

Vector contents:
| 44084.8 |
| -1.88845 |
| -0.252403 |
Alpha 44084.8 at 0 iter: 

Vector u at 0 iter: 

Vector contents:
| 88169.6 |
| -1.88845 |
| -0.252403 |
Vector v at 0 iter: 

Vector contents:
| 1 |
| -2.14184e-05 |
| -2.8627e-06 |
Q_tmp at 0 iter: 

[[cMatrix]]
| -1 | 4.28368e-05 | 5.72541e-06 | 
| 4.28368e-05 | 1 | -1.22629e-10 | 
| 5.72541e-06 | -1.22629e-10 | 1 | 
Q_heap(0)

[[cMatrix]]
| -1 | 4.28368e-05 | 5.72541e-06 | 
| 4.28368e-05 | 1 | -1.22629e-10 | 
| 5.72541e-06 | -1.22629e-10 | 1 | 
===========================QR SECTION==========================
Vector x at 1 iter: 

Vector contents:
| 15383.8 |
| 96.7219 |
Alpha 15384.1 at 1 iter: 

Vector u at 1 iter: 

Vector contents:
| 30767.9 |
| 96.7219 |
Vector v at 1 iter: 

Vector contents:
| 0.999995 |
| 0.00314358 |
Q_tmp at 1 iter: 

[[cMatrix]]
| -0.99998 | -0.00628714 | 
| -0.00628714 | 0.99998 | 
Q_heap(1)

[[cMatrix]]
| 1 | 0 | 0 | 
| 0 | -0.99998 | -0.00628714 | 
| 0 | -0.00628714 | 0.99998 | 
===========================EIGEN SECTION==========================
Eigenvalue matrix after 9 iterations of the QR algorithm
[[cMatrix]]
| 44084.8 | -1.88845 | -0.252403 | 
| -1.88845 | 15383.8 | 96.7219 | 
| -0.252403 | 96.7219 | 13348.5 | 
Eigenvector matrix Q_0:
[[cMatrix]]
| -0.908863 | -0.372616 | -0.187417 | 
| 0.344039 | -0.923765 | 0.168211 | 
| -0.235807 | 0.0884021 | 0.967771 | 
Eigenvector matrix after multiplying by Q_1:
[[cMatrix]]
| 0.811859 | 0.533051 | -0.238203 | 
| -0.485857 | 0.843054 | 0.230659 | 
| 0.323771 | -0.0715302 | 0.943428 | 
Eigenvector matrix Q_1
[[cMatrix]]
| -0.98137 | -0.17756 | 0.0733823 | 
| 0.174927 | -0.983731 | -0.0409154 | 
| 0.0794534 | -0.0273166 | 0.996464 | 
Number of iterations: 9
Eigenvector matrix after multiplying by Q_2:
[[cMatrix]]
| -0.769355 | -0.589288 | -0.246642 | 
| 0.533979 | -0.805153 | 0.258059 | 
| -0.350656 | 0.0668375 | 0.934116 | 
Eigenvector matrix Q_2
[[cMatrix]]
| -0.997577 | -0.0655902 | -0.0231785 | 
| 0.0651499 | -0.997689 | 0.0192675 | 
| -0.0243887 | 0.0177108 | 0.999546 | 
Number of iterations: 9
Eigenvector matrix after multiplying by Q_3:
[[cMatrix]]
| 0.753686 | 0.610563 | -0.243251 | 
| -0.550515 | 0.788647 | 0.273806 | 
| 0.359015 | -0.0724508 | 0.930516 | 
Eigenvector matrix Q_3
[[cMatrix]]
| -0.999706 | -0.0232134 | 0.00706232 | 
| 0.0231061 | -0.999622 | -0.0149179 | 
| 0.00740595 | -0.0147503 | 0.999864 | 
Number of iterations: 9
Eigenvector matrix after multiplying by Q_4:
[[cMatrix]]
| -0.748149 | -0.619744 | -0.237046 | 
| 0.556292 | -0.780573 | 0.285035 | 
| -0.36168 | 0.0813816 | 0.928743 | 
Eigenvector matrix Q_4
[[cMatrix]]
| -0.999964 | -0.00815789 | -0.00214145 | 
| 0.00812989 | -0.999885 | 0.0127719 | 
| -0.0022454 | 0.012754 | 0.999916 | 
Number of iterations: 9
Eigenvector matrix after multiplying by Q_5:
[[cMatrix]]
| 0.746216 | 0.624469 | -0.230653 | 
| -0.558323 | 0.775774 | 0.294024 | 
| 0.362543 | -0.0906268 | 0.92755 | 
Eigenvector matrix Q_5
[[cMatrix]]
| -0.999996 | -0.00286084 | 0.000648801 | 
| 0.00285348 | -0.999935 | -0.0110763 | 
| 0.000680446 | -0.0110744 | 0.999938 | 
Number of iterations: 9
Eigenvector matrix after multiplying by Q_6:
[[cMatrix]]
| -0.745544 | -0.627405 | -0.224783 | 
| 0.559038 | -0.772351 | 0.301581 | 
| -0.362825 | 0.0991794 | 0.926564 | 
Eigenvector matrix Q_6
[[cMatrix]]
| -0.999999 | -0.00100204 | -0.000196514 | 
| 0.0010001 | -0.999953 | 0.00961706 | 
| -0.000206141 | 0.00961686 | 0.999954 | 
Number of iterations: 9
Eigenvector matrix after multiplying by Q_7:
[[cMatrix]]
| 0.74531 | 0.629522 | -0.219581 | 
| -0.559289 | 0.76961 | 0.308052 | 
| 0.362917 | -0.106784 | 0.925683 | 
Eigenvector matrix Q_7
[[cMatrix]]
| -1 | -0.000350672 | 5.95116e-05 | 
| 0.000350163 | -0.999965 | -0.00834868 | 
| 6.24372e-05 | -0.00834865 | 0.999965 | 
Number of iterations: 9
Eigenvector matrix after multiplying by Q_8:
[[cMatrix]]
| -0.745228 | -0.631187 | -0.215028 | 
| 0.559378 | -0.767289 | 0.31363 | 
| -0.362948 | 0.113444 | 0.924878 | 
Eigenvector matrix Q_8
[[cMatrix]]
| -1 | -0.000122643 | -1.80201e-05 | 
| 0.000122509 | -0.999974 | 0.00724571 | 
| -1.89083e-05 | 0.00724571 | 0.999974 | 
Number of iterations: 9
Eigenvector matrix after multiplying by Q_9:
[[cMatrix]]
| 0.7452 | 0.632559 | -0.211059 | 
| -0.559409 | 0.765278 | 0.318451 | 
| 0.362958 | -0.119241 | 0.924145 | 
Eigenvector matrix Q_9
[[cMatrix]]
| -1 | -4.28719e-05 | 5.45598e-06 | 
| 4.28368e-05 | -0.99998 | -0.00628714 | 
| 5.72541e-06 | -0.00628714 | 0.99998 | 
Number of iterations: 9
===========================SVD SECTION==========================
A*A' = 
[[cMatrix]]
| 31253.6 | -11830.7 | 8108.84 | 
| -11830.7 | 24119.2 | -6483.34 | 
| 8108.84 | -6483.34 | 17444.2 | 

Eigenvectors of A*A' (U) = 

[[cMatrix]]
| 0.7452 | 0.632559 | -0.211059 | 
| -0.559409 | 0.765278 | 0.318451 | 
| 0.362958 | -0.119241 | 0.924145 | 

Singular values of A'*A (S) = 

[[cMatrix]]
| 209.964 | 0 | 0 | 
| 0 | 124.031 | 0 | 
| 0 | 0 | 115.536 | 

Eigenvectors of A'*A (V) = 

[[cMatrix]]
| -0.322393 | 0.725082 | 0.604296 | 
| 0.62471 | 0.645996 | -0.442431 | 
| -0.711196 | 0.238786 | -0.662567 | 


Q_U = 
[[cMatrix]]
| -1 | -4.28719e-05 | 5.45598e-06 | 
| 4.28368e-05 | -0.99998 | -0.00628714 | 
| 5.72541e-06 | -0.00628714 | 0.99998 | 
Q_U iter = 9
Q_V = 
[[cMatrix]]
| 0 | 0 | 0 | 0 | 
| 0 | 0 | 0 | 0 | 
| 0 | 0 | 0 | 0 | 
| 0 | 0 | 0 | 0 | 
Q_V iter = 2685004



Original matrix A = U*S*V' = 
[[cMatrix]]
| -8.29106 | 159.217 | -76.3862 | 
| 128.924 | -28.3369 | 81.8217 | 
| 29.2291 | -9.18526 | -128.474 | 
===========================KABSCH SECTION==========================

Centroid of A = 
Vector contents:
| 3.70588 |
| 4.58824 |
| 4.64706 |

Centroid of B = 
Vector contents:
| 3.65548 |
| 5.17385 |
| -4.03105 |

A - centroidA =
[[cMatrix]]
| 1.29412 | -0.705882 | 0.294118 | 4.29412 | 2.29412 | -2.70588 | -3.70588 | 5.29412 | 4.29412 | -2.70588 | -1.70588 | 1.29412 | -1.70588 | -1.70588 | -3.70588 | 1.29412 | -1.70588 | 
| -4.58824 | -4.58824 | -2.58824 | 3.41176 | -2.58824 | -1.58824 | 4.41176 | 3.41176 | -0.588235 | -0.588235 | -2.58824 | -1.58824 | 2.41176 | 4.41176 | 4.41176 | -0.588235 | -0.588235 | 
| 0.352941 | 3.35294 | -0.647059 | -3.64706 | 3.35294 | -3.64706 | -2.64706 | -0.647059 | 4.35294 | -4.64706 | 4.35294 | -0.647059 | -4.64706 | 1.35294 | 4.35294 | 1.35294 | -1.64706 | 

B - centroidB =
[[cMatrix]]
| -4.40032 | -5.30455 | -2.31866 | 4.56659 | -3.09746 | -0.905408 | 4.56077 | 3.93675 | -1.22227 | 0.301372 | -3.70376 | -1.26084 | 3.29188 | 3.78197 | 2.87774 | -0.775368 | -0.328458 | 
| 1.31634 | 0.562088 | 0.0256176 | 2.66116 | 3.35843 | -3.86484 | -4.40421 | 4.69593 | 5.59345 | -4.22955 | 0.00808765 | 0.958948 | -3.28891 | -1.0714 | -1.82566 | 1.69933 | -2.19478 | 
| 1.32502 | -2.08283 | 1.35179 | 3.93003 | -1.52673 | 2.71819 | -0.0800218 | 1.59272 | -2.22552 | 3.35903 | -3.85217 | 1.45142 | 2.94422 | -2.95854 | -6.36639 | -0.601902 | 1.02171 | 

H = 
[[cMatrix]]
| -8.29106 | 159.217 | -76.3862 | 
| 128.924 | -28.3369 | 81.8217 | 
| 29.2291 | -9.18526 | -128.474 | 

Det of R = 0.999977

Rotation matrix = 
[[cMatrix]]
| 0.0908675 | 0.927678 | 0.354982 | 
| 0.967544 | 0.00400564 | -0.259156 | 
| -0.239096 | 0.369592 | -0.898915 | 

R * B = 
[[cMatrix]]
| 4.99253 | 3.00094 | 3.99382 | 7.97962 | 5.993 | 0.998189 | 0.00121069 | 8.9803 | 7.98871 | 0.997 | 2.00438 | 4.99114 | 1.9941 | 2.00039 | 0.00879142 | 4.99319 | 1.99767 | 
| 0.00661645 | 0.0118785 | 2.00861 | 8.01278 | 2.01442 | 3.00629 | 9.01807 | 8.01726 | 4.0188 | 4.00637 | 2.01703 | 3.01001 | 7.01108 | 9.02389 | 9.02915 | 4.01482 | 4.01086 | 
| 5.0093 | 8.01011 | 4.01048 | 1.0207 | 8.01602 | 1.00642 | 2.01548 | 4.02437 | 9.02187 | 0.00702772 | 9.0131 | 4.01296 | 0.0125408 | 6.02102 | 9.02182 | 6.01628 | 3.01071 | 

Translation matrix = 
Vector contents:
| 0.0050006 |
| -0.0139949 |
| -0.014718 |

Result of the algorithm: 

R * B + t = A
[[cMatrix]]
| 4.99753 | 3.00594 | 3.99882 | 7.98463 | 5.998 | 1.00319 | 0.00621128 | 8.9853 | 7.99371 | 1.002 | 2.00938 | 4.99614 | 1.9991 | 2.00539 | 0.013792 | 4.99819 | 2.00267 | 
| -0.00737843 | -0.00211642 | 1.99461 | 7.99878 | 2.00042 | 2.9923 | 9.00408 | 8.00326 | 4.0048 | 3.99237 | 2.00303 | 2.99602 | 6.99709 | 9.00989 | 9.01515 | 4.00083 | 3.99686 | 
| 4.99459 | 7.99539 | 3.99577 | 1.00598 | 8.0013 | 0.991701 | 2.00077 | 4.00966 | 9.00715 | -0.00769032 | 8.99838 | 3.99824 | -0.00217721 | 6.0063 | 9.0071 | 6.00156 | 2.99599 | 

Original matrix A = 
[[cMatrix]]
| 5 | 3 | 4 | 8 | 6 | 1 | 0 | 9 | 8 | 1 | 2 | 5 | 2 | 2 | 0 | 5 | 2 | 
| 0 | 0 | 2 | 8 | 2 | 3 | 9 | 8 | 4 | 4 | 2 | 3 | 7 | 9 | 9 | 4 | 4 | 
| 5 | 8 | 4 | 1 | 8 | 1 | 2 | 4 | 9 | 0 | 9 | 4 | 0 | 6 | 9 | 6 | 3 | 

Transformed matrix B = 
[[cMatrix]]
| -0.74484 | -1.64907 | 1.33682 | 8.22207 | 0.55802 | 2.75007 | 8.21625 | 7.59223 | 2.43321 | 3.95685 | -0.04828 | 2.39464 | 6.94736 | 7.43745 | 6.53322 | 2.88011 | 3.32702 | 
| 6.49019 | 5.73594 | 5.19947 | 7.83501 | 8.53228 | 1.30901 | 0.76964 | 9.86978 | 10.7673 | 0.9443 | 5.18194 | 6.1328 | 1.88494 | 4.10245 | 3.34819 | 6.87318 | 2.97907 | 
| -2.70603 | -6.11388 | -2.67926 | -0.10102 | -5.55778 | -1.31286 | -4.11107 | -2.43833 | -6.25657 | -0.67202 | -7.88322 | -2.57963 | -1.08683 | -6.98959 | -10.3974 | -4.63295 | -3.00934 | 
