
Original matrix A = 
[[cMatrix]]
| 8 | 6 | 6 | 0 | 5 | 9 | 
| 4 | 8 | 7 | 3 | 0 | 6 | 
| 6 | 6 | 7 | 4 | 6 | 9 | 

Transformed matrix B = 
[[cMatrix]]
| 4.25062 | 6.03444 | 4.85734 | 0.25852 | -0.16921 | 4.79432 | 
| 8.01794 | 5.03576 | 5.80672 | 0.78555 | 6.82796 | 9.52361 | 
| -5.80042 | -8.61549 | -8.75718 | -4.93113 | -3.78819 | -9.18234 | 
===========================QR SECTION==========================
Vector x at 0 iter: 

Vector contents:
| 2189.89 |
| 1680.16 |
| -1820.75 |
Alpha 3306.61 at 0 iter: 

Vector u at 0 iter: 

Vector contents:
| 5496.5 |
| 1680.16 |
| -1820.75 |
Vector v at 0 iter: 

Vector contents:
| 0.911668 |
| 0.278678 |
| -0.301995 |
Q_tmp at 0 iter: 

[[cMatrix]]
| -0.662276 | -0.508123 | 0.550638 | 
| -0.508123 | 0.844678 | 0.168318 | 
| 0.550638 | 0.168318 | 0.817598 | 
Q_heap(0)

[[cMatrix]]
| -0.662276 | -0.508123 | 0.550638 | 
| -0.508123 | 0.844678 | 0.168318 | 
| 0.550638 | 0.168318 | 0.817598 | 
===========================QR SECTION==========================
Vector x at 1 iter: 

Vector contents:
| 1028.24 |
| 292.461 |
Alpha 1069.02 at 1 iter: 

Vector u at 1 iter: 

Vector contents:
| 2097.26 |
| 292.461 |
Vector v at 1 iter: 

Vector contents:
| 0.990417 |
| 0.138113 |
Q_tmp at 1 iter: 

[[cMatrix]]
| -0.96185 | -0.273578 | 
| -0.273578 | 0.96185 | 
Q_heap(1)

[[cMatrix]]
| 1 | 0 | 0 | 
| 0 | -0.96185 | -0.273578 | 
| 0 | -0.273578 | 0.96185 | 
===========================QR SECTION==========================
Vector x at 0 iter: 

Vector contents:
| 5247.39 |
| 484.426 |
| 7.21579 |
Alpha 5269.71 at 0 iter: 

Vector u at 0 iter: 

Vector contents:
| 10517.1 |
| 484.426 |
| 7.21579 |
Vector v at 0 iter: 

Vector contents:
| 0.998941 |
| 0.046012 |
| 0.000685374 |
Q_tmp at 0 iter: 

[[cMatrix]]
| -0.995765 | -0.0919266 | -0.0013693 | 
| -0.0919266 | 0.995766 | -6.30709e-05 | 
| -0.0013693 | -6.30709e-05 | 0.999999 | 
Q_heap(0)

[[cMatrix]]
| -0.995765 | -0.0919266 | -0.0013693 | 
| -0.0919266 | 0.995766 | -6.30709e-05 | 
| -0.0013693 | -6.30709e-05 | 0.999999 | 
===========================QR SECTION==========================
Vector x at 1 iter: 

Vector contents:
| 910.316 |
| -5.77652 |
Alpha 910.334 at 1 iter: 

Vector u at 1 iter: 

Vector contents:
| 1820.65 |
| -5.77652 |
Vector v at 1 iter: 

Vector contents:
| 0.999995 |
| -0.00317276 |
Q_tmp at 1 iter: 

[[cMatrix]]
| -0.99998 | 0.00634549 | 
| 0.00634549 | 0.99998 | 
Q_heap(1)

[[cMatrix]]
| 1 | 0 | 0 | 
| 0 | -0.99998 | 0.00634549 | 
| 0 | 0.00634549 | 0.99998 | 
===========================QR SECTION==========================
Vector x at 0 iter: 

Vector contents:
| 5299.85 |
| 83.6761 |
| -0.013222 |
Alpha 5300.51 at 0 iter: 

Vector u at 0 iter: 

Vector contents:
| 10600.4 |
| 83.6761 |
| -0.013222 |
Vector v at 0 iter: 

Vector contents:
| 0.999969 |
| 0.00789346 |
| -1.24728e-06 |
Q_tmp at 0 iter: 

[[cMatrix]]
| -0.999875 | -0.0157864 | 2.49448e-06 | 
| -0.0157864 | 0.999875 | 1.96907e-08 | 
| 2.49448e-06 | 1.96907e-08 | 1 | 
Q_heap(0)

[[cMatrix]]
| -0.999875 | -0.0157864 | 2.49448e-06 | 
| -0.0157864 | 0.999875 | 1.96907e-08 | 
| 2.49448e-06 | 1.96907e-08 | 1 | 
===========================QR SECTION==========================
Vector x at 1 iter: 

Vector contents:
| 905.065 |
| 0.062108 |
Alpha 905.065 at 1 iter: 

Vector u at 1 iter: 

Vector contents:
| 1810.13 |
| 0.062108 |
Vector v at 1 iter: 

Vector contents:
| 1 |
| 3.43113e-05 |
Q_tmp at 1 iter: 

[[cMatrix]]
| -1 | -6.86227e-05 | 
| -6.86227e-05 | 1 | 
Q_heap(1)

[[cMatrix]]
| 1 | 0 | 0 | 
| 0 | -1 | -6.86227e-05 | 
| 0 | -6.86227e-05 | 1 | 
===========================QR SECTION==========================
Vector x at 0 iter: 

Vector contents:
| 5301.39 |
| 14.2877 |
| 2.40863e-05 |
Alpha 5301.41 at 0 iter: 

Vector u at 0 iter: 

Vector contents:
| 10602.8 |
| 14.2877 |
| 2.40863e-05 |
Vector v at 0 iter: 

Vector contents:
| 0.999999 |
| 0.00134754 |
| 2.27169e-09 |
Q_tmp at 0 iter: 

[[cMatrix]]
| -0.999996 | -0.00269508 | -4.54338e-09 | 
| -0.00269508 | 0.999996 | -6.1224e-12 | 
| -4.54338e-09 | -6.1224e-12 | 1 | 
Q_heap(0)

[[cMatrix]]
| -0.999996 | -0.00269508 | -4.54338e-09 | 
| -0.00269508 | 0.999996 | -6.1224e-12 | 
| -4.54338e-09 | -6.1224e-12 | 1 | 
===========================QR SECTION==========================
Vector x at 1 iter: 

Vector contents:
| 904.91 |
| -0.000662871 |
Alpha 904.91 at 1 iter: 

Vector u at 1 iter: 

Vector contents:
| 1809.82 |
| -0.000662871 |
Vector v at 1 iter: 

Vector contents:
| 1 |
| -3.66263e-07 |
Q_tmp at 1 iter: 

[[cMatrix]]
| -1 | 7.32526e-07 | 
| 7.32526e-07 | 1 | 
Q_heap(1)

[[cMatrix]]
| 1 | 0 | 0 | 
| 0 | -1 | 7.32526e-07 | 
| 0 | 7.32526e-07 | 1 | 
===========================QR SECTION==========================
Vector x at 0 iter: 

Vector contents:
| 5301.44 |
| 2.43881 |
| -4.38702e-08 |
Alpha 5301.44 at 0 iter: 

Vector u at 0 iter: 

Vector contents:
| 10602.9 |
| 2.43881 |
| -4.38702e-08 |
Vector v at 0 iter: 

Vector contents:
| 1 |
| 0.000230014 |
| -4.13757e-12 |
Q_tmp at 0 iter: 

[[cMatrix]]
| -1 | -0.000460028 | 8.27515e-12 | 
| -0.000460028 | 1 | 1.9034e-15 | 
| 8.27515e-12 | 1.9034e-15 | 1 | 
Q_heap(0)

[[cMatrix]]
| -1 | -0.000460028 | 8.27515e-12 | 
| -0.000460028 | 1 | 1.9034e-15 | 
| 8.27515e-12 | 1.9034e-15 | 1 | 
===========================QR SECTION==========================
Vector x at 1 iter: 

Vector contents:
| 904.906 |
| 7.07324e-06 |
Alpha 904.906 at 1 iter: 

Vector u at 1 iter: 

Vector contents:
| 1809.81 |
| 7.07324e-06 |
Vector v at 1 iter: 

Vector contents:
| 1 |
| 3.90827e-09 |
Q_tmp at 1 iter: 

[[cMatrix]]
| -1 | -7.81655e-09 | 
| -7.81655e-09 | 1 | 
Q_heap(1)

[[cMatrix]]
| 1 | 0 | 0 | 
| 0 | -1 | -7.81655e-09 | 
| 0 | -7.81655e-09 | 1 | 
===========================QR SECTION==========================
Vector x at 0 iter: 

Vector contents:
| 5301.44 |
| 0.416282 |
| 7.99035e-11 |
Alpha 5301.44 at 0 iter: 

Vector u at 0 iter: 

Vector contents:
| 10602.9 |
| 0.416282 |
| 7.99035e-11 |
Vector v at 0 iter: 

Vector contents:
| 1 |
| 3.92612e-05 |
| 7.53603e-15 |
Q_tmp at 0 iter: 

[[cMatrix]]
| -1 | -7.85225e-05 | -1.50721e-14 | 
| -7.85225e-05 | 1 | -5.91747e-19 | 
| -1.50721e-14 | -5.91747e-19 | 1 | 
Q_heap(0)

[[cMatrix]]
| -1 | -7.85225e-05 | -1.50721e-14 | 
| -7.85225e-05 | 1 | -5.91747e-19 | 
| -1.50721e-14 | -5.91747e-19 | 1 | 
===========================QR SECTION==========================
Vector x at 1 iter: 

Vector contents:
| 904.906 |
| -7.54754e-08 |
Alpha 904.906 at 1 iter: 

Vector u at 1 iter: 

Vector contents:
| 1809.81 |
| -7.54754e-08 |
Vector v at 1 iter: 

Vector contents:
| 1 |
| -4.17035e-11 |
Q_tmp at 1 iter: 

[[cMatrix]]
| -1 | 8.3407e-11 | 
| 8.3407e-11 | 1 | 
Q_heap(1)

[[cMatrix]]
| 1 | 0 | 0 | 
| 0 | -1 | 8.3407e-11 | 
| 0 | 8.3407e-11 | 1 | 
===========================QR SECTION==========================
Vector x at 0 iter: 

Vector contents:
| 5301.44 |
| 0.0710554 |
| -1.45533e-13 |
Alpha 5301.44 at 0 iter: 

Vector u at 0 iter: 

Vector contents:
| 10602.9 |
| 0.0710554 |
| -1.45533e-13 |
Vector v at 0 iter: 

Vector contents:
| 1 |
| 6.70152e-06 |
| -1.37258e-17 |
Q_tmp at 0 iter: 

[[cMatrix]]
| -1 | -1.3403e-05 | 2.74517e-17 | 
| -1.3403e-05 | 1 | 1.83968e-22 | 
| 2.74517e-17 | 1.83968e-22 | 1 | 
Q_heap(0)

[[cMatrix]]
| -1 | -1.3403e-05 | 2.74517e-17 | 
| -1.3403e-05 | 1 | 1.83968e-22 | 
| 2.74517e-17 | 1.83968e-22 | 1 | 
===========================QR SECTION==========================
Vector x at 1 iter: 

Vector contents:
| 904.906 |
| 8.05365e-10 |
Alpha 904.906 at 1 iter: 

Vector u at 1 iter: 

Vector contents:
| 1809.81 |
| 8.05365e-10 |
Vector v at 1 iter: 

Vector contents:
| 1 |
| 4.44999e-13 |
Q_tmp at 1 iter: 

[[cMatrix]]
| -1 | -8.89999e-13 | 
| -8.89999e-13 | 1 | 
Q_heap(1)

[[cMatrix]]
| 1 | 0 | 0 | 
| 0 | -1 | -8.89999e-13 | 
| 0 | -8.89999e-13 | 1 | 
===========================EIGEN SECTION==========================
Eigenvalue matrix after 6 iterations of the QR algorithm
[[cMatrix]]
| 5301.44 | 0.0710554 | -1.45517e-13 | 
| 0.0710554 | 904.906 | 8.05365e-10 | 
| -1.45533e-13 | 8.05365e-10 | 9.65585 | 
Eigenvector matrix Q_0:
[[cMatrix]]
| -0.662276 | 0.338095 | 0.668642 | 
| -0.508123 | -0.858501 | -0.0691882 | 
| 0.550638 | -0.385574 | 0.740358 | 
Eigenvector matrix after multiplying by Q_1:
[[cMatrix]]
| 0.627475 | -0.393246 | 0.672036 | 
| 0.584985 | 0.807701 | -0.0735649 | 
| -0.513875 | 0.439291 | 0.736855 | 
Eigenvector matrix Q_1
[[cMatrix]]
| -0.995765 | 0.091916 | -0.00195259 | 
| -0.0919266 | -0.995746 | 0.00625555 | 
| -0.0013693 | 0.00640855 | 0.999979 | 
Number of iterations: 6
Eigenvector matrix after multiplying by Q_2:
[[cMatrix]]
| -0.621188 | 0.403056 | 0.672065 | 
| -0.597663 | -0.798361 | -0.0736183 | 
| 0.506878 | -0.447399 | 0.736823 | 
Eigenvector matrix Q_2
[[cMatrix]]
| -0.999875 | 0.0157864 | 3.57779e-06 | 
| -0.0157864 | -0.999875 | -6.85944e-05 | 
| 2.49448e-06 | -6.86423e-05 | 1 | 
Number of iterations: 6
Eigenvector matrix after multiplying by Q_3:
[[cMatrix]]
| 0.620099 | -0.404729 | 0.672065 | 
| 0.599812 | 0.796747 | -0.0736188 | 
| -0.50567 | 0.448764 | 0.736823 | 
Eigenvector matrix Q_3
[[cMatrix]]
| -0.999996 | 0.00269508 | -6.5176e-09 | 
| -0.00269508 | -0.999996 | 7.32517e-07 | 
| -4.54338e-09 | 7.32532e-07 | 1 | 
Number of iterations: 6
Eigenvector matrix after multiplying by Q_4:
[[cMatrix]]
| -0.619913 | 0.405014 | 0.672065 | 
| -0.600179 | -0.796471 | -0.0736188 | 
| 0.505464 | -0.448997 | 0.736823 | 
Eigenvector matrix Q_4
[[cMatrix]]
| -1 | 0.000460028 | 1.1871e-11 | 
| -0.000460028 | -1 | -7.81655e-09 | 
| 8.27515e-12 | -7.81655e-09 | 1 | 
Number of iterations: 6
Eigenvector matrix after multiplying by Q_5:
[[cMatrix]]
| 0.619881 | -0.405062 | 0.672065 | 
| 0.600241 | 0.796424 | -0.0736188 | 
| -0.505429 | 0.449036 | 0.736823 | 
Eigenvector matrix Q_5
[[cMatrix]]
| -1 | 7.85225e-05 | -2.16214e-14 | 
| -7.85225e-05 | -1 | 8.34069e-11 | 
| -1.50721e-14 | 8.3407e-11 | 1 | 
Number of iterations: 6
Eigenvector matrix after multiplying by Q_6:
[[cMatrix]]
| -0.619876 | 0.405071 | 0.672065 | 
| -0.600252 | -0.796416 | -0.0736188 | 
| 0.505423 | -0.449043 | 0.736823 | 
Eigenvector matrix Q_6
[[cMatrix]]
| -1 | 1.3403e-05 | 3.93804e-17 | 
| -1.3403e-05 | -1 | -8.89999e-13 | 
| 2.74517e-17 | -8.89999e-13 | 1 | 
Number of iterations: 6
===========================SVD SECTION==========================
A*A' = 
[[cMatrix]]
| 2189.89 | 1680.16 | -1820.75 | 
| 1680.16 | 2484.15 | -1285.26 | 
| -1820.75 | -1285.26 | 1541.97 | 

Eigenvectors of A*A' (U) = 

[[cMatrix]]
| -0.619876 | 0.405071 | 0.672065 | 
| -0.600252 | -0.796416 | -0.0736188 | 
| 0.505423 | -0.449043 | 0.736823 | 

Singular values of A'*A (S) = 

[[cMatrix]]
| 72.811 | 0 | 0 | 
| 0 | 30.0817 | 0 | 
| 0 | 0 | 3.10739 | 

Eigenvectors of A'*A (V) = 

[[cMatrix]]
| -0.746516 | -0.523105 | 0.411193 | 
| -0.557877 | 0.828875 | 0.0416419 | 
| -0.362612 | -0.198311 | -0.910597 | 


Q_U = 
[[cMatrix]]
| -1 | 1.3403e-05 | 3.93804e-17 | 
| -1.3403e-05 | -1 | -8.89999e-13 | 
| 2.74517e-17 | -8.89999e-13 | 1 | 
Q_U iter = 6
Q_V = 
[[cMatrix]]
| 0 | 0 | 0 | 0 | 
| 0 | 0 | 0 | 0 | 
| 0 | 0 | 0 | 0 | 
| 0 | 0 | 0 | 0 | 
Q_V iter = 2685004



Original matrix A = U*S*V' = 
[[cMatrix]]
| 28.1776 | 35.3661 | 12.0479 | 
| 45.0646 | 4.51467 | 20.8073 | 
| -19.4645 | -31.6311 | -12.7504 | 
===========================KABSCH SECTION==========================

Centroid of A = 
Vector contents:
| 5.66667 |
| 4.66667 |
| 6.33333 |

Centroid of B = 
Vector contents:
| 3.33767 |
| 5.99959 |
| -6.84579 |

A - centroidA =
[[cMatrix]]
| 2.33333 | 0.333333 | 0.333333 | -5.66667 | -0.666667 | 3.33333 | 
| -0.666667 | 3.33333 | 2.33333 | -1.66667 | -4.66667 | 1.33333 | 
| -0.333333 | -0.333333 | 0.666667 | -2.33333 | -0.333333 | 2.66667 | 

B - centroidB =
[[cMatrix]]
| 0.912948 | 2.69677 | 1.51967 | -3.07915 | -3.50688 | 1.45665 | 
| 2.01835 | -0.96383 | -0.19287 | -5.21404 | 0.82837 | 3.52402 | 
| 1.04537 | -1.7697 | -1.91139 | 1.91466 | 3.0576 | -2.33655 | 

H = 
[[cMatrix]]
| 28.1776 | 35.3661 | 12.0479 | 
| 45.0646 | 4.51467 | 20.8073 | 
| -19.4645 | -31.6311 | -12.7504 | 

Det of R = 1

Rotation matrix = 
[[cMatrix]]
| 0.527201 | 0.834435 | 0.160567 | 
| 0.709553 | -0.328328 | -0.623482 | 
| -0.467536 | 0.442633 | -0.765171 | 

R * B = 
[[cMatrix]]
| 8.00002 | 6.00001 | 6.00001 | 4.32032e-06 | 5.00002 | 9.00002 | 
| 3.99998 | 7.99998 | 6.99997 | 2.99998 | -7.7211e-06 | 5.99998 | 
| 6 | 6 | 7 | 4 | 6.00001 | 9.00001 | 

Translation matrix = 
Vector contents:
| -1.44158e-05 |
| 1.85504e-05 |
| -3.2562e-06 |

Result of the algorithm: 

R * B + t = A
[[cMatrix]]
| 8.00001 | 6 | 5.99999 | -1.00955e-05 | 5.00001 | 9.00001 | 
| 4 | 7.99999 | 6.99999 | 3 | 1.08293e-05 | 6 | 
| 6 | 5.99999 | 7 | 4 | 6 | 9.00001 | 

Original matrix A = 
[[cMatrix]]
| 8 | 6 | 6 | 0 | 5 | 9 | 
| 4 | 8 | 7 | 3 | 0 | 6 | 
| 6 | 6 | 7 | 4 | 6 | 9 | 

Transformed matrix B = 
[[cMatrix]]
| 4.25062 | 6.03444 | 4.85734 | 0.25852 | -0.16921 | 4.79432 | 
| 8.01794 | 5.03576 | 5.80672 | 0.78555 | 6.82796 | 9.52361 | 
| -5.80042 | -8.61549 | -8.75718 | -4.93113 | -3.78819 | -9.18234 | 
