
Original matrix A = 
[[cMatrix]]
| 9 | 3 | 2 | 4 | 6 | 5 | 2 | 4 | 5 | 0 | 6 | 4 | 5 | 2 | 1 | 
| 3 | 7 | 2 | 5 | 2 | 3 | 9 | 8 | 0 | 3 | 3 | 6 | 5 | 4 | 6 | 
| 4 | 5 | 6 | 2 | 1 | 3 | 4 | 2 | 8 | 9 | 0 | 9 | 5 | 4 | 5 | 

Transformed matrix B = 
[[cMatrix]]
| 3.28916 | -1.06656 | -2.9366 | 1.63733 | 3.42906 | 1.37413 | -0.80336 | 1.91577 | -2.61317 | -6.3975 | 4.26364 | -3.46225 | 0.07622 | -1.26743 | -2.48777 | 
| -0.99069 | 4.53298 | 0.06559 | 2.90515 | -0.35207 | 0.53718 | 6.90095 | 5.67599 | -3.15883 | 1.10552 | 0.75658 | 2.53352 | 2.01434 | 2.28289 | 4.28079 | 
| 9.70567 | 7.83036 | 5.94744 | 5.82059 | 5.39607 | 6.3893 | 7.26164 | 6.93635 | 8.49665 | 6.91736 | 5.12337 | 10.7049 | 8.42239 | 5.40204 | 6.12257 | 
===========================QR SECTION==========================
Vector x at 0 iter: 

Vector contents:
| 16016.1 |
| -1406.34 |
| -2728.73 |
Alpha 16307.7 at 0 iter: 

Vector u at 0 iter: 

Vector contents:
| 32323.8 |
| -1406.34 |
| -2728.73 |
Vector v at 0 iter: 

Vector contents:
| 0.995521 |
| -0.043313 |
| -0.0840404 |
Q_tmp at 0 iter: 

[[cMatrix]]
| -0.982122 | 0.0862379 | 0.167328 | 
| 0.0862379 | 0.996248 | -0.00728008 | 
| 0.167328 | -0.00728008 | 0.985874 | 
Q_heap(0)

[[cMatrix]]
| -0.982122 | 0.0862379 | 0.167328 | 
| 0.0862379 | 0.996248 | -0.00728008 | 
| 0.167328 | -0.00728008 | 0.985874 | 
===========================QR SECTION==========================
Vector x at 1 iter: 

Vector contents:
| 9833.84 |
| -875.093 |
Alpha 9872.7 at 1 iter: 

Vector u at 1 iter: 

Vector contents:
| 19706.5 |
| -875.093 |
Vector v at 1 iter: 

Vector contents:
| 0.999015 |
| -0.0443625 |
Q_tmp at 1 iter: 

[[cMatrix]]
| -0.996064 | 0.0886376 | 
| 0.0886376 | 0.996064 | 
Q_heap(1)

[[cMatrix]]
| 1 | 0 | 0 | 
| 0 | -0.996064 | 0.0886376 | 
| 0 | 0.0886376 | 0.996064 | 
===========================QR SECTION==========================
Vector x at 0 iter: 

Vector contents:
| 16690.9 |
| -695.335 |
| 203.465 |
Alpha 16706.7 at 0 iter: 

Vector u at 0 iter: 

Vector contents:
| 33397.6 |
| -695.335 |
| 203.465 |
Vector v at 0 iter: 

Vector contents:
| 0.999765 |
| -0.020815 |
| 0.00609077 |
Q_tmp at 0 iter: 

[[cMatrix]]
| -0.999059 | 0.0416203 | -0.0121787 | 
| 0.0416203 | 0.999133 | 0.000253559 | 
| -0.0121787 | 0.000253559 | 0.999926 | 
Q_heap(0)

[[cMatrix]]
| -0.999059 | 0.0416203 | -0.0121787 | 
| 0.0416203 | 0.999133 | 0.000253559 | 
| -0.0121787 | 0.000253559 | 0.999926 | 
===========================QR SECTION==========================
Vector x at 1 iter: 

Vector contents:
| 9854.1 |
| 126.043 |
Alpha 9854.9 at 1 iter: 

Vector u at 1 iter: 

Vector contents:
| 19709 |
| 126.043 |
Vector v at 1 iter: 

Vector contents:
| 0.99998 |
| 0.00639508 |
Q_tmp at 1 iter: 

[[cMatrix]]
| -0.999918 | -0.0127899 | 
| -0.0127899 | 0.999918 | 
Q_heap(1)

[[cMatrix]]
| 1 | 0 | 0 | 
| 0 | -0.999918 | -0.0127899 | 
| 0 | -0.0127899 | 0.999918 | 
===========================QR SECTION==========================
Vector x at 0 iter: 

Vector contents:
| 16739.5 |
| -408.471 |
| -14.4813 |
Alpha 16744.5 at 0 iter: 

Vector u at 0 iter: 

Vector contents:
| 33484 |
| -408.471 |
| -14.4813 |
Vector v at 0 iter: 

Vector contents:
| 0.999926 |
| -0.0121981 |
| -0.000432451 |
Q_tmp at 0 iter: 

[[cMatrix]]
| -0.999702 | 0.0243943 | 0.000864838 | 
| 0.0243943 | 0.999702 | -1.05501e-05 | 
| 0.000864838 | -1.05501e-05 | 1 | 
Q_heap(0)

[[cMatrix]]
| -0.999702 | 0.0243943 | 0.000864838 | 
| 0.0243943 | 0.999702 | -1.05501e-05 | 
| 0.000864838 | -1.05501e-05 | 1 | 
===========================QR SECTION==========================
Vector x at 1 iter: 

Vector contents:
| 9834.51 |
| -15.9656 |
Alpha 9834.52 at 1 iter: 

Vector u at 1 iter: 

Vector contents:
| 19669 |
| -15.9656 |
Vector v at 1 iter: 

Vector contents:
| 1 |
| -0.000811711 |
Q_tmp at 1 iter: 

[[cMatrix]]
| -0.999999 | 0.00162342 | 
| 0.00162342 | 0.999999 | 
Q_heap(1)

[[cMatrix]]
| 1 | 0 | 0 | 
| 0 | -0.999999 | 0.00162342 | 
| 0 | 0.00162342 | 0.999999 | 
===========================QR SECTION==========================
Vector x at 0 iter: 

Vector contents:
| 16755.4 |
| -239.891 |
| 1.02815 |
Alpha 16757.1 at 0 iter: 

Vector u at 0 iter: 

Vector contents:
| 33512.4 |
| -239.891 |
| 1.02815 |
Vector v at 0 iter: 

Vector contents:
| 0.999974 |
| -0.00715809 |
| 3.0679e-05 |
Q_tmp at 0 iter: 

[[cMatrix]]
| -0.999898 | 0.0143158 | -6.13563e-05 | 
| 0.0143158 | 0.999898 | 4.39205e-07 | 
| -6.13563e-05 | 4.39205e-07 | 1 | 
Q_heap(0)

[[cMatrix]]
| -0.999898 | 0.0143158 | -6.13563e-05 | 
| 0.0143158 | 0.999898 | 4.39205e-07 | 
| -6.13563e-05 | 4.39205e-07 | 1 | 
===========================QR SECTION==========================
Vector x at 1 iter: 

Vector contents:
| 9827.17 |
| 1.96157 |
Alpha 9827.17 at 1 iter: 

Vector u at 1 iter: 

Vector contents:
| 19654.3 |
| 1.96157 |
Vector v at 1 iter: 

Vector contents:
| 1 |
| 9.98032e-05 |
Q_tmp at 1 iter: 

[[cMatrix]]
| -1 | -0.000199606 | 
| -0.000199606 | 1 | 
Q_heap(1)

[[cMatrix]]
| 1 | 0 | 0 | 
| 0 | -1 | -0.000199606 | 
| 0 | -0.000199606 | 1 | 
===========================QR SECTION==========================
Vector x at 0 iter: 

Vector contents:
| 16760.8 |
| -140.684 |
| -0.0729427 |
Alpha 16761.4 at 0 iter: 

Vector u at 0 iter: 

Vector contents:
| 33522.2 |
| -140.684 |
| -0.0729427 |
Vector v at 0 iter: 

Vector contents:
| 0.999991 |
| -0.00419669 |
| -2.17593e-06 |
Q_tmp at 0 iter: 

[[cMatrix]]
| -0.999965 | 0.00839331 | 4.35183e-06 | 
| 0.00839331 | 0.999965 | -1.82634e-08 | 
| 4.35183e-06 | -1.82634e-08 | 1 | 
Q_heap(0)

[[cMatrix]]
| -0.999965 | 0.00839331 | 4.35183e-06 | 
| 0.00839331 | 0.999965 | -1.82634e-08 | 
| 4.35183e-06 | -1.82634e-08 | 1 | 
===========================QR SECTION==========================
Vector x at 1 iter: 

Vector contents:
| 9824.63 |
| -0.238613 |
Alpha 9824.63 at 1 iter: 

Vector u at 1 iter: 

Vector contents:
| 19649.3 |
| -0.238613 |
Vector v at 1 iter: 

Vector contents:
| 1 |
| -1.21436e-05 |
Q_tmp at 1 iter: 

[[cMatrix]]
| -1 | 2.42872e-05 | 
| 2.42872e-05 | 1 | 
Q_heap(1)

[[cMatrix]]
| 1 | 0 | 0 | 
| 0 | -1 | 2.42872e-05 | 
| 0 | 2.42872e-05 | 1 | 
===========================QR SECTION==========================
Vector x at 0 iter: 

Vector contents:
| 16762.7 |
| -82.4612 |
| 0.00517361 |
Alpha 16762.9 at 0 iter: 

Vector u at 0 iter: 

Vector contents:
| 33525.6 |
| -82.4612 |
| 0.00517361 |
Vector v at 0 iter: 

Vector contents:
| 0.999997 |
| -0.00245964 |
| 1.54318e-07 |
Q_tmp at 0 iter: 

[[cMatrix]]
| -0.999988 | 0.00491927 | -3.08635e-07 | 
| 0.00491927 | 0.999988 | 7.59134e-10 | 
| -3.08635e-07 | 7.59134e-10 | 1 | 
Q_heap(0)

[[cMatrix]]
| -0.999988 | 0.00491927 | -3.08635e-07 | 
| 0.00491927 | 0.999988 | 7.59134e-10 | 
| -3.08635e-07 | 7.59134e-10 | 1 | 
===========================QR SECTION==========================
Vector x at 1 iter: 

Vector contents:
| 9823.76 |
| 0.0289282 |
Alpha 9823.76 at 1 iter: 

Vector u at 1 iter: 

Vector contents:
| 19647.5 |
| 0.0289282 |
Vector v at 1 iter: 

Vector contents:
| 1 |
| 1.47236e-06 |
Q_tmp at 1 iter: 

[[cMatrix]]
| -1 | -2.94472e-06 | 
| -2.94472e-06 | 1 | 
Q_heap(1)

[[cMatrix]]
| 1 | 0 | 0 | 
| 0 | -1 | -2.94472e-06 | 
| 0 | -2.94472e-06 | 1 | 
===========================QR SECTION==========================
Vector x at 0 iter: 

Vector contents:
| 16763.3 |
| -48.3258 |
| -0.000366916 |
Alpha 16763.4 at 0 iter: 

Vector u at 0 iter: 

Vector contents:
| 33526.7 |
| -48.3258 |
| -0.000366916 |
Vector v at 0 iter: 

Vector contents:
| 0.999999 |
| -0.00144141 |
| -1.0944e-08 |
Q_tmp at 0 iter: 

[[cMatrix]]
| -0.999996 | 0.00288282 | 2.1888e-08 | 
| 0.00288282 | 0.999996 | -3.15495e-11 | 
| 2.1888e-08 | -3.15495e-11 | 1 | 
Q_heap(0)

[[cMatrix]]
| -0.999996 | 0.00288282 | 2.1888e-08 | 
| 0.00288282 | 0.999996 | -3.15495e-11 | 
| 2.1888e-08 | -3.15495e-11 | 1 | 
===========================QR SECTION==========================
Vector x at 1 iter: 

Vector contents:
| 9823.46 |
| -0.00350306 |
Alpha 9823.46 at 1 iter: 

Vector u at 1 iter: 

Vector contents:
| 19646.9 |
| -0.00350306 |
Vector v at 1 iter: 

Vector contents:
| 1 |
| -1.783e-07 |
Q_tmp at 1 iter: 

[[cMatrix]]
| -1 | 3.56601e-07 | 
| 3.56601e-07 | 1 | 
Q_heap(1)

[[cMatrix]]
| 1 | 0 | 0 | 
| 0 | -1 | 3.56601e-07 | 
| 0 | 3.56601e-07 | 1 | 
===========================QR SECTION==========================
Vector x at 0 iter: 

Vector contents:
| 16763.5 |
| -28.3192 |
| 2.60212e-05 |
Alpha 16763.6 at 0 iter: 

Vector u at 0 iter: 

Vector contents:
| 33527.1 |
| -28.3192 |
| 2.60212e-05 |
Vector v at 0 iter: 

Vector contents:
| 1 |
| -0.000844666 |
| 7.76124e-10 |
Q_tmp at 0 iter: 

[[cMatrix]]
| -0.999999 | 0.00168933 | -1.55225e-09 | 
| 0.00168933 | 0.999999 | 1.31113e-12 | 
| -1.55225e-09 | 1.31113e-12 | 1 | 
Q_heap(0)

[[cMatrix]]
| -0.999999 | 0.00168933 | -1.55225e-09 | 
| 0.00168933 | 0.999999 | 1.31113e-12 | 
| -1.55225e-09 | 1.31113e-12 | 1 | 
===========================QR SECTION==========================
Vector x at 1 iter: 

Vector contents:
| 9823.36 |
| 0.000424035 |
Alpha 9823.36 at 1 iter: 

Vector u at 1 iter: 

Vector contents:
| 19646.7 |
| 0.000424035 |
Vector v at 1 iter: 

Vector contents:
| 1 |
| 2.1583e-08 |
Q_tmp at 1 iter: 

[[cMatrix]]
| -1 | -4.31659e-08 | 
| -4.31659e-08 | 1 | 
Q_heap(1)

[[cMatrix]]
| 1 | 0 | 0 | 
| 0 | -1 | -4.31659e-08 | 
| 0 | -4.31659e-08 | 1 | 
===========================QR SECTION==========================
Vector x at 0 iter: 

Vector contents:
| 16763.6 |
| -16.5949 |
| -1.84537e-06 |
Alpha 16763.6 at 0 iter: 

Vector u at 0 iter: 

Vector contents:
| 33527.3 |
| -16.5949 |
| -1.84537e-06 |
Vector v at 0 iter: 

Vector contents:
| 1 |
| -0.000494968 |
| -5.50409e-11 |
Q_tmp at 0 iter: 

[[cMatrix]]
| -1 | 0.000989936 | 1.10082e-10 | 
| 0.000989936 | 1 | -5.44869e-14 | 
| 1.10082e-10 | -5.44869e-14 | 1 | 
Q_heap(0)

[[cMatrix]]
| -1 | 0.000989936 | 1.10082e-10 | 
| 0.000989936 | 1 | -5.44869e-14 | 
| 1.10082e-10 | -5.44869e-14 | 1 | 
===========================QR SECTION==========================
Vector x at 1 iter: 

Vector contents:
| 9823.33 |
| -5.13212e-05 |
Alpha 9823.33 at 1 iter: 

Vector u at 1 iter: 

Vector contents:
| 19646.7 |
| -5.13212e-05 |
Vector v at 1 iter: 

Vector contents:
| 1 |
| -2.61221e-09 |
Q_tmp at 1 iter: 

[[cMatrix]]
| -1 | 5.22442e-09 | 
| 5.22442e-09 | 1 | 
Q_heap(1)

[[cMatrix]]
| 1 | 0 | 0 | 
| 0 | -1 | 5.22442e-09 | 
| 0 | 5.22442e-09 | 1 | 
===========================QR SECTION==========================
Vector x at 0 iter: 

Vector contents:
| 16763.6 |
| -9.72446 |
| 1.30869e-07 |
Alpha 16763.7 at 0 iter: 

Vector u at 0 iter: 

Vector contents:
| 33527.3 |
| -9.72446 |
| 1.30869e-07 |
Vector v at 0 iter: 

Vector contents:
| 1 |
| -0.000290046 |
| 3.90336e-12 |
Q_tmp at 0 iter: 

[[cMatrix]]
| -1 | 0.000580092 | -7.80672e-12 | 
| 0.000580092 | 1 | 2.26431e-15 | 
| -7.80672e-12 | 2.26431e-15 | 1 | 
Q_heap(0)

[[cMatrix]]
| -1 | 0.000580092 | -7.80672e-12 | 
| 0.000580092 | 1 | 2.26431e-15 | 
| -7.80672e-12 | 2.26431e-15 | 1 | 
===========================QR SECTION==========================
Vector x at 1 iter: 

Vector contents:
| 9823.31 |
| 6.21115e-06 |
Alpha 9823.31 at 1 iter: 

Vector u at 1 iter: 

Vector contents:
| 19646.6 |
| 6.21115e-06 |
Vector v at 1 iter: 

Vector contents:
| 1 |
| 3.16143e-10 |
Q_tmp at 1 iter: 

[[cMatrix]]
| -1 | -6.32286e-10 | 
| -6.32286e-10 | 1 | 
Q_heap(1)

[[cMatrix]]
| 1 | 0 | 0 | 
| 0 | -1 | -6.32286e-10 | 
| 0 | -6.32286e-10 | 1 | 
===========================QR SECTION==========================
Vector x at 0 iter: 

Vector contents:
| 16763.7 |
| -5.69843 |
| -9.28092e-09 |
Alpha 16763.7 at 0 iter: 

Vector u at 0 iter: 

Vector contents:
| 33527.3 |
| -5.69843 |
| -9.28092e-09 |
Vector v at 0 iter: 

Vector contents:
| 1 |
| -0.000169964 |
| -2.76817e-13 |
Q_tmp at 0 iter: 

[[cMatrix]]
| -1 | 0.000339928 | 5.53633e-13 | 
| 0.000339928 | 1 | -9.40976e-17 | 
| 5.53633e-13 | -9.40976e-17 | 1 | 
Q_heap(0)

[[cMatrix]]
| -1 | 0.000339928 | 5.53633e-13 | 
| 0.000339928 | 1 | -9.40976e-17 | 
| 5.53633e-13 | -9.40976e-17 | 1 | 
===========================QR SECTION==========================
Vector x at 1 iter: 

Vector contents:
| 9823.31 |
| -7.51692e-07 |
Alpha 9823.31 at 1 iter: 

Vector u at 1 iter: 

Vector contents:
| 19646.6 |
| -7.51692e-07 |
Vector v at 1 iter: 

Vector contents:
| 1 |
| -3.82606e-11 |
Q_tmp at 1 iter: 

[[cMatrix]]
| -1 | 7.65213e-11 | 
| 7.65213e-11 | 1 | 
Q_heap(1)

[[cMatrix]]
| 1 | 0 | 0 | 
| 0 | -1 | 7.65213e-11 | 
| 0 | 7.65213e-11 | 1 | 
===========================QR SECTION==========================
Vector x at 0 iter: 

Vector contents:
| 16763.7 |
| -3.33921 |
| 6.5818e-10 |
Alpha 16763.7 at 0 iter: 

Vector u at 0 iter: 

Vector contents:
| 33527.3 |
| -3.33921 |
| 6.5818e-10 |
Vector v at 0 iter: 

Vector contents:
| 1 |
| -9.95968e-05 |
| 1.96311e-14 |
Q_tmp at 0 iter: 

[[cMatrix]]
| -1 | 0.000199194 | -3.92623e-14 | 
| 0.000199194 | 1 | 3.9104e-18 | 
| -3.92623e-14 | 3.9104e-18 | 1 | 
Q_heap(0)

[[cMatrix]]
| -1 | 0.000199194 | -3.92623e-14 | 
| 0.000199194 | 1 | 3.9104e-18 | 
| -3.92623e-14 | 3.9104e-18 | 1 | 
===========================QR SECTION==========================
Vector x at 1 iter: 

Vector contents:
| 9823.31 |
| 9.09716e-08 |
Alpha 9823.31 at 1 iter: 

Vector u at 1 iter: 

Vector contents:
| 19646.6 |
| 9.09716e-08 |
Vector v at 1 iter: 

Vector contents:
| 1 |
| 4.63039e-12 |
Q_tmp at 1 iter: 

[[cMatrix]]
| -1 | -9.26079e-12 | 
| -9.26079e-12 | 1 | 
Q_heap(1)

[[cMatrix]]
| 1 | 0 | 0 | 
| 0 | -1 | -9.26079e-12 | 
| 0 | -9.26079e-12 | 1 | 
===========================QR SECTION==========================
Vector x at 0 iter: 

Vector contents:
| 16763.7 |
| -1.95674 |
| -4.66765e-11 |
Alpha 16763.7 at 0 iter: 

Vector u at 0 iter: 

Vector contents:
| 33527.3 |
| -1.95674 |
| -4.66765e-11 |
Vector v at 0 iter: 

Vector contents:
| 1 |
| -5.83625e-05 |
| -1.39219e-15 |
Q_tmp at 0 iter: 

[[cMatrix]]
| -1 | 0.000116725 | 2.78438e-15 | 
| 0.000116725 | 1 | -1.62504e-19 | 
| 2.78438e-15 | -1.62504e-19 | 1 | 
Q_heap(0)

[[cMatrix]]
| -1 | 0.000116725 | 2.78438e-15 | 
| 0.000116725 | 1 | -1.62504e-19 | 
| 2.78438e-15 | -1.62504e-19 | 1 | 
===========================QR SECTION==========================
Vector x at 1 iter: 

Vector contents:
| 9823.31 |
| -1.10096e-08 |
Alpha 9823.31 at 1 iter: 

Vector u at 1 iter: 

Vector contents:
| 19646.6 |
| -1.10096e-08 |
Vector v at 1 iter: 

Vector contents:
| 1 |
| -5.6038e-13 |
Q_tmp at 1 iter: 

[[cMatrix]]
| -1 | 1.12076e-12 | 
| 1.12076e-12 | 1 | 
Q_heap(1)

[[cMatrix]]
| 1 | 0 | 0 | 
| 0 | -1 | 1.12076e-12 | 
| 0 | 1.12076e-12 | 1 | 
===========================EIGEN SECTION==========================
Eigenvalue matrix after 12 iterations of the QR algorithm
[[cMatrix]]
| 16763.7 | -1.95674 | -4.66762e-11 | 
| -1.95674 | 9823.31 | -1.10096e-08 | 
| -4.66765e-11 | -1.10096e-08 | 1188.84 | 
Eigenvector matrix Q_0:
[[cMatrix]]
| -0.982122 | -0.0710669 | 0.174313 | 
| 0.0862379 | -0.992972 | 0.0810536 | 
| 0.167328 | 0.094637 | 0.981349 | 
Eigenvector matrix after multiplying by Q_1:
[[cMatrix]]
| 0.976118 | 0.109446 | 0.187658 | 
| -0.128472 | 0.987401 | 0.0923819 | 
| -0.175183 | -0.114284 | 0.97788 | 
Eigenvector matrix Q_1
[[cMatrix]]
| -0.999059 | -0.0414611 | -0.01271 | 
| 0.0416203 | -0.999055 | -0.0125253 | 
| -0.0121787 | -0.0130425 | 0.999841 | 
Number of iterations: 12
Eigenvector matrix after multiplying by Q_2:
[[cMatrix]]
| -0.972995 | -0.132917 | 0.188717 | 
| 0.1526 | -0.983821 | 0.0938576 | 
| 0.173189 | 0.120121 | 0.977536 | 
Eigenvector matrix Q_2
[[cMatrix]]
| -0.999702 | -0.0243929 | 0.000904439 | 
| 0.0243943 | -0.999701 | 0.00161239 | 
| 0.000864838 | 0.00163397 | 0.999998 | 
Number of iterations: 12
Eigenvector matrix after multiplying by Q_3:
[[cMatrix]]
| 0.970981 | 0.146795 | 0.188806 | 
| -0.166675 | 0.981517 | 0.0940438 | 
| -0.171511 | -0.122784 | 0.977501 | 
Eigenvector matrix Q_3
[[cMatrix]]
| -0.999898 | -0.0143158 | -6.42139e-05 | 
| 0.0143158 | -0.999898 | -0.000199147 | 
| -6.13563e-05 | -0.000200046 | 1 | 
Number of iterations: 12
Eigenvector matrix after multiplying by Q_4:
[[cMatrix]]
| -0.969714 | -0.154935 | 0.188814 | 
| 0.174907 | -0.980081 | 0.0940668 | 
| 0.170479 | 0.124243 | 0.977497 | 
Eigenvector matrix Q_4
[[cMatrix]]
| -0.999965 | -0.00839331 | 4.55568e-06 | 
| 0.00839331 | -0.999965 | 2.42681e-05 | 
| 4.35183e-06 | 2.43055e-05 | 1 | 
Number of iterations: 12
Eigenvector matrix after multiplying by Q_5:
[[cMatrix]]
| 0.96894 | 0.159703 | 0.188815 | 
| -0.179726 | 0.979209 | 0.0940696 | 
| -0.169866 | -0.125083 | 0.977497 | 
Eigenvector matrix Q_5
[[cMatrix]]
| -0.999988 | -0.00491927 | -3.23121e-07 | 
| 0.00491927 | -0.999988 | -2.94392e-06 | 
| -3.08635e-07 | -2.94547e-06 | 1 | 
Number of iterations: 12
Eigenvector matrix after multiplying by Q_6:
[[cMatrix]]
| -0.968475 | -0.162495 | 0.188815 | 
| 0.182549 | -0.978686 | 0.09407 | 
| 0.169505 | 0.125572 | 0.977497 | 
Eigenvector matrix Q_6
[[cMatrix]]
| -0.999996 | -0.00288282 | 2.2916e-08 | 
| 0.00288282 | -0.999996 | 3.56568e-07 | 
| 2.1888e-08 | 3.56632e-07 | 1 | 
Number of iterations: 12
Eigenvector matrix after multiplying by Q_7:
[[cMatrix]]
| 0.968199 | 0.164131 | 0.188815 | 
| -0.184202 | 0.978377 | 0.09407 | 
| -0.169292 | -0.125859 | 0.977497 | 
Eigenvector matrix Q_7
[[cMatrix]]
| -0.999999 | -0.00168933 | -1.62517e-09 | 
| 0.00168933 | -0.999999 | -4.31646e-08 | 
| -1.55225e-09 | -4.31673e-08 | 1 | 
Number of iterations: 12
Eigenvector matrix after multiplying by Q_8:
[[cMatrix]]
| -0.968036 | -0.16509 | 0.188815 | 
| 0.18517 | -0.978194 | 0.09407 | 
| 0.169168 | 0.126026 | 0.977497 | 
Eigenvector matrix Q_8
[[cMatrix]]
| -1 | -0.000989936 | 1.15254e-10 | 
| 0.000989936 | -1 | 5.22436e-09 | 
| 1.10082e-10 | 5.22447e-09 | 1 | 
Number of iterations: 12
Eigenvector matrix after multiplying by Q_9:
[[cMatrix]]
| 0.96794 | 0.165651 | 0.188815 | 
| -0.185738 | 0.978086 | 0.09407 | 
| -0.169095 | -0.126124 | 0.977497 | 
Eigenvector matrix Q_9
[[cMatrix]]
| -1 | -0.000580092 | -8.17351e-12 | 
| 0.000580092 | -1 | -6.32284e-10 | 
| -7.80672e-12 | -6.32289e-10 | 1 | 
Number of iterations: 12
Eigenvector matrix after multiplying by Q_10:
[[cMatrix]]
| -0.967884 | -0.16598 | 0.188815 | 
| 0.18607 | -0.978023 | 0.09407 | 
| 0.169052 | 0.126182 | 0.977497 | 
Eigenvector matrix Q_10
[[cMatrix]]
| -1 | -0.000339928 | 5.79645e-13 | 
| 0.000339928 | -1 | 7.65212e-11 | 
| 5.53633e-13 | 7.65213e-11 | 1 | 
Number of iterations: 12
Eigenvector matrix after multiplying by Q_11:
[[cMatrix]]
| 0.967851 | 0.166173 | 0.188815 | 
| -0.186265 | 0.977986 | 0.09407 | 
| -0.169027 | -0.126215 | 0.977497 | 
Eigenvector matrix Q_11
[[cMatrix]]
| -1 | -0.000199194 | -4.1107e-14 | 
| 0.000199194 | -1 | -9.26078e-12 | 
| -3.92623e-14 | -9.26079e-12 | 1 | 
Number of iterations: 12
Eigenvector matrix after multiplying by Q_12:
[[cMatrix]]
| -0.967832 | -0.166286 | 0.188815 | 
| 0.186379 | -0.977964 | 0.09407 | 
| 0.169012 | 0.126235 | 0.977497 | 
Eigenvector matrix Q_12
[[cMatrix]]
| -1 | -0.000116725 | 2.9152e-15 | 
| 0.000116725 | -1 | 1.12076e-12 | 
| 2.78438e-15 | 1.12076e-12 | 1 | 
Number of iterations: 12
===========================SVD SECTION==========================
A*A' = 
[[cMatrix]]
| 16016.1 | -1406.34 | -2728.73 | 
| -1406.34 | 9988.41 | -575.181 | 
| -2728.73 | -575.181 | 1771.28 | 

Eigenvectors of A*A' (U) = 

[[cMatrix]]
| -0.967832 | -0.166286 | 0.188815 | 
| 0.186379 | -0.977964 | 0.09407 | 
| 0.169012 | 0.126235 | 0.977497 | 

Singular values of A'*A (S) = 

[[cMatrix]]
| 129.475 | 0 | 0 | 
| 0 | 99.1126 | 0 | 
| 0 | 0 | 34.4795 | 

Eigenvectors of A'*A (V) = 

[[cMatrix]]
| -0.592526 | 0.302212 | 0.746735 | 
| 0.145206 | -0.871752 | 0.46796 | 
| 0.792356 | 0.385638 | 0.472652 | 


Q_U = 
[[cMatrix]]
| -1 | -0.000116725 | 2.9152e-15 | 
| 0.000116725 | -1 | 1.12076e-12 | 
| 2.78438e-15 | 1.12076e-12 | 1 | 
Q_U iter = 12
Q_V = 
[[cMatrix]]
| 0 | 0 | 0 | 0 | 
| 0 | 0 | 0 | 0 | 
| 0 | 0 | 0 | 0 | 
| 0 | 0 | 0 | 0 | 
Q_V iter = 2685004



Original matrix A = U*S*V' = 
[[cMatrix]]
| 74.1298 | -0.781828 | -102.568 | 
| -41.1694 | 89.5195 | -16.7257 | 
| 15.9827 | 8.04254 | 38.0939 | 
===========================KABSCH SECTION==========================

Centroid of A = 
Vector contents:
| 3.86667 |
| 4.4 |
| 4.46667 |

Centroid of B = 
Vector contents:
| -0.336622 |
| 1.93933 |
| 7.09844 |

A - centroidA =
[[cMatrix]]
| 5.13333 | -0.866667 | -1.86667 | 0.133333 | 2.13333 | 1.13333 | -1.86667 | 0.133333 | 1.13333 | -3.86667 | 2.13333 | 0.133333 | 1.13333 | -1.86667 | -2.86667 | 
| -1.4 | 2.6 | -2.4 | 0.6 | -2.4 | -1.4 | 4.6 | 3.6 | -4.4 | -1.4 | -1.4 | 1.6 | 0.6 | -0.4 | 1.6 | 
| -0.466667 | 0.533333 | 1.53333 | -2.46667 | -3.46667 | -1.46667 | -0.466667 | -2.46667 | 3.53333 | 4.53333 | -4.46667 | 4.53333 | 0.533333 | -0.466667 | 0.533333 | 

B - centroidB =
[[cMatrix]]
| 3.62578 | -0.729938 | -2.59998 | 1.97395 | 3.76568 | 1.71075 | -0.466738 | 2.25239 | -2.27655 | -6.06088 | 4.60026 | -3.12563 | 0.412842 | -0.930808 | -2.15115 | 
| -2.93002 | 2.59365 | -1.87374 | 0.965824 | -2.2914 | -1.40215 | 4.96162 | 3.73666 | -5.09816 | -0.833806 | -1.18275 | 0.594194 | 0.075014 | 0.343564 | 2.34146 | 
| 2.60723 | 0.731916 | -1.151 | -1.27785 | -1.70237 | -0.709144 | 0.163196 | -0.162094 | 1.39821 | -0.181084 | -1.97507 | 3.60642 | 1.32395 | -1.6964 | -0.975874 | 

H = 
[[cMatrix]]
| 74.1298 | -0.781828 | -102.568 | 
| -41.1694 | 89.5195 | -16.7257 | 
| 15.9827 | 8.04254 | 38.0939 | 

Det of R = 1

Rotation matrix = 
[[cMatrix]]
| 0.664206 | -0.335741 | 0.667937 | 
| 0.0927828 | 0.923626 | 0.371925 | 
| -0.74175 | -0.184999 | 0.644615 | 

R * B = 
[[cMatrix]]
| 9.00007 | 2.99986 | 1.99999 | 3.99993 | 6.00004 | 5 | 1.99979 | 3.99985 | 5.00009 | -6.73974e-05 | 6.00001 | 3.99992 | 4.99995 | 1.99993 | 0.999861 | 
| 2.99993 | 7.00013 | 2.00012 | 5.00001 | 1.99991 | 2.99999 | 9.00015 | 8.00005 | 8.26006e-05 | 3.00025 | 2.9999 | 6.0002 | 5.00007 | 4.0001 | 6.00017 | 
| 3.99996 | 5.00009 | 5.99989 | 2.0001 | 1.00001 | 3 | 4.00018 | 2.0002 | 7.99976 | 8.99986 | 7.85171e-05 | 8.99993 | 5.00001 | 4.00002 | 5.00006 | 

Translation matrix = 
Vector contents:
| 5.16272e-05 |
| -7.00502e-05 |
| -9.63348e-06 |

Result of the algorithm: 

R * B + t = A
[[cMatrix]]
| 9.00012 | 2.99991 | 2.00004 | 3.99998 | 6.00009 | 5.00005 | 1.99984 | 3.9999 | 5.00014 | -1.57702e-05 | 6.00006 | 3.99997 | 5.00001 | 1.99998 | 0.999912 | 
| 2.99986 | 7.00006 | 2.00005 | 4.99994 | 1.99984 | 2.99992 | 9.00008 | 7.99998 | 1.25503e-05 | 3.00018 | 2.99983 | 6.00013 | 5 | 4.00003 | 6.0001 | 
| 3.99995 | 5.00008 | 5.99989 | 2.00009 | 1 | 2.99999 | 4.00017 | 2.00019 | 7.99975 | 8.99985 | 6.88836e-05 | 8.99992 | 5 | 4.00001 | 5.00005 | 

Original matrix A = 
[[cMatrix]]
| 9 | 3 | 2 | 4 | 6 | 5 | 2 | 4 | 5 | 0 | 6 | 4 | 5 | 2 | 1 | 
| 3 | 7 | 2 | 5 | 2 | 3 | 9 | 8 | 0 | 3 | 3 | 6 | 5 | 4 | 6 | 
| 4 | 5 | 6 | 2 | 1 | 3 | 4 | 2 | 8 | 9 | 0 | 9 | 5 | 4 | 5 | 

Transformed matrix B = 
[[cMatrix]]
| 3.28916 | -1.06656 | -2.9366 | 1.63733 | 3.42906 | 1.37413 | -0.80336 | 1.91577 | -2.61317 | -6.3975 | 4.26364 | -3.46225 | 0.07622 | -1.26743 | -2.48777 | 
| -0.99069 | 4.53298 | 0.06559 | 2.90515 | -0.35207 | 0.53718 | 6.90095 | 5.67599 | -3.15883 | 1.10552 | 0.75658 | 2.53352 | 2.01434 | 2.28289 | 4.28079 | 
| 9.70567 | 7.83036 | 5.94744 | 5.82059 | 5.39607 | 6.3893 | 7.26164 | 6.93635 | 8.49665 | 6.91736 | 5.12337 | 10.7049 | 8.42239 | 5.40204 | 6.12257 | 
