
Original matrix A = 
[[cMatrix]]
| 5 | 1 | 7 | 4 | 4 | 5 | 1 | 
| 8 | 0 | 1 | 4 | 3 | 3 | 1 | 
| 7 | 8 | 5 | 4 | 1 | 8 | 5 | 

Transformed matrix B = 
[[cMatrix]]
| 6.18375 | 5.63966 | 0.78885 | 2.73483 | 0.02424 | 4.89724 | 3.75033 | 
| -9.97453 | -2.34509 | -7.07386 | -6.26675 | -5.09893 | -7.2494 | -2.34517 | 
| 0.51963 | 5.26258 | 4.93338 | 1.11739 | -0.01789 | 4.63284 | 2.72675 | 
===========================QR SECTION==========================
Vector x at 0 iter: 

Vector contents:
| 1202.31 |
| -206.522 |
| 403.224 |
Alpha 1284.83 at 0 iter: 

Vector u at 0 iter: 

Vector contents:
| 2487.13 |
| -206.522 |
| 403.224 |
Vector v at 0 iter: 

Vector contents:
| 0.983812 |
| -0.0816921 |
| 0.159499 |
Q_tmp at 0 iter: 

[[cMatrix]]
| -0.935773 | 0.160739 | -0.313835 | 
| 0.160739 | 0.986653 | 0.0260597 | 
| -0.313835 | 0.0260597 | 0.94912 | 
Q_heap(0)

[[cMatrix]]
| -0.935773 | 0.160739 | -0.313835 | 
| 0.160739 | 0.986653 | 0.0260597 | 
| -0.313835 | 0.0260597 | 0.94912 | 
===========================QR SECTION==========================
Vector x at 1 iter: 

Vector contents:
| 2187.95 |
| 905.22 |
Alpha 2367.82 at 1 iter: 

Vector u at 1 iter: 

Vector contents:
| 4555.77 |
| 905.22 |
Vector v at 1 iter: 

Vector contents:
| 0.980826 |
| 0.194888 |
Q_tmp at 1 iter: 

[[cMatrix]]
| -0.924038 | -0.382302 | 
| -0.382302 | 0.924038 | 
Q_heap(1)

[[cMatrix]]
| 1 | 0 | 0 | 
| 0 | -0.924038 | -0.382302 | 
| 0 | -0.382302 | 0.924038 | 
===========================QR SECTION==========================
Vector x at 0 iter: 

Vector contents:
| 1431.62 |
| -8.63839 |
| -155.351 |
Alpha 1440.05 at 0 iter: 

Vector u at 0 iter: 

Vector contents:
| 2871.67 |
| -8.63839 |
| -155.351 |
Vector v at 0 iter: 

Vector contents:
| 0.998535 |
| -0.00300374 |
| -0.0540185 |
Q_tmp at 0 iter: 

[[cMatrix]]
| -0.994146 | 0.00599867 | 0.107879 | 
| 0.00599867 | 0.999982 | -0.000324515 | 
| 0.107879 | -0.000324515 | 0.994164 | 
Q_heap(0)

[[cMatrix]]
| -0.994146 | 0.00599867 | 0.107879 | 
| 0.00599867 | 0.999982 | -0.000324515 | 
| 0.107879 | -0.000324515 | 0.994164 | 
===========================QR SECTION==========================
Vector x at 1 iter: 

Vector contents:
| 2640.9 |
| -192.205 |
Alpha 2647.88 at 1 iter: 

Vector u at 1 iter: 

Vector contents:
| 5288.78 |
| -192.205 |
Vector v at 1 iter: 

Vector contents:
| 0.99934 |
| -0.036318 |
Q_tmp at 1 iter: 

[[cMatrix]]
| -0.997362 | 0.0725881 | 
| 0.0725881 | 0.997362 | 
Q_heap(1)

[[cMatrix]]
| 1 | 0 | 0 | 
| 0 | -0.997362 | 0.0725881 | 
| 0 | 0.0725881 | 0.997362 | 
===========================QR SECTION==========================
Vector x at 0 iter: 

Vector contents:
| 1453.17 |
| 8.0496 |
| 42.6054 |
Alpha 1453.82 at 0 iter: 

Vector u at 0 iter: 

Vector contents:
| 2907 |
| 8.0496 |
| 42.6054 |
Vector v at 0 iter: 

Vector contents:
| 0.999889 |
| 0.00276873 |
| 0.0146545 |
Q_tmp at 0 iter: 

[[cMatrix]]
| -0.999555 | -0.00553685 | -0.0293058 | 
| -0.00553685 | 0.999985 | -8.1149e-05 | 
| -0.0293058 | -8.1149e-05 | 0.99957 | 
Q_heap(0)

[[cMatrix]]
| -0.999555 | -0.00553685 | -0.0293058 | 
| -0.00553685 | 0.999985 | -8.1149e-05 | 
| -0.0293058 | -8.1149e-05 | 0.99957 | 
===========================QR SECTION==========================
Vector x at 1 iter: 

Vector contents:
| 2656.91 |
| 28.1645 |
Alpha 2657.05 at 1 iter: 

Vector u at 1 iter: 

Vector contents:
| 5313.96 |
| 28.1645 |
Vector v at 1 iter: 

Vector contents:
| 0.999986 |
| 0.00530002 |
Q_tmp at 1 iter: 

[[cMatrix]]
| -0.999944 | -0.0105999 | 
| -0.0105999 | 0.999944 | 
Q_heap(1)

[[cMatrix]]
| 1 | 0 | 0 | 
| 0 | -0.999944 | -0.0105999 | 
| 0 | -0.0105999 | 0.999944 | 
===========================QR SECTION==========================
Vector x at 0 iter: 

Vector contents:
| 1454.89 |
| 15.664 |
| -11.4247 |
Alpha 1455.02 at 0 iter: 

Vector u at 0 iter: 

Vector contents:
| 2909.92 |
| 15.664 |
| -11.4247 |
Vector v at 0 iter: 

Vector contents:
| 0.999978 |
| 0.00538285 |
| -0.00392605 |
Q_tmp at 0 iter: 

[[cMatrix]]
| -0.999911 | -0.0107655 | 0.00785193 | 
| -0.0107655 | 0.999942 | 4.22667e-05 | 
| 0.00785193 | 4.22667e-05 | 0.999969 | 
Q_heap(0)

[[cMatrix]]
| -0.999911 | -0.0107655 | 0.00785193 | 
| -0.0107655 | 0.999942 | 4.22667e-05 | 
| 0.00785193 | 4.22667e-05 | 0.999969 | 
===========================QR SECTION==========================
Vector x at 1 iter: 

Vector contents:
| 2656.88 |
| -3.86349 |
Alpha 2656.88 at 1 iter: 

Vector u at 1 iter: 

Vector contents:
| 5313.77 |
| -3.86349 |
Vector v at 1 iter: 

Vector contents:
| 1 |
| -0.000727071 |
Q_tmp at 1 iter: 

[[cMatrix]]
| -0.999999 | 0.00145414 | 
| 0.00145414 | 0.999999 | 
Q_heap(1)

[[cMatrix]]
| 1 | 0 | 0 | 
| 0 | -0.999999 | 0.00145414 | 
| 0 | 0.00145414 | 0.999999 | 
===========================QR SECTION==========================
Vector x at 0 iter: 

Vector contents:
| 1455.49 |
| 28.6381 |
| 3.05871 |
Alpha 1455.77 at 0 iter: 

Vector u at 0 iter: 

Vector contents:
| 2911.26 |
| 28.6381 |
| 3.05871 |
Vector v at 0 iter: 

Vector contents:
| 0.999951 |
| 0.00983655 |
| 0.0010506 |
Q_tmp at 0 iter: 

[[cMatrix]]
| -0.999804 | -0.0196721 | -0.0021011 | 
| -0.0196721 | 0.999806 | -2.06685e-05 | 
| -0.0021011 | -2.06685e-05 | 0.999998 | 
Q_heap(0)

[[cMatrix]]
| -0.999804 | -0.0196721 | -0.0021011 | 
| -0.0196721 | 0.999806 | -2.06685e-05 | 
| -0.0021011 | -2.06685e-05 | 0.999998 | 
===========================QR SECTION==========================
Vector x at 1 iter: 

Vector contents:
| 2655.66 |
| 0.434894 |
Alpha 2655.66 at 1 iter: 

Vector u at 1 iter: 

Vector contents:
| 5311.31 |
| 0.434894 |
Vector v at 1 iter: 

Vector contents:
| 1 |
| 8.18807e-05 |
Q_tmp at 1 iter: 

[[cMatrix]]
| -1 | -0.000163761 | 
| -0.000163761 | 1 | 
Q_heap(1)

[[cMatrix]]
| 1 | 0 | 0 | 
| 0 | -1 | -0.000163761 | 
| 0 | -0.000163761 | 1 | 
===========================QR SECTION==========================
Vector x at 0 iter: 

Vector contents:
| 1457.08 |
| 52.2436 |
| -0.818438 |
Alpha 1458.02 at 0 iter: 

Vector u at 0 iter: 

Vector contents:
| 2915.11 |
| 52.2436 |
| -0.818438 |
Vector v at 0 iter: 

Vector contents:
| 0.999839 |
| 0.0179188 |
| -0.000280712 |
Q_tmp at 0 iter: 

[[cMatrix]]
| -0.999358 | -0.0358318 | 0.000561335 | 
| -0.0358318 | 0.999358 | 1.00601e-05 | 
| 0.000561335 | 1.00601e-05 | 1 | 
Q_heap(0)

[[cMatrix]]
| -0.999358 | -0.0358318 | 0.000561335 | 
| -0.0358318 | 0.999358 | 1.00601e-05 | 
| 0.000561335 | 1.00601e-05 | 1 | 
===========================QR SECTION==========================
Vector x at 1 iter: 

Vector contents:
| 2651.57 |
| 0.000298324 |
Alpha 2651.57 at 1 iter: 

Vector u at 1 iter: 

Vector contents:
| 5303.13 |
| 0.000298324 |
Vector v at 1 iter: 

Vector contents:
| 1 |
| 5.62543e-08 |
Q_tmp at 1 iter: 

[[cMatrix]]
| -1 | -1.12509e-07 | 
| -1.12509e-07 | 1 | 
Q_heap(1)

[[cMatrix]]
| 1 | 0 | 0 | 
| 0 | -1 | -1.12509e-07 | 
| 0 | -1.12509e-07 | 1 | 
===========================QR SECTION==========================
Vector x at 0 iter: 

Vector contents:
| 1462.37 |
| 95.0104 |
| 0.218655 |
Alpha 1465.45 at 0 iter: 

Vector u at 0 iter: 

Vector contents:
| 2927.81 |
| 95.0104 |
| 0.218655 |
Vector v at 0 iter: 

Vector contents:
| 0.999474 |
| 0.0324339 |
| 7.46429e-05 |
Q_tmp at 0 iter: 

[[cMatrix]]
| -0.997896 | -0.0648337 | -0.000149207 | 
| -0.0648337 | 0.997896 | -4.84192e-06 | 
| -0.000149207 | -4.84192e-06 | 1 | 
Q_heap(0)

[[cMatrix]]
| -0.997896 | -0.0648337 | -0.000149207 | 
| -0.0648337 | 0.997896 | -4.84192e-06 | 
| -0.000149207 | -4.84192e-06 | 1 | 
===========================QR SECTION==========================
Vector x at 1 iter: 

Vector contents:
| 2638.13 |
| -0.0309692 |
Alpha 2638.13 at 1 iter: 

Vector u at 1 iter: 

Vector contents:
| 5276.25 |
| -0.0309692 |
Vector v at 1 iter: 

Vector contents:
| 1 |
| -5.86953e-06 |
Q_tmp at 1 iter: 

[[cMatrix]]
| -1 | 1.17391e-05 | 
| 1.17391e-05 | 1 | 
Q_heap(1)

[[cMatrix]]
| 1 | 0 | 0 | 
| 0 | -1 | 1.17391e-05 | 
| 0 | 1.17391e-05 | 1 | 
===========================QR SECTION==========================
Vector x at 0 iter: 

Vector contents:
| 1479.65 |
| 171.04 |
| -0.0581203 |
Alpha 1489.5 at 0 iter: 

Vector u at 0 iter: 

Vector contents:
| 2969.15 |
| 171.04 |
| -0.0581203 |
Vector v at 0 iter: 

Vector contents:
| 0.998345 |
| 0.0575101 |
| -1.95423e-05 |
Q_tmp at 0 iter: 

[[cMatrix]]
| -0.993385 | -0.11483 | 3.90199e-05 | 
| -0.11483 | 0.993385 | 2.24776e-06 | 
| 3.90199e-05 | 2.24776e-06 | 1 | 
Q_heap(0)

[[cMatrix]]
| -0.993385 | -0.11483 | 3.90199e-05 | 
| -0.11483 | 0.993385 | 2.24776e-06 | 
| 3.90199e-05 | 2.24776e-06 | 1 | 
===========================QR SECTION==========================
Vector x at 1 iter: 

Vector contents:
| 2595.52 |
| 0.0190501 |
Alpha 2595.52 at 1 iter: 

Vector u at 1 iter: 

Vector contents:
| 5191.05 |
| 0.0190501 |
Vector v at 1 iter: 

Vector contents:
| 1 |
| 3.6698e-06 |
Q_tmp at 1 iter: 

[[cMatrix]]
| -1 | -7.33961e-06 | 
| -7.33961e-06 | 1 | 
Q_heap(1)

[[cMatrix]]
| 1 | 0 | 0 | 
| 0 | -1 | -7.33961e-06 | 
| 0 | -7.33961e-06 | 1 | 
===========================QR SECTION==========================
Vector x at 0 iter: 

Vector contents:
| 1533.87 |
| 298.044 |
| 0.0151994 |
Alpha 1562.56 at 0 iter: 

Vector u at 0 iter: 

Vector contents:
| 3096.44 |
| 298.044 |
| 0.0151994 |
Vector v at 0 iter: 

Vector contents:
| 0.9954 |
| 0.0958109 |
| 4.88608e-06 |
Q_tmp at 0 iter: 

[[cMatrix]]
| -0.981641 | -0.19074 | -9.7272e-06 | 
| -0.19074 | 0.981641 | -9.36279e-07 | 
| -9.7272e-06 | -9.36279e-07 | 1 | 
Q_heap(0)

[[cMatrix]]
| -0.981641 | -0.19074 | -9.7272e-06 | 
| -0.19074 | 0.981641 | -9.36279e-07 | 
| -9.7272e-06 | -9.36279e-07 | 1 | 
===========================QR SECTION==========================
Vector x at 1 iter: 

Vector contents:
| 2474.17 |
| -0.00904773 |
Alpha 2474.17 at 1 iter: 

Vector u at 1 iter: 

Vector contents:
| 4948.33 |
| -0.00904773 |
Vector v at 1 iter: 

Vector contents:
| 1 |
| -1.82844e-06 |
Q_tmp at 1 iter: 

[[cMatrix]]
| -1 | 3.65688e-06 | 
| 3.65688e-06 | 1 | 
Q_heap(1)

[[cMatrix]]
| 1 | 0 | 0 | 
| 0 | -1 | 3.65688e-06 | 
| 0 | 3.65688e-06 | 1 | 
===========================QR SECTION==========================
Vector x at 0 iter: 

Vector contents:
| 1683.48 |
| 471.923 |
| -0.00378901 |
Alpha 1748.38 at 0 iter: 

Vector u at 0 iter: 

Vector contents:
| 3431.86 |
| 471.923 |
| -0.00378901 |
Vector v at 0 iter: 

Vector contents:
| 0.990677 |
| 0.13623 |
| -1.09378e-06 |
Q_tmp at 0 iter: 

[[cMatrix]]
| -0.962883 | -0.26992 | 2.16716e-06 | 
| -0.26992 | 0.962883 | 2.98011e-07 | 
| 2.16716e-06 | 2.98011e-07 | 1 | 
Q_heap(0)

[[cMatrix]]
| -0.962883 | -0.26992 | 2.16716e-06 | 
| -0.26992 | 0.962883 | 2.98011e-07 | 
| 2.16716e-06 | 2.98011e-07 | 1 | 
===========================QR SECTION==========================
Vector x at 1 iter: 

Vector contents:
| 2211.21 |
| 0.00353569 |
Alpha 2211.21 at 1 iter: 

Vector u at 1 iter: 

Vector contents:
| 4422.43 |
| 0.00353569 |
Vector v at 1 iter: 

Vector contents:
| 1 |
| 7.9949e-07 |
Q_tmp at 1 iter: 

[[cMatrix]]
| -1 | -1.59898e-06 | 
| -1.59898e-06 | 1 | 
Q_heap(1)

[[cMatrix]]
| 1 | 0 | 0 | 
| 0 | -1 | -1.59898e-06 | 
| 0 | -1.59898e-06 | 1 | 
===========================QR SECTION==========================
Vector x at 0 iter: 

Vector contents:
| 1983.09 |
| 596.851 |
| 0.000844168 |
Alpha 2070.96 at 0 iter: 

Vector u at 0 iter: 

Vector contents:
| 4054.05 |
| 596.851 |
| 0.000844168 |
Vector v at 0 iter: 

Vector contents:
| 0.989336 |
| 0.145653 |
| 2.06008e-07 |
Q_tmp at 0 iter: 

[[cMatrix]]
| -0.95757 | -0.2882 | -4.07621e-07 | 
| -0.2882 | 0.95757 | -6.00115e-08 | 
| -4.07621e-07 | -6.00115e-08 | 1 | 
Q_heap(0)

[[cMatrix]]
| -0.95757 | -0.2882 | -4.07621e-07 | 
| -0.2882 | 0.95757 | -6.00115e-08 | 
| -4.07621e-07 | -6.00115e-08 | 1 | 
===========================QR SECTION==========================
Vector x at 1 iter: 

Vector contents:
| 1866.79 |
| -0.00110999 |
Alpha 1866.79 at 1 iter: 

Vector u at 1 iter: 

Vector contents:
| 3733.57 |
| -0.00110999 |
Vector v at 1 iter: 

Vector contents:
| 1 |
| -2.973e-07 |
Q_tmp at 1 iter: 

[[cMatrix]]
| -1 | 5.94601e-07 | 
| 5.94601e-07 | 1 | 
Q_heap(1)

[[cMatrix]]
| 1 | 0 | 0 | 
| 0 | -1 | 5.94601e-07 | 
| 0 | 5.94601e-07 | 1 | 
===========================QR SECTION==========================
Vector x at 0 iter: 

Vector contents:
| 2324.65 |
| 538.009 |
| -0.00015878 |
Alpha 2386.09 at 0 iter: 

Vector u at 0 iter: 

Vector contents:
| 4710.74 |
| 538.009 |
| -0.00015878 |
Vector v at 0 iter: 

Vector contents:
| 0.993541 |
| 0.113471 |
| -3.34882e-08 |
Q_tmp at 0 iter: 

[[cMatrix]]
| -0.974249 | -0.225477 | 6.65438e-08 | 
| -0.225477 | 0.974249 | 7.5999e-09 | 
| 6.65438e-08 | 7.5999e-09 | 1 | 
Q_heap(0)

[[cMatrix]]
| -0.974249 | -0.225477 | 6.65438e-08 | 
| -0.225477 | 0.974249 | 7.5999e-09 | 
| 6.65438e-08 | 7.5999e-09 | 1 | 
===========================QR SECTION==========================
Vector x at 1 iter: 

Vector contents:
| 1620.24 |
| 0.000304376 |
Alpha 1620.24 at 1 iter: 

Vector u at 1 iter: 

Vector contents:
| 3240.48 |
| 0.000304376 |
Vector v at 1 iter: 

Vector contents:
| 1 |
| 9.39295e-08 |
Q_tmp at 1 iter: 

[[cMatrix]]
| -1 | -1.87859e-07 | 
| -1.87859e-07 | 1 | 
Q_heap(1)

[[cMatrix]]
| 1 | 0 | 0 | 
| 0 | -1 | -1.87859e-07 | 
| 0 | -1.87859e-07 | 1 | 
===========================QR SECTION==========================
Vector x at 0 iter: 

Vector contents:
| 2533.71 |
| 365.326 |
| 2.59207e-05 |
Alpha 2559.92 at 0 iter: 

Vector u at 0 iter: 

Vector contents:
| 5093.63 |
| 365.326 |
| 2.59207e-05 |
Vector v at 0 iter: 

Vector contents:
| 0.997438 |
| 0.0715384 |
| 5.0758e-09 |
Q_tmp at 0 iter: 

[[cMatrix]]
| -0.989765 | -0.14271 | -1.01256e-08 | 
| -0.14271 | 0.989765 | -7.26229e-10 | 
| -1.01256e-08 | -7.26229e-10 | 1 | 
Q_heap(0)

[[cMatrix]]
| -0.989765 | -0.14271 | -1.01256e-08 | 
| -0.14271 | 0.989765 | -7.26229e-10 | 
| -1.01256e-08 | -7.26229e-10 | 1 | 
===========================QR SECTION==========================
Vector x at 1 iter: 

Vector contents:
| 1510.22 |
| -8.09822e-05 |
Alpha 1510.22 at 1 iter: 

Vector u at 1 iter: 

Vector contents:
| 3020.44 |
| -8.09822e-05 |
Vector v at 1 iter: 

Vector contents:
| 1 |
| -2.68113e-08 |
Q_tmp at 1 iter: 

[[cMatrix]]
| -1 | 5.36227e-08 | 
| 5.36227e-08 | 1 | 
Q_heap(1)

[[cMatrix]]
| 1 | 0 | 0 | 
| 0 | -1 | 5.36227e-08 | 
| 0 | 5.36227e-08 | 1 | 
===========================QR SECTION==========================
Vector x at 0 iter: 

Vector contents:
| 2617.46 |
| 215.524 |
| -3.9442e-06 |
Alpha 2626.32 at 0 iter: 

Vector u at 0 iter: 

Vector contents:
| 5243.79 |
| 215.524 |
| -3.9442e-06 |
Vector v at 0 iter: 

Vector contents:
| 0.999156 |
| 0.0410662 |
| -7.51532e-10 |
Q_tmp at 0 iter: 

[[cMatrix]]
| -0.996627 | -0.082063 | 1.5018e-09 | 
| -0.082063 | 0.996627 | 6.17251e-11 | 
| 1.5018e-09 | 6.17251e-11 | 1 | 
Q_heap(0)

[[cMatrix]]
| -0.996627 | -0.082063 | 1.5018e-09 | 
| -0.082063 | 0.996627 | 6.17251e-11 | 
| 1.5018e-09 | 6.17251e-11 | 1 | 
===========================QR SECTION==========================
Vector x at 1 iter: 

Vector contents:
| 1472.04 |
| 2.15863e-05 |
Alpha 1472.04 at 1 iter: 

Vector u at 1 iter: 

Vector contents:
| 2944.07 |
| 2.15863e-05 |
Vector v at 1 iter: 

Vector contents:
| 1 |
| 7.33214e-09 |
Q_tmp at 1 iter: 

[[cMatrix]]
| -1 | -1.46643e-08 | 
| -1.46643e-08 | 1 | 
Q_heap(1)

[[cMatrix]]
| 1 | 0 | 0 | 
| 0 | -1 | -1.46643e-08 | 
| 0 | -1.46643e-08 | 1 | 
===========================QR SECTION==========================
Vector x at 0 iter: 

Vector contents:
| 2645.16 |
| 120.8 |
| 5.84991e-07 |
Alpha 2647.91 at 0 iter: 

Vector u at 0 iter: 

Vector contents:
| 5293.07 |
| 120.8 |
| 5.84991e-07 |
Vector v at 0 iter: 

Vector contents:
| 0.99974 |
| 0.0228163 |
| 1.10491e-10 |
Q_tmp at 0 iter: 

[[cMatrix]]
| -0.998959 | -0.0456207 | -2.20925e-10 | 
| -0.0456207 | 0.998959 | -5.04201e-12 | 
| -2.20925e-10 | -5.04201e-12 | 1 | 
Q_heap(0)

[[cMatrix]]
| -0.998959 | -0.0456207 | -2.20925e-10 | 
| -0.0456207 | 0.998959 | -5.04201e-12 | 
| -2.20925e-10 | -5.04201e-12 | 1 | 
===========================QR SECTION==========================
Vector x at 1 iter: 

Vector contents:
| 1460.03 |
| -5.77027e-06 |
Alpha 1460.03 at 1 iter: 

Vector u at 1 iter: 

Vector contents:
| 2920.06 |
| -5.77027e-06 |
Vector v at 1 iter: 

Vector contents:
| 1 |
| -1.97608e-09 |
Q_tmp at 1 iter: 

[[cMatrix]]
| -1 | 3.95215e-09 | 
| 3.95215e-09 | 1 | 
Q_heap(1)

[[cMatrix]]
| 1 | 0 | 0 | 
| 0 | -1 | 3.95215e-09 | 
| 0 | 3.95215e-09 | 1 | 
===========================QR SECTION==========================
Vector x at 0 iter: 

Vector contents:
| 2653.72 |
| 66.6077 |
| -8.60566e-08 |
Alpha 2654.55 at 0 iter: 

Vector u at 0 iter: 

Vector contents:
| 5308.27 |
| 66.6077 |
| -8.60566e-08 |
Vector v at 0 iter: 

Vector contents:
| 0.999921 |
| 0.0125469 |
| -1.62105e-11 |
Q_tmp at 0 iter: 

[[cMatrix]]
| -0.999685 | -0.0250919 | 3.24185e-11 | 
| -0.0250919 | 0.999685 | 4.06785e-13 | 
| 3.24185e-11 | 4.06785e-13 | 1 | 
Q_heap(0)

[[cMatrix]]
| -0.999685 | -0.0250919 | 3.24185e-11 | 
| -0.0250919 | 0.999685 | 4.06785e-13 | 
| 3.24185e-11 | 4.06785e-13 | 1 | 
===========================QR SECTION==========================
Vector x at 1 iter: 

Vector contents:
| 1456.38 |
| 1.54419e-06 |
Alpha 1456.38 at 1 iter: 

Vector u at 1 iter: 

Vector contents:
| 2912.76 |
| 1.54419e-06 |
Vector v at 1 iter: 

Vector contents:
| 1 |
| 5.30146e-10 |
Q_tmp at 1 iter: 

[[cMatrix]]
| -1 | -1.06029e-09 | 
| -1.06029e-09 | 1 | 
Q_heap(1)

[[cMatrix]]
| 1 | 0 | 0 | 
| 0 | -1 | -1.06029e-09 | 
| 0 | -1.06029e-09 | 1 | 
===========================QR SECTION==========================
Vector x at 0 iter: 

Vector contents:
| 2656.3 |
| 36.5434 |
| 1.26279e-08 |
Alpha 2656.56 at 0 iter: 

Vector u at 0 iter: 

Vector contents:
| 5312.86 |
| 36.5434 |
| 1.26279e-08 |
Vector v at 0 iter: 

Vector contents:
| 0.999976 |
| 0.00687813 |
| 2.3768e-12 |
Q_tmp at 0 iter: 

[[cMatrix]]
| -0.999905 | -0.0137559 | -4.75349e-12 | 
| -0.0137559 | 0.999905 | -3.26958e-14 | 
| -4.75349e-12 | -3.26958e-14 | 1 | 
Q_heap(0)

[[cMatrix]]
| -0.999905 | -0.0137559 | -4.75349e-12 | 
| -0.0137559 | 0.999905 | -3.26958e-14 | 
| -4.75349e-12 | -3.26958e-14 | 1 | 
===========================QR SECTION==========================
Vector x at 1 iter: 

Vector contents:
| 1455.28 |
| -4.13393e-07 |
Alpha 1455.28 at 1 iter: 

Vector u at 1 iter: 

Vector contents:
| 2910.57 |
| -4.13393e-07 |
Vector v at 1 iter: 

Vector contents:
| 1 |
| -1.42032e-10 |
Q_tmp at 1 iter: 

[[cMatrix]]
| -1 | 2.84064e-10 | 
| 2.84064e-10 | 1 | 
Q_heap(1)

[[cMatrix]]
| 1 | 0 | 0 | 
| 0 | -1 | 2.84064e-10 | 
| 0 | 2.84064e-10 | 1 | 
===========================QR SECTION==========================
Vector x at 0 iter: 

Vector contents:
| 2657.08 |
| 20.0188 |
| -1.85161e-09 |
Alpha 2657.16 at 0 iter: 

Vector u at 0 iter: 

Vector contents:
| 5314.24 |
| 20.0188 |
| -1.85161e-09 |
Vector v at 0 iter: 

Vector contents:
| 0.999993 |
| 0.00376698 |
| -3.48423e-13 |
Q_tmp at 0 iter: 

[[cMatrix]]
| -0.999972 | -0.0075339 | 6.9684e-13 | 
| -0.0075339 | 0.999972 | 2.625e-15 | 
| 6.9684e-13 | 2.625e-15 | 1 | 
Q_heap(0)

[[cMatrix]]
| -0.999972 | -0.0075339 | 6.9684e-13 | 
| -0.0075339 | 0.999972 | 2.625e-15 | 
| 6.9684e-13 | 2.625e-15 | 1 | 
===========================QR SECTION==========================
Vector x at 1 iter: 

Vector contents:
| 1454.95 |
| 1.10681e-07 |
Alpha 1454.95 at 1 iter: 

Vector u at 1 iter: 

Vector contents:
| 2909.91 |
| 1.10681e-07 |
Vector v at 1 iter: 

Vector contents:
| 1 |
| 3.8036e-11 |
Q_tmp at 1 iter: 

[[cMatrix]]
| -1 | -7.6072e-11 | 
| -7.6072e-11 | 1 | 
Q_heap(1)

[[cMatrix]]
| 1 | 0 | 0 | 
| 0 | -1 | -7.6072e-11 | 
| 0 | -7.6072e-11 | 1 | 
===========================QR SECTION==========================
Vector x at 0 iter: 

Vector contents:
| 2657.32 |
| 10.9615 |
| 2.71439e-10 |
Alpha 2657.34 at 0 iter: 

Vector u at 0 iter: 

Vector contents:
| 5314.65 |
| 10.9615 |
| 2.71439e-10 |
Vector v at 0 iter: 

Vector contents:
| 0.999998 |
| 0.00206249 |
| 5.10735e-14 |
Q_tmp at 0 iter: 

[[cMatrix]]
| -0.999991 | -0.00412498 | -1.02147e-13 | 
| -0.00412498 | 0.999991 | -2.10678e-16 | 
| -1.02147e-13 | -2.10678e-16 | 1 | 
Q_heap(0)

[[cMatrix]]
| -0.999991 | -0.00412498 | -1.02147e-13 | 
| -0.00412498 | 0.999991 | -2.10678e-16 | 
| -1.02147e-13 | -2.10678e-16 | 1 | 
===========================QR SECTION==========================
Vector x at 1 iter: 

Vector contents:
| 1454.85 |
| -2.96346e-08 |
Alpha 1454.85 at 1 iter: 

Vector u at 1 iter: 

Vector contents:
| 2909.71 |
| -2.96346e-08 |
Vector v at 1 iter: 

Vector contents:
| 1 |
| -1.01847e-11 |
Q_tmp at 1 iter: 

[[cMatrix]]
| -1 | 2.03695e-11 | 
| 2.03695e-11 | 1 | 
Q_heap(1)

[[cMatrix]]
| 1 | 0 | 0 | 
| 0 | -1 | 2.03695e-11 | 
| 0 | 2.03695e-11 | 1 | 
===========================QR SECTION==========================
Vector x at 0 iter: 

Vector contents:
| 2657.39 |
| 6.00124 |
| -3.9789e-11 |
Alpha 2657.39 at 0 iter: 

Vector u at 0 iter: 

Vector contents:
| 5314.78 |
| 6.00124 |
| -3.9789e-11 |
Vector v at 0 iter: 

Vector contents:
| 0.999999 |
| 0.00112916 |
| -7.48648e-15 |
Q_tmp at 0 iter: 

[[cMatrix]]
| -0.999997 | -0.00225832 | 1.49729e-14 | 
| -0.00225832 | 0.999997 | 1.69069e-17 | 
| 1.49729e-14 | 1.69069e-17 | 1 | 
Q_heap(0)

[[cMatrix]]
| -0.999997 | -0.00225832 | 1.49729e-14 | 
| -0.00225832 | 0.999997 | 1.69069e-17 | 
| 1.49729e-14 | 1.69069e-17 | 1 | 
===========================QR SECTION==========================
Vector x at 1 iter: 

Vector contents:
| 1454.82 |
| 7.93467e-09 |
Alpha 1454.82 at 1 iter: 

Vector u at 1 iter: 

Vector contents:
| 2909.65 |
| 7.93467e-09 |
Vector v at 1 iter: 

Vector contents:
| 1 |
| 2.72702e-12 |
Q_tmp at 1 iter: 

[[cMatrix]]
| -1 | -5.45404e-12 | 
| -5.45404e-12 | 1 | 
Q_heap(1)

[[cMatrix]]
| 1 | 0 | 0 | 
| 0 | -1 | -5.45404e-12 | 
| 0 | -5.45404e-12 | 1 | 
===========================QR SECTION==========================
Vector x at 0 iter: 

Vector contents:
| 2657.41 |
| 3.28546 |
| 5.83238e-12 |
Alpha 2657.41 at 0 iter: 

Vector u at 0 iter: 

Vector contents:
| 5314.82 |
| 3.28546 |
| 5.83238e-12 |
Vector v at 0 iter: 

Vector contents:
| 1 |
| 0.00061817 |
| 1.09738e-15 |
Q_tmp at 0 iter: 

[[cMatrix]]
| -0.999999 | -0.00123634 | -2.19476e-15 | 
| -0.00123634 | 0.999999 | -1.35674e-18 | 
| -2.19476e-15 | -1.35674e-18 | 1 | 
Q_heap(0)

[[cMatrix]]
| -0.999999 | -0.00123634 | -2.19476e-15 | 
| -0.00123634 | 0.999999 | -1.35674e-18 | 
| -2.19476e-15 | -1.35674e-18 | 1 | 
===========================QR SECTION==========================
Vector x at 1 iter: 

Vector contents:
| 1454.82 |
| -2.12452e-09 |
Alpha 1454.82 at 1 iter: 

Vector u at 1 iter: 

Vector contents:
| 2909.63 |
| -2.12452e-09 |
Vector v at 1 iter: 

Vector contents:
| 1 |
| -7.30166e-13 |
Q_tmp at 1 iter: 

[[cMatrix]]
| -1 | 1.46033e-12 | 
| 1.46033e-12 | 1 | 
Q_heap(1)

[[cMatrix]]
| 1 | 0 | 0 | 
| 0 | -1 | 1.46033e-12 | 
| 0 | 1.46033e-12 | 1 | 
===========================QR SECTION==========================
Vector x at 0 iter: 

Vector contents:
| 2657.41 |
| 1.79865 |
| -8.5492e-13 |
Alpha 2657.41 at 0 iter: 

Vector u at 0 iter: 

Vector contents:
| 5314.83 |
| 1.79865 |
| -8.5492e-13 |
Vector v at 0 iter: 

Vector contents:
| 1 |
| 0.00033842 |
| -1.60856e-16 |
Q_tmp at 0 iter: 

[[cMatrix]]
| -1 | -0.000676841 | 3.21711e-16 | 
| -0.000676841 | 1 | 1.08874e-19 | 
| 3.21711e-16 | 1.08874e-19 | 1 | 
Q_heap(0)

[[cMatrix]]
| -1 | -0.000676841 | 3.21711e-16 | 
| -0.000676841 | 1 | 1.08874e-19 | 
| 3.21711e-16 | 1.08874e-19 | 1 | 
===========================QR SECTION==========================
Vector x at 1 iter: 

Vector contents:
| 1454.81 |
| 5.68841e-10 |
Alpha 1454.81 at 1 iter: 

Vector u at 1 iter: 

Vector contents:
| 2909.63 |
| 5.68841e-10 |
Vector v at 1 iter: 

Vector contents:
| 1 |
| 1.95503e-13 |
Q_tmp at 1 iter: 

[[cMatrix]]
| -1 | -3.91007e-13 | 
| -3.91007e-13 | 1 | 
Q_heap(1)

[[cMatrix]]
| 1 | 0 | 0 | 
| 0 | -1 | -3.91007e-13 | 
| 0 | -3.91007e-13 | 1 | 
===========================QR SECTION==========================
Vector x at 0 iter: 

Vector contents:
| 2657.42 |
| 0.984676 |
| 1.25316e-13 |
Alpha 2657.42 at 0 iter: 

Vector u at 0 iter: 

Vector contents:
| 5314.83 |
| 0.984676 |
| 1.25316e-13 |
Vector v at 0 iter: 

Vector contents:
| 1 |
| 0.00018527 |
| 2.35785e-17 |
Q_tmp at 0 iter: 

[[cMatrix]]
| -1 | -0.000370539 | -4.71569e-17 | 
| -0.000370539 | 1 | -8.73674e-21 | 
| -4.71569e-17 | -8.73674e-21 | 1 | 
Q_heap(0)

[[cMatrix]]
| -1 | -0.000370539 | -4.71569e-17 | 
| -0.000370539 | 1 | -8.73674e-21 | 
| -4.71569e-17 | -8.73674e-21 | 1 | 
===========================QR SECTION==========================
Vector x at 1 iter: 

Vector contents:
| 1454.81 |
| -1.52308e-10 |
Alpha 1454.81 at 1 iter: 

Vector u at 1 iter: 

Vector contents:
| 2909.62 |
| -1.52308e-10 |
Vector v at 1 iter: 

Vector contents:
| 1 |
| -5.23463e-14 |
Q_tmp at 1 iter: 

[[cMatrix]]
| -1 | 1.04693e-13 | 
| 1.04693e-13 | 1 | 
Q_heap(1)

[[cMatrix]]
| 1 | 0 | 0 | 
| 0 | -1 | 1.04693e-13 | 
| 0 | 1.04693e-13 | 1 | 
===========================QR SECTION==========================
Vector x at 0 iter: 

Vector contents:
| 2657.42 |
| 0.539065 |
| -1.83689e-14 |
Alpha 2657.42 at 0 iter: 

Vector u at 0 iter: 

Vector contents:
| 5314.83 |
| 0.539065 |
| -1.83689e-14 |
Vector v at 0 iter: 

Vector contents:
| 1 |
| 0.000101427 |
| -3.45616e-18 |
Q_tmp at 0 iter: 

[[cMatrix]]
| -1 | -0.000202853 | 6.91233e-18 | 
| -0.000202853 | 1 | 7.01093e-22 | 
| 6.91233e-18 | 7.01093e-22 | 1 | 
Q_heap(0)

[[cMatrix]]
| -1 | -0.000202853 | 6.91233e-18 | 
| -0.000202853 | 1 | 7.01093e-22 | 
| 6.91233e-18 | 7.01093e-22 | 1 | 
===========================QR SECTION==========================
Vector x at 1 iter: 

Vector contents:
| 1454.81 |
| 4.07807e-11 |
Alpha 1454.81 at 1 iter: 

Vector u at 1 iter: 

Vector contents:
| 2909.62 |
| 4.07807e-11 |
Vector v at 1 iter: 

Vector contents:
| 1 |
| 1.40158e-14 |
Q_tmp at 1 iter: 

[[cMatrix]]
| -1 | -2.80316e-14 | 
| -2.80316e-14 | 1 | 
Q_heap(1)

[[cMatrix]]
| 1 | 0 | 0 | 
| 0 | -1 | -2.80316e-14 | 
| 0 | -2.80316e-14 | 1 | 
===========================QR SECTION==========================
Vector x at 0 iter: 

Vector contents:
| 2657.42 |
| 0.295113 |
| 2.69254e-15 |
Alpha 2657.42 at 0 iter: 

Vector u at 0 iter: 

Vector contents:
| 5314.83 |
| 0.295113 |
| 2.69254e-15 |
Vector v at 0 iter: 

Vector contents:
| 1 |
| 5.55263e-05 |
| 5.06609e-19 |
Q_tmp at 0 iter: 

[[cMatrix]]
| -1 | -0.000111053 | -1.01322e-18 | 
| -0.000111053 | 1 | -5.62603e-23 | 
| -1.01322e-18 | -5.62603e-23 | 1 | 
Q_heap(0)

[[cMatrix]]
| -1 | -0.000111053 | -1.01322e-18 | 
| -0.000111053 | 1 | -5.62603e-23 | 
| -1.01322e-18 | -5.62603e-23 | 1 | 
===========================QR SECTION==========================
Vector x at 1 iter: 

Vector contents:
| 1454.81 |
| -1.09191e-11 |
Alpha 1454.81 at 1 iter: 

Vector u at 1 iter: 

Vector contents:
| 2909.62 |
| -1.09191e-11 |
Vector v at 1 iter: 

Vector contents:
| 1 |
| -3.75275e-15 |
Q_tmp at 1 iter: 

[[cMatrix]]
| -1 | 7.50549e-15 | 
| 7.50549e-15 | 1 | 
Q_heap(1)

[[cMatrix]]
| 1 | 0 | 0 | 
| 0 | -1 | 7.50549e-15 | 
| 0 | 7.50549e-15 | 1 | 
===========================EIGEN SECTION==========================
Eigenvalue matrix after 24 iterations of the QR algorithm
[[cMatrix]]
| 2657.42 | 0.295113 | 2.55407e-15 | 
| 0.295113 | 1454.81 | -1.0919e-11 | 
| 2.69254e-15 | -1.09191e-11 | 389.528 | 
Eigenvector matrix Q_0:
[[cMatrix]]
| -0.935773 | -0.0285495 | -0.351446 | 
| 0.160739 | -0.921667 | -0.353119 | 
| -0.313835 | -0.38693 | 0.86706 | 
Eigenvector matrix after multiplying by Q_1:
[[cMatrix]]
| 0.89221 | 0.00126947 | -0.45162 | 
| -0.203421 | 0.893941 | -0.399362 | 
| 0.403214 | 0.448183 | 0.797841 | 
Eigenvector matrix Q_1
[[cMatrix]]
| -0.994146 | 0.00184787 | 0.10803 | 
| 0.00599867 | -0.997368 | 0.0722632 | 
| 0.107879 | 0.0724882 | 0.991518 | 
Number of iterations: 24
Eigenvector matrix after multiplying by Q_2:
[[cMatrix]]
| -0.878585 | 0.00869595 | -0.477507 | 
| 0.210085 | -0.890867 | -0.402767 | 
| -0.428898 | -0.454182 | 0.780875 | 
Eigenvector matrix Q_2
[[cMatrix]]
| -0.999555 | 0.00584718 | -0.0292455 | 
| -0.00553685 | -0.999928 | -0.0106809 | 
| -0.0293058 | -0.0105142 | 0.999515 | 
Number of iterations: 24
Eigenvector matrix after multiplying by Q_3:
[[cMatrix]]
| 0.874664 | -0.018838 | -0.484364 | 
| -0.203638 | 0.892509 | -0.402441 | 
| 0.43988 | 0.450635 | 0.776809 | 
Eigenvector matrix Q_3
[[cMatrix]]
| -0.999911 | 0.0107769 | 0.00783627 | 
| -0.0107655 | -0.999941 | 0.00149632 | 
| 0.00785193 | 0.00141183 | 0.999968 | 
Number of iterations: 24
Eigenvector matrix after multiplying by Q_4:
[[cMatrix]]
| -0.873104 | 0.0361104 | -0.486194 | 
| 0.186886 | -0.896285 | -0.402177 | 
| -0.450291 | -0.442006 | 0.775802 | 
Eigenvector matrix Q_4
[[cMatrix]]
| -0.999804 | 0.0196725 | -0.00209787 | 
| -0.0196721 | -0.999806 | -0.000184398 | 
| -0.0021011 | -0.000143092 | 0.999998 | 
Number of iterations: 24
Eigenvector matrix after multiplying by Q_5:
[[cMatrix]]
| 0.870977 | -0.0673672 | -0.486684 | 
| -0.154876 | 0.90241 | -0.402081 | 
| 0.466276 | 0.425579 | 0.775545 | 
Eigenvector matrix Q_5
[[cMatrix]]
| -0.999358 | 0.0358318 | 0.000561339 | 
| -0.0358318 | -0.999358 | 9.94762e-06 | 
| 0.000561335 | -1.01726e-05 | 1 | 
Number of iterations: 24
Eigenvector matrix after multiplying by Q_6:
[[cMatrix]]
| -0.864704 | 0.123686 | -0.486815 | 
| 0.0961039 | -0.910559 | -0.402052 | 
| -0.493002 | -0.394441 | 0.775478 | 
Eigenvector matrix Q_6
[[cMatrix]]
| -0.997896 | 0.0648337 | -0.000149968 | 
| -0.0648337 | -0.997896 | 6.87245e-06 | 
| -0.000149207 | 1.6581e-05 | 1 | 
Number of iterations: 24
Eigenvector matrix after multiplying by Q_7:
[[cMatrix]]
| 0.844762 | -0.222157 | -0.48685 | 
| 0.00907555 | 0.915576 | -0.402044 | 
| 0.535065 | 0.335213 | 0.77546 | 
Eigenvector matrix Q_7
[[cMatrix]]
| -0.993385 | 0.11483 | 3.98628e-05 | 
| -0.11483 | -0.993385 | -5.04329e-06 | 
| 3.90199e-05 | -9.58737e-06 | 1 | 
Number of iterations: 24
Eigenvector matrix after multiplying by Q_8:
[[cMatrix]]
| -0.786874 | 0.379206 | -0.486859 | 
| -0.183542 | -0.897037 | -0.402041 | 
| -0.589187 | -0.226996 | 0.775455 | 
Eigenvector matrix Q_8
[[cMatrix]]
| -0.981641 | 0.19074 | -1.04247e-05 | 
| -0.19074 | -0.981641 | 2.65346e-06 | 
| -9.7272e-06 | 4.59316e-06 | 1 | 
Number of iterations: 24
Eigenvector matrix after multiplying by Q_9:
[[cMatrix]]
| 0.655311 | -0.577524 | -0.486862 | 
| 0.418857 | 0.8142 | -0.402041 | 
| 0.628591 | 0.0595357 | 0.775454 | 
Eigenvector matrix Q_9
[[cMatrix]]
| -0.962883 | 0.26992 | 2.59875e-06 | 
| -0.26992 | -0.962883 | -1.24162e-06 | 
| 2.16716e-06 | -1.89699e-06 | 1 | 
Number of iterations: 24
Eigenvector matrix after multiplying by Q_10:
[[cMatrix]]
| -0.461063 | 0.74188 | -0.486863 | 
| -0.635738 | -0.658939 | -0.40204 | 
| -0.619079 | 0.124151 | 0.775454 | 
Eigenvector matrix Q_10
[[cMatrix]]
| -0.95757 | 0.2882 | -5.78986e-07 | 
| -0.2882 | -0.95757 | 5.09361e-07 | 
| -4.07621e-07 | 6.54612e-07 | 1 | 
Number of iterations: 24
Eigenvector matrix after multiplying by Q_11:
[[cMatrix]]
| 0.281913 | -0.826734 | -0.486863 | 
| 0.767942 | 0.498627 | -0.40204 | 
| 0.575143 | -0.260542 | 0.775454 | 
Eigenvector matrix Q_11
[[cMatrix]]
| -0.974249 | 0.225477 | 1.08902e-07 | 
| -0.225477 | -0.974249 | -1.75421e-07 | 
| 6.65438e-08 | -1.95459e-07 | 1 | 
Number of iterations: 24
Eigenvector matrix after multiplying by Q_12:
[[cMatrix]]
| -0.161045 | 0.858504 | -0.486863 | 
| -0.831241 | -0.38393 | -0.40204 | 
| -0.532074 | 0.339954 | 0.775453 | 
Eigenvector matrix Q_12
[[cMatrix]]
| -0.989765 | 0.14271 | -1.77781e-08 | 
| -0.14271 | -0.989765 | 5.23476e-08 | 
| -1.01256e-08 | 5.43489e-08 | 1 | 
Number of iterations: 24
Eigenvector matrix after multiplying by Q_13:
[[cMatrix]]
| 0.0900499 | -0.868824 | -0.486863 | 
| 0.859944 | 0.314421 | -0.40204 | 
| 0.502382 | -0.382471 | 0.775453 | 
Eigenvector matrix Q_13
[[cMatrix]]
| -0.996627 | 0.082063 | 2.70519e-09 | 
| -0.082063 | -0.996627 | -1.45531e-08 | 
| 1.5018e-09 | -1.4726e-08 | 1 | 
Number of iterations: 24
Eigenvector matrix after multiplying by Q_14:
[[cMatrix]]
| -0.0503198 | 0.872028 | -0.486863 | 
| -0.873392 | -0.274862 | -0.40204 | 
| -0.48441 | 0.404992 | 0.775453 | 
Eigenvector matrix Q_14
[[cMatrix]]
| -0.998959 | 0.0456207 | -4.01225e-10 | 
| -0.0456207 | -0.998959 | 3.943e-09 | 
| -2.20925e-10 | 3.9572e-09 | 1 | 
Number of iterations: 24
Eigenvector matrix after multiplying by Q_15:
[[cMatrix]]
| 0.0284231 | -0.873016 | -0.486863 | 
| 0.880014 | 0.252861 | -0.40204 | 
| 0.474096 | -0.417019 | 0.775453 | 
Eigenvector matrix Q_15
[[cMatrix]]
| -0.999685 | 0.0250919 | 5.90232e-11 | 
| -0.0250919 | -0.999685 | -1.05955e-09 | 
| 3.24185e-11 | -1.0607e-09 | 1 | 
Number of iterations: 24
Eigenvector matrix after multiplying by Q_16:
[[cMatrix]]
| -0.0164113 | 0.873324 | -0.486863 | 
| -0.883409 | -0.240731 | -0.40204 | 
| -0.468315 | 0.423501 | 0.775453 | 
Eigenvector matrix Q_16
[[cMatrix]]
| -0.999905 | 0.0137559 | -8.66104e-12 | 
| -0.0137559 | -0.999905 | 2.84004e-10 | 
| -4.75349e-12 | 2.84096e-10 | 1 | 
Number of iterations: 24
Eigenvector matrix after multiplying by Q_17:
[[cMatrix]]
| 0.00983127 | -0.873423 | -0.486863 | 
| 0.885198 | 0.234069 | -0.40204 | 
| 0.465111 | -0.427017 | 0.775453 | 
Eigenvector matrix Q_17
[[cMatrix]]
| -0.999972 | 0.0075339 | 1.26996e-12 | 
| -0.0075339 | -0.999972 | -7.60672e-11 | 
| 6.9684e-13 | -7.60746e-11 | 1 | 
Number of iterations: 24
Eigenvector matrix after multiplying by Q_18:
[[cMatrix]]
| -0.00622833 | 0.873456 | -0.486863 | 
| -0.886156 | -0.230415 | -0.40204 | 
| -0.463345 | 0.428932 | 0.775453 | 
Eigenvector matrix Q_18
[[cMatrix]]
| -0.999991 | 0.00412498 | -1.8617e-13 | 
| -0.00412498 | -0.999991 | 2.03691e-11 | 
| -1.02147e-13 | 2.03697e-11 | 1 | 
Number of iterations: 24
Eigenvector matrix after multiplying by Q_19:
[[cMatrix]]
| 0.00425577 | -0.873468 | -0.486863 | 
| 0.886674 | 0.228414 | -0.40204 | 
| 0.462375 | -0.429978 | 0.775453 | 
Eigenvector matrix Q_19
[[cMatrix]]
| -0.999997 | 0.00225832 | 2.72899e-14 | 
| -0.00225832 | -0.999997 | -5.45401e-12 | 
| 1.49729e-14 | -5.45406e-12 | 1 | 
Number of iterations: 24
Eigenvector matrix after multiplying by Q_20:
[[cMatrix]]
| -0.00317587 | 0.873473 | -0.486863 | 
| -0.886956 | -0.227317 | -0.40204 | 
| -0.461844 | 0.430549 | 0.775453 | 
Eigenvector matrix Q_20
[[cMatrix]]
| -0.999999 | 0.00123634 | -4.00023e-15 | 
| -0.00123634 | -0.999999 | 1.46033e-12 | 
| -2.19476e-15 | 1.46033e-12 | 1 | 
Number of iterations: 24
Eigenvector matrix after multiplying by Q_21:
[[cMatrix]]
| 0.00258467 | -0.873475 | -0.486863 | 
| 0.887109 | 0.226717 | -0.40204 | 
| 0.461552 | -0.430862 | 0.775453 | 
Eigenvector matrix Q_21
[[cMatrix]]
| -1 | 0.000676841 | 5.86361e-16 | 
| -0.000676841 | -1 | -3.91006e-13 | 
| 3.21711e-16 | -3.91007e-13 | 1 | 
Number of iterations: 24
Eigenvector matrix after multiplying by Q_22:
[[cMatrix]]
| -0.00226101 | 0.873475 | -0.486863 | 
| -0.887193 | -0.226388 | -0.40204 | 
| -0.461392 | 0.431033 | 0.775453 | 
Eigenvector matrix Q_22
[[cMatrix]]
| -1 | 0.000370539 | -8.59496e-17 | 
| -0.000370539 | -1 | 1.04693e-13 | 
| -4.71569e-17 | 1.04693e-13 | 1 | 
Number of iterations: 24
Eigenvector matrix after multiplying by Q_23:
[[cMatrix]]
| 0.00208382 | -0.873476 | -0.486863 | 
| 0.887239 | 0.226208 | -0.40204 | 
| 0.461305 | -0.431126 | 0.775453 | 
Eigenvector matrix Q_23
[[cMatrix]]
| -1 | 0.000202853 | 1.25986e-17 | 
| -0.000202853 | -1 | -2.80316e-14 | 
| 6.91233e-18 | -2.80316e-14 | 1 | 
Number of iterations: 24
Eigenvector matrix after multiplying by Q_24:
[[cMatrix]]
| -0.00198682 | 0.873476 | -0.486863 | 
| -0.887264 | -0.22611 | -0.40204 | 
| -0.461257 | 0.431177 | 0.775453 | 
Eigenvector matrix Q_24
[[cMatrix]]
| -1 | 0.000111053 | -1.84672e-18 | 
| -0.000111053 | -1 | 7.50549e-15 | 
| -1.01322e-18 | 7.50549e-15 | 1 | 
Number of iterations: 24
===========================SVD SECTION==========================
A*A' = 
[[cMatrix]]
| 1202.31 | -206.522 | 403.224 | 
| -206.522 | 2229.42 | 824.246 | 
| 403.224 | 824.246 | 1070.03 | 

Eigenvectors of A*A' (U) = 

[[cMatrix]]
| -0.00198682 | 0.873476 | -0.486863 | 
| -0.887264 | -0.22611 | -0.40204 | 
| -0.461257 | 0.431177 | 0.775453 | 

Singular values of A'*A (S) = 

[[cMatrix]]
| 51.5501 | 0 | 0 | 
| 0 | 38.142 | 0 | 
| 0 | 0 | 19.7365 | 

Eigenvectors of A'*A (V) = 

[[cMatrix]]
| 0.530606 | -0.0943306 | 0.842348 | 
| 0.840315 | 0.188813 | -0.508179 | 
| -0.111029 | 0.977472 | 0.179453 | 


Q_U = 
[[cMatrix]]
| -1 | 0.000111053 | -1.84672e-18 | 
| -0.000111053 | -1 | 7.50549e-15 | 
| -1.01322e-18 | 7.50549e-15 | 1 | 
Q_U iter = 24
Q_V = 
[[cMatrix]]
| 0 | 0 | 0 | 0 | 
| 0 | 0 | 0 | 0 | 
| 0 | 0 | 0 | 0 | 
| 0 | 0 | 0 | 0 | 
Q_V iter = 2685004



Original matrix A = U*S*V' = 
[[cMatrix]]
| -11.2912 | 11.0875 | 30.8526 | 
| -30.1395 | -36.0309 | -4.7756 | 
| -1.27614 | -24.6532 | 21.462 | 
===========================KABSCH SECTION==========================

Centroid of A = 
Vector contents:
| 3.85714 |
| 2.85714 |
| 5.42857 |

Centroid of B = 
Vector contents:
| 3.43127 |
| -5.76482 |
| 2.73924 |

A - centroidA =
[[cMatrix]]
| 1.14286 | -2.85714 | 3.14286 | 0.142857 | 0.142857 | 1.14286 | -2.85714 | 
| 5.14286 | -2.85714 | -1.85714 | 1.14286 | 0.142857 | 0.142857 | -1.85714 | 
| 1.57143 | 2.57143 | -0.428571 | -1.42857 | -4.42857 | 2.57143 | -0.428571 | 

B - centroidB =
[[cMatrix]]
| 2.75248 | 2.20839 | -2.64242 | -0.696441 | -3.40703 | 1.46597 | 0.319059 | 
| -4.20971 | 3.41973 | -1.30904 | -0.501931 | 0.665889 | -1.48458 | 3.41965 | 
| -2.21961 | 2.52334 | 2.19414 | -1.62185 | -2.75713 | 1.8936 | -0.01249 | 

H = 
[[cMatrix]]
| -11.2912 | 11.0875 | 30.8526 | 
| -30.1395 | -36.0309 | -4.7756 | 
| -1.27614 | -24.6532 | 21.462 | 

Det of R = 1

Rotation matrix = 
[[cMatrix]]
| -0.493558 | -0.788117 | 0.367783 | 
| 0.410667 | -0.583966 | -0.700259 | 
| 0.76665 | -0.194651 | 0.611834 | 

R * B = 
[[cMatrix]]
| 5.00017 | 1.00019 | 7.0001 | 4.00009 | 4.00001 | 5.00018 | 1.00011 | 
| 8.00037 | 0.000309473 | 1.0002 | 4.00021 | 3.00008 | 3.00035 | 1.00021 | 
| 7.00025 | 7.99994 | 5.00011 | 4.00014 | 1.00015 | 8.0001 | 5 | 

Translation matrix = 
Vector contents:
| -0.000121731 |
| -0.000248578 |
| -0.000100532 |

Result of the algorithm: 

R * B + t = A
[[cMatrix]]
| 5.00004 | 1.00007 | 6.99998 | 3.99997 | 3.99989 | 5.00006 | 0.999993 | 
| 8.00012 | 6.0895e-05 | 0.999956 | 3.99996 | 2.99983 | 3.0001 | 0.999958 | 
| 7.00015 | 7.99984 | 5.00001 | 4.00004 | 1.00005 | 8 | 4.9999 | 

Original matrix A = 
[[cMatrix]]
| 5 | 1 | 7 | 4 | 4 | 5 | 1 | 
| 8 | 0 | 1 | 4 | 3 | 3 | 1 | 
| 7 | 8 | 5 | 4 | 1 | 8 | 5 | 

Transformed matrix B = 
[[cMatrix]]
| 6.18375 | 5.63966 | 0.78885 | 2.73483 | 0.02424 | 4.89724 | 3.75033 | 
| -9.97453 | -2.34509 | -7.07386 | -6.26675 | -5.09893 | -7.2494 | -2.34517 | 
| 0.51963 | 5.26258 | 4.93338 | 1.11739 | -0.01789 | 4.63284 | 2.72675 | 
