
Original matrix A = 
[[cMatrix]]
| 5 | 6 | 1 | 5 | 7 | 4 | 6 | 6 | 4 | 3 | 
| 9 | 8 | 9 | 7 | 5 | 9 | 1 | 9 | 9 | 5 | 
| 6 | 3 | 6 | 2 | 6 | 0 | 2 | 0 | 4 | 2 | 

Transformed matrix B = 
[[cMatrix]]
| -7.27273 | -6.5553 | -3.87495 | -5.19387 | -9.03349 | -3.25859 | -6.13611 | -4.95748 | -5.36839 | -3.52591 | 
| 1.49381 | 3.88476 | -0.45222 | 3.75971 | 0.82674 | 5.63622 | 1.78609 | 6.60924 | 2.55028 | 1.96666 | 
| -9.32072 | -7.137 | -10.1381 | -6.07357 | -5.26428 | -7.39017 | -0.39757 | -6.9815 | -8.81343 | -4.65835 | 
===========================QR SECTION==========================
Vector x at 0 iter: 

Vector contents:
| 1011.92 |
| 746.752 |
| -711.403 |
Alpha 1444.9 at 0 iter: 

Vector u at 0 iter: 

Vector contents:
| 2456.82 |
| 746.752 |
| -711.403 |
Vector v at 0 iter: 

Vector contents:
| 0.922048 |
| 0.280257 |
| -0.26699 |
Q_tmp at 0 iter: 

[[cMatrix]]
| -0.700344 | -0.516821 | 0.492356 | 
| -0.516821 | 0.842912 | 0.149652 | 
| 0.492356 | 0.149652 | 0.857432 | 
Q_heap(0)

[[cMatrix]]
| -0.700344 | -0.516821 | 0.492356 | 
| -0.516821 | 0.842912 | 0.149652 | 
| 0.492356 | 0.149652 | 0.857432 | 
===========================QR SECTION==========================
Vector x at 1 iter: 

Vector contents:
| 1250.27 |
| 716.014 |
Alpha 1440.78 at 1 iter: 

Vector u at 1 iter: 

Vector contents:
| 2691.05 |
| 716.014 |
Vector v at 1 iter: 

Vector contents:
| 0.966378 |
| 0.257126 |
Q_tmp at 1 iter: 

[[cMatrix]]
| -0.867772 | -0.496962 | 
| -0.496962 | 0.867772 | 
Q_heap(1)

[[cMatrix]]
| 1 | 0 | 0 | 
| 0 | -0.867772 | -0.496962 | 
| 0 | -0.496962 | 0.867772 | 
===========================QR SECTION==========================
Vector x at 0 iter: 

Vector contents:
| 3214.42 |
| -717.518 |
| 1392.4 |
Alpha 3575.77 at 0 iter: 

Vector u at 0 iter: 

Vector contents:
| 6790.18 |
| -717.518 |
| 1392.4 |
Vector v at 0 iter: 

Vector contents:
| 0.974409 |
| -0.102966 |
| 0.199814 |
Q_tmp at 0 iter: 

[[cMatrix]]
| -0.898945 | 0.200661 | -0.3894 | 
| 0.200661 | 0.978796 | 0.0411479 | 
| -0.3894 | 0.0411479 | 0.920149 | 
Q_heap(0)

[[cMatrix]]
| -0.898945 | 0.200661 | -0.3894 | 
| 0.200661 | 0.978796 | 0.0411479 | 
| -0.3894 | 0.0411479 | 0.920149 | 
===========================QR SECTION==========================
Vector x at 1 iter: 

Vector contents:
| 2543.79 |
| -1051.66 |
Alpha 2752.61 at 1 iter: 

Vector u at 1 iter: 

Vector contents:
| 5296.4 |
| -1051.66 |
Vector v at 1 iter: 

Vector contents:
| 0.980851 |
| -0.194759 |
Q_tmp at 1 iter: 

[[cMatrix]]
| -0.924138 | 0.382059 | 
| 0.382059 | 0.924138 | 
Q_heap(1)

[[cMatrix]]
| 1 | 0 | 0 | 
| 0 | -0.924138 | 0.382059 | 
| 0 | 0.382059 | 0.924138 | 
===========================QR SECTION==========================
Vector x at 0 iter: 

Vector contents:
| 4477.38 |
| -1146.54 |
| -232.918 |
Alpha 4627.71 at 0 iter: 

Vector u at 0 iter: 

Vector contents:
| 9105.09 |
| -1146.54 |
| -232.918 |
Vector v at 0 iter: 

Vector contents:
| 0.991845 |
| -0.124897 |
| -0.0253725 |
Q_tmp at 0 iter: 

[[cMatrix]]
| -0.967514 | 0.247756 | 0.0503312 | 
| 0.247756 | 0.968802 | -0.00633788 | 
| 0.0503312 | -0.00633788 | 0.998712 | 
Q_heap(0)

[[cMatrix]]
| -0.967514 | 0.247756 | 0.0503312 | 
| 0.247756 | 0.968802 | -0.00633788 | 
| 0.0503312 | -0.00633788 | 0.998712 | 
===========================QR SECTION==========================
Vector x at 1 iter: 

Vector contents:
| 2548.49 |
| 111.047 |
Alpha 2550.91 at 1 iter: 

Vector u at 1 iter: 

Vector contents:
| 5099.4 |
| 111.047 |
Vector v at 1 iter: 

Vector contents:
| 0.999763 |
| 0.0217713 |
Q_tmp at 1 iter: 

[[cMatrix]]
| -0.999052 | -0.0435323 | 
| -0.0435323 | 0.999052 | 
Q_heap(1)

[[cMatrix]]
| 1 | 0 | 0 | 
| 0 | -0.999052 | -0.0435323 | 
| 0 | -0.0435323 | 0.999052 | 
===========================QR SECTION==========================
Vector x at 0 iter: 

Vector contents:
| 4949.09 |
| -639.178 |
| 25.1013 |
Alpha 4990.26 at 0 iter: 

Vector u at 0 iter: 

Vector contents:
| 9939.35 |
| -639.178 |
| 25.1013 |
Vector v at 0 iter: 

Vector contents:
| 0.997935 |
| -0.0641751 |
| 0.00252024 |
Q_tmp at 0 iter: 

[[cMatrix]]
| -0.99175 | 0.128085 | -0.00503007 | 
| 0.128085 | 0.991763 | 0.000323473 | 
| -0.00503007 | 0.000323473 | 0.999987 | 
Q_heap(0)

[[cMatrix]]
| -0.99175 | 0.128085 | -0.00503007 | 
| 0.128085 | 0.991763 | 0.000323473 | 
| -0.00503007 | 0.000323473 | 0.999987 | 
===========================QR SECTION==========================
Vector x at 1 iter: 

Vector contents:
| 2371.32 |
| -14.5093 |
Alpha 2371.37 at 1 iter: 

Vector u at 1 iter: 

Vector contents:
| 4742.69 |
| -14.5093 |
Vector v at 1 iter: 

Vector contents:
| 0.999995 |
| -0.00305927 |
Q_tmp at 1 iter: 

[[cMatrix]]
| -0.999981 | 0.00611852 | 
| 0.00611852 | 0.999981 | 
Q_heap(1)

[[cMatrix]]
| 1 | 0 | 0 | 
| 0 | -0.999981 | 0.00611852 | 
| 0 | 0.00611852 | 0.999981 | 
===========================QR SECTION==========================
Vector x at 0 iter: 

Vector contents:
| 5071.03 |
| -303.828 |
| -2.50249 |
Alpha 5080.12 at 0 iter: 

Vector u at 0 iter: 

Vector contents:
| 10151.1 |
| -303.828 |
| -2.50249 |
Vector v at 0 iter: 

Vector contents:
| 0.999552 |
| -0.029917 |
| -0.000246413 |
Q_tmp at 0 iter: 

[[cMatrix]]
| -0.99821 | 0.0598072 | 0.000492605 | 
| 0.0598072 | 0.99821 | -1.47439e-05 | 
| 0.000492605 | -1.47439e-05 | 1 | 
Q_heap(0)

[[cMatrix]]
| -0.99821 | 0.0598072 | 0.000492605 | 
| 0.0598072 | 0.99821 | -1.47439e-05 | 
| 0.000492605 | -1.47439e-05 | 1 | 
===========================QR SECTION==========================
Vector x at 1 iter: 

Vector contents:
| 2329.51 |
| 2.6987 |
Alpha 2329.51 at 1 iter: 

Vector u at 1 iter: 

Vector contents:
| 4659.02 |
| 2.6987 |
Vector v at 1 iter: 

Vector contents:
| 1 |
| 0.00057924 |
Q_tmp at 1 iter: 

[[cMatrix]]
| -0.999999 | -0.00115848 | 
| -0.00115848 | 0.999999 | 
Q_heap(1)

[[cMatrix]]
| 1 | 0 | 0 | 
| 0 | -0.999999 | -0.00115848 | 
| 0 | -0.00115848 | 0.999999 | 
===========================QR SECTION==========================
Vector x at 0 iter: 

Vector contents:
| 5097.58 |
| -139.323 |
| 0.245065 |
Alpha 5099.48 at 0 iter: 

Vector u at 0 iter: 

Vector contents:
| 10197.1 |
| -139.323 |
| 0.245065 |
Vector v at 0 iter: 

Vector contents:
| 0.999907 |
| -0.0136618 |
| 2.40307e-05 |
Q_tmp at 0 iter: 

[[cMatrix]]
| -0.999627 | 0.0273211 | -4.80568e-05 | 
| 0.0273211 | 0.999627 | 6.56605e-07 | 
| -4.80568e-05 | 6.56605e-07 | 1 | 
Q_heap(0)

[[cMatrix]]
| -0.999627 | 0.0273211 | -4.80568e-05 | 
| 0.0273211 | 0.999627 | 6.56605e-07 | 
| -4.80568e-05 | 6.56605e-07 | 1 | 
===========================QR SECTION==========================
Vector x at 1 iter: 

Vector contents:
| 2320.67 |
| -0.560772 |
Alpha 2320.67 at 1 iter: 

Vector u at 1 iter: 

Vector contents:
| 4641.34 |
| -0.560772 |
Vector v at 1 iter: 

Vector contents:
| 1 |
| -0.000120821 |
Q_tmp at 1 iter: 

[[cMatrix]]
| -1 | 0.000241642 | 
| 0.000241642 | 1 | 
Q_heap(1)

[[cMatrix]]
| 1 | 0 | 0 | 
| 0 | -1 | 0.000241642 | 
| 0 | 0.000241642 | 1 | 
===========================QR SECTION==========================
Vector x at 0 iter: 

Vector contents:
| 5103.12 |
| -63.4033 |
| -0.0239076 |
Alpha 5103.51 at 0 iter: 

Vector u at 0 iter: 

Vector contents:
| 10206.6 |
| -63.4033 |
| -0.0239076 |
Vector v at 0 iter: 

Vector contents:
| 0.999981 |
| -0.00621185 |
| -2.34232e-06 |
Q_tmp at 0 iter: 

[[cMatrix]]
| -0.999923 | 0.0124235 | 4.68454e-06 | 
| 0.0124235 | 0.999923 | -2.91002e-08 | 
| 4.68454e-06 | -2.91002e-08 | 1 | 
Q_heap(0)

[[cMatrix]]
| -0.999923 | 0.0124235 | 4.68454e-06 | 
| 0.0124235 | 0.999923 | -2.91002e-08 | 
| 4.68454e-06 | -2.91002e-08 | 1 | 
===========================QR SECTION==========================
Vector x at 1 iter: 

Vector contents:
| 2318.84 |
| 0.119523 |
Alpha 2318.84 at 1 iter: 

Vector u at 1 iter: 

Vector contents:
| 4637.68 |
| 0.119523 |
Vector v at 1 iter: 

Vector contents:
| 1 |
| 2.57721e-05 |
Q_tmp at 1 iter: 

[[cMatrix]]
| -1 | -5.15442e-05 | 
| -5.15442e-05 | 1 | 
Q_heap(1)

[[cMatrix]]
| 1 | 0 | 0 | 
| 0 | -1 | -5.15442e-05 | 
| 0 | -5.15442e-05 | 1 | 
===========================QR SECTION==========================
Vector x at 0 iter: 

Vector contents:
| 5104.26 |
| -28.808 |
| 0.0023305 |
Alpha 5104.35 at 0 iter: 

Vector u at 0 iter: 

Vector contents:
| 10208.6 |
| -28.808 |
| 0.0023305 |
Vector v at 0 iter: 

Vector contents:
| 0.999996 |
| -0.00282192 |
| 2.28287e-07 |
Q_tmp at 0 iter: 

[[cMatrix]]
| -0.999984 | 0.00564381 | -4.56572e-07 | 
| 0.00564381 | 0.999984 | 1.28841e-09 | 
| -4.56572e-07 | 1.28841e-09 | 1 | 
Q_heap(0)

[[cMatrix]]
| -0.999984 | 0.00564381 | -4.56572e-07 | 
| 0.00564381 | 0.999984 | 1.28841e-09 | 
| -4.56572e-07 | 1.28841e-09 | 1 | 
===========================QR SECTION==========================
Vector x at 1 iter: 

Vector contents:
| 2318.46 |
| -0.0256119 |
Alpha 2318.46 at 1 iter: 

Vector u at 1 iter: 

Vector contents:
| 4636.92 |
| -0.0256119 |
Vector v at 1 iter: 

Vector contents:
| 1 |
| -5.52348e-06 |
Q_tmp at 1 iter: 

[[cMatrix]]
| -1 | 1.1047e-05 | 
| 1.1047e-05 | 1 | 
Q_heap(1)

[[cMatrix]]
| 1 | 0 | 0 | 
| 0 | -1 | 1.1047e-05 | 
| 0 | 1.1047e-05 | 1 | 
===========================QR SECTION==========================
Vector x at 0 iter: 

Vector contents:
| 5104.5 |
| -13.085 |
| -0.000227138 |
Alpha 5104.52 at 0 iter: 

Vector u at 0 iter: 

Vector contents:
| 10209 |
| -13.085 |
| -0.000227138 |
Vector v at 0 iter: 

Vector contents:
| 0.999999 |
| -0.0012817 |
| -2.22488e-08 |
Q_tmp at 0 iter: 

[[cMatrix]]
| -0.999997 | 0.00256341 | 4.44975e-08 | 
| 0.00256341 | 0.999997 | -5.70327e-11 | 
| 4.44975e-08 | -5.70327e-11 | 1 | 
Q_heap(0)

[[cMatrix]]
| -0.999997 | 0.00256341 | 4.44975e-08 | 
| 0.00256341 | 0.999997 | -5.70327e-11 | 
| 4.44975e-08 | -5.70327e-11 | 1 | 
===========================QR SECTION==========================
Vector x at 1 iter: 

Vector contents:
| 2318.38 |
| 0.00549436 |
Alpha 2318.38 at 1 iter: 

Vector u at 1 iter: 

Vector contents:
| 4636.76 |
| 0.00549436 |
Vector v at 1 iter: 

Vector contents:
| 1 |
| 1.18496e-06 |
Q_tmp at 1 iter: 

[[cMatrix]]
| -1 | -2.36991e-06 | 
| -2.36991e-06 | 1 | 
Q_heap(1)

[[cMatrix]]
| 1 | 0 | 0 | 
| 0 | -1 | -2.36991e-06 | 
| 0 | -2.36991e-06 | 1 | 
===========================QR SECTION==========================
Vector x at 0 iter: 

Vector contents:
| 5104.55 |
| -5.94295 |
| 2.21369e-05 |
Alpha 5104.55 at 0 iter: 

Vector u at 0 iter: 

Vector contents:
| 10209.1 |
| -5.94295 |
| 2.21369e-05 |
Vector v at 0 iter: 

Vector contents:
| 1 |
| -0.000582123 |
| 2.16835e-09 |
Q_tmp at 0 iter: 

[[cMatrix]]
| -0.999999 | 0.00116425 | -4.3367e-09 | 
| 0.00116425 | 0.999999 | 2.52449e-12 | 
| -4.3367e-09 | 2.52449e-12 | 1 | 
Q_heap(0)

[[cMatrix]]
| -0.999999 | 0.00116425 | -4.3367e-09 | 
| 0.00116425 | 0.999999 | 2.52449e-12 | 
| -4.3367e-09 | 2.52449e-12 | 1 | 
===========================QR SECTION==========================
Vector x at 1 iter: 

Vector contents:
| 2318.36 |
| -0.00117894 |
Alpha 2318.36 at 1 iter: 

Vector u at 1 iter: 

Vector contents:
| 4636.73 |
| -0.00117894 |
Vector v at 1 iter: 

Vector contents:
| 1 |
| -2.54261e-07 |
Q_tmp at 1 iter: 

[[cMatrix]]
| -1 | 5.08523e-07 | 
| 5.08523e-07 | 1 | 
Q_heap(1)

[[cMatrix]]
| 1 | 0 | 0 | 
| 0 | -1 | 5.08523e-07 | 
| 0 | 5.08523e-07 | 1 | 
===========================QR SECTION==========================
Vector x at 0 iter: 

Vector contents:
| 5104.56 |
| -2.69915 |
| -2.15745e-06 |
Alpha 5104.56 at 0 iter: 

Vector u at 0 iter: 

Vector contents:
| 10209.1 |
| -2.69915 |
| -2.15745e-06 |
Vector v at 0 iter: 

Vector contents:
| 1 |
| -0.000264386 |
| -2.11326e-10 |
Q_tmp at 0 iter: 

[[cMatrix]]
| -1 | 0.000528772 | 4.22652e-10 | 
| 0.000528772 | 1 | -1.11743e-13 | 
| 4.22652e-10 | -1.11743e-13 | 1 | 
Q_heap(0)

[[cMatrix]]
| -1 | 0.000528772 | 4.22652e-10 | 
| 0.000528772 | 1 | -1.11743e-13 | 
| 4.22652e-10 | -1.11743e-13 | 1 | 
===========================QR SECTION==========================
Vector x at 1 iter: 

Vector contents:
| 2318.36 |
| 0.000252981 |
Alpha 2318.36 at 1 iter: 

Vector u at 1 iter: 

Vector contents:
| 4636.72 |
| 0.000252981 |
Vector v at 1 iter: 

Vector contents:
| 1 |
| 5.45602e-08 |
Q_tmp at 1 iter: 

[[cMatrix]]
| -1 | -1.0912e-07 | 
| -1.0912e-07 | 1 | 
Q_heap(1)

[[cMatrix]]
| 1 | 0 | 0 | 
| 0 | -1 | -1.0912e-07 | 
| 0 | -1.0912e-07 | 1 | 
===========================QR SECTION==========================
Vector x at 0 iter: 

Vector contents:
| 5104.56 |
| -1.22588 |
| 2.10264e-07 |
Alpha 5104.56 at 0 iter: 

Vector u at 0 iter: 

Vector contents:
| 10209.1 |
| -1.22588 |
| 2.10264e-07 |
Vector v at 0 iter: 

Vector contents:
| 1 |
| -0.000120077 |
| 2.05957e-11 |
Q_tmp at 0 iter: 

[[cMatrix]]
| -1 | 0.000240155 | -4.11913e-11 | 
| 0.000240155 | 1 | 4.94614e-15 | 
| -4.11913e-11 | 4.94614e-15 | 1 | 
Q_heap(0)

[[cMatrix]]
| -1 | 0.000240155 | -4.11913e-11 | 
| 0.000240155 | 1 | 4.94614e-15 | 
| -4.11913e-11 | 4.94614e-15 | 1 | 
===========================QR SECTION==========================
Vector x at 1 iter: 

Vector contents:
| 2318.36 |
| -5.42858e-05 |
Alpha 2318.36 at 1 iter: 

Vector u at 1 iter: 

Vector contents:
| 4636.72 |
| -5.42858e-05 |
Vector v at 1 iter: 

Vector contents:
| 1 |
| -1.17078e-08 |
Q_tmp at 1 iter: 

[[cMatrix]]
| -1 | 2.34156e-08 | 
| 2.34156e-08 | 1 | 
Q_heap(1)

[[cMatrix]]
| 1 | 0 | 0 | 
| 0 | -1 | 2.34156e-08 | 
| 0 | 2.34156e-08 | 1 | 
===========================QR SECTION==========================
Vector x at 0 iter: 

Vector contents:
| 5104.56 |
| -0.556765 |
| -2.04921e-08 |
Alpha 5104.56 at 0 iter: 

Vector u at 0 iter: 

Vector contents:
| 10209.1 |
| -0.556765 |
| -2.04921e-08 |
Vector v at 0 iter: 

Vector contents:
| 1 |
| -5.4536e-05 |
| -2.00724e-12 |
Q_tmp at 0 iter: 

[[cMatrix]]
| -1 | 0.000109072 | 4.01447e-12 | 
| 0.000109072 | 1 | -2.18933e-16 | 
| 4.01447e-12 | -2.18933e-16 | 1 | 
Q_heap(0)

[[cMatrix]]
| -1 | 0.000109072 | 4.01447e-12 | 
| 0.000109072 | 1 | -2.18933e-16 | 
| 4.01447e-12 | -2.18933e-16 | 1 | 
===========================QR SECTION==========================
Vector x at 1 iter: 

Vector contents:
| 2318.36 |
| 1.16489e-05 |
Alpha 2318.36 at 1 iter: 

Vector u at 1 iter: 

Vector contents:
| 4636.72 |
| 1.16489e-05 |
Vector v at 1 iter: 

Vector contents:
| 1 |
| 2.51232e-09 |
Q_tmp at 1 iter: 

[[cMatrix]]
| -1 | -5.02465e-09 | 
| -5.02465e-09 | 1 | 
Q_heap(1)

[[cMatrix]]
| 1 | 0 | 0 | 
| 0 | -1 | -5.02465e-09 | 
| 0 | -5.02465e-09 | 1 | 
===========================QR SECTION==========================
Vector x at 0 iter: 

Vector contents:
| 5104.56 |
| -0.252868 |
| 1.99715e-09 |
Alpha 5104.56 at 0 iter: 

Vector u at 0 iter: 

Vector contents:
| 10209.1 |
| -0.252868 |
| 1.99715e-09 |
Vector v at 0 iter: 

Vector contents:
| 1 |
| -2.47689e-05 |
| 1.95624e-13 |
Q_tmp at 0 iter: 

[[cMatrix]]
| -1 | 4.95377e-05 | -3.91247e-13 | 
| 4.95377e-05 | 1 | 9.69075e-18 | 
| -3.91247e-13 | 9.69075e-18 | 1 | 
Q_heap(0)

[[cMatrix]]
| -1 | 4.95377e-05 | -3.91247e-13 | 
| 4.95377e-05 | 1 | 9.69075e-18 | 
| -3.91247e-13 | 9.69075e-18 | 1 | 
===========================QR SECTION==========================
Vector x at 1 iter: 

Vector contents:
| 2318.36 |
| -2.4997e-06 |
Alpha 2318.36 at 1 iter: 

Vector u at 1 iter: 

Vector contents:
| 4636.72 |
| -2.4997e-06 |
Vector v at 1 iter: 

Vector contents:
| 1 |
| -5.39108e-10 |
Q_tmp at 1 iter: 

[[cMatrix]]
| -1 | 1.07822e-09 | 
| 1.07822e-09 | 1 | 
Q_heap(1)

[[cMatrix]]
| 1 | 0 | 0 | 
| 0 | -1 | 1.07822e-09 | 
| 0 | 1.07822e-09 | 1 | 
===========================EIGEN SECTION==========================
Eigenvalue matrix after 13 iterations of the QR algorithm
[[cMatrix]]
| 5104.56 | -0.252868 | 1.99715e-09 | 
| -0.252868 | 2318.36 | -2.4997e-06 | 
| 1.99715e-09 | -2.4997e-06 | 497.487 | 
Eigenvector matrix Q_0:
[[cMatrix]]
| -0.700344 | 0.2038 | 0.684093 | 
| -0.516821 | -0.805827 | -0.289032 | 
| 0.492356 | -0.555975 | 0.669685 | 
Eigenvector matrix after multiplying by Q_1:
[[cMatrix]]
| 0.40408 | 0.267402 | 0.874766 | 
| 0.415444 | 0.798346 | -0.435947 | 
| -0.814939 | 0.539574 | 0.211505 | 
Eigenvector matrix Q_1
[[cMatrix]]
| -0.898945 | -0.334213 | -0.283195 | 
| 0.200661 | -0.888822 | 0.411984 | 
| -0.3894 | 0.313525 | 0.866066 | 
Number of iterations: 13
Eigenvector matrix after multiplying by Q_2:
[[cMatrix]]
| -0.280675 | -0.392136 | 0.876043 | 
| -0.226095 | -0.860034 | -0.457409 | 
| 0.932793 | -0.326452 | 0.15273 | 
Eigenvector matrix Q_2
[[cMatrix]]
| -0.967514 | -0.249712 | 0.0394981 | 
| 0.247756 | -0.967607 | -0.048506 | 
| 0.0503312 | -0.0371444 | 0.998042 | 
Number of iterations: 13
Eigenvector matrix after multiplying by Q_3:
[[cMatrix]]
| 0.223726 | 0.429933 | 0.874702 | 
| 0.116373 | 0.879247 | -0.461932 | 
| -0.96768 | 0.205138 | 0.146678 | 
Eigenvector matrix Q_3
[[cMatrix]]
| -0.99175 | -0.128114 | -0.00424628 | 
| 0.128085 | -0.991743 | 0.00639159 | 
| -0.00503007 | 0.00579498 | 0.999971 | 
Number of iterations: 13
Eigenvector matrix after multiplying by Q_4:
[[cMatrix]]
| -0.197181 | -0.443544 | 0.874293 | 
| -0.0638069 | -0.884105 | -0.462912 | 
| 0.978288 | -0.147064 | 0.146028 | 
Eigenvector matrix Q_4
[[cMatrix]]
| -0.99821 | -0.0598078 | 0.000423319 | 
| 0.0598072 | -0.998209 | -0.00117115 | 
| 0.000492605 | -0.00114374 | 0.999999 | 
Number of iterations: 13
Eigenvector matrix after multiplying by Q_5:
[[cMatrix]]
| 0.184948 | 0.448977 | 0.874194 | 
| 0.0396506 | 0.885406 | -0.463124 | 
| -0.981948 | 0.120316 | 0.145952 | 
Eigenvector matrix Q_5
[[cMatrix]]
| -0.999627 | -0.0273211 | -4.14549e-05 | 
| 0.0273211 | -0.999627 | 0.000242209 | 
| -4.80568e-05 | 0.000240986 | 1 | 
Number of iterations: 13
Eigenvector matrix after multiplying by Q_6:
[[cMatrix]]
| -0.179352 | -0.451285 | 0.874171 | 
| -0.0286499 | -0.885807 | -0.463169 | 
| 0.983368 | -0.108115 | 0.145942 | 
Eigenvector matrix Q_6
[[cMatrix]]
| -0.999923 | -0.0124235 | 4.04419e-06 | 
| 0.0124235 | -0.999923 | -5.15693e-05 | 
| 4.68454e-06 | -5.15151e-05 | 1 | 
Number of iterations: 13
Eigenvector matrix after multiplying by Q_7:
[[cMatrix]]
| 0.176801 | 0.452299 | 0.874166 | 
| 0.0236503 | 0.885949 | -0.463179 | 
| -0.983962 | 0.102565 | 0.14594 | 
Eigenvector matrix Q_7
[[cMatrix]]
| -0.999984 | -0.00564381 | -3.94224e-07 | 
| 0.00564381 | -0.999984 | 1.10481e-05 | 
| -4.56572e-07 | 1.10457e-05 | 1 | 
Number of iterations: 13
Eigenvector matrix after multiplying by Q_8:
[[cMatrix]]
| -0.175641 | -0.452753 | 0.874165 | 
| -0.0213792 | -0.886006 | -0.463181 | 
| 0.984222 | -0.100043 | 0.14594 | 
Eigenvector matrix Q_8
[[cMatrix]]
| -0.999997 | -0.00256341 | 3.84224e-08 | 
| 0.00256341 | -0.999997 | -2.36996e-06 | 
| 4.44975e-08 | -2.36986e-06 | 1 | 
Number of iterations: 13
Eigenvector matrix after multiplying by Q_9:
[[cMatrix]]
| 0.175114 | 0.452958 | 0.874165 | 
| 0.0203477 | 0.88603 | -0.463182 | 
| -0.984338 | 0.0988968 | 0.14594 | 
Eigenvector matrix Q_9
[[cMatrix]]
| -0.999999 | -0.00116425 | -3.74465e-09 | 
| 0.00116425 | -0.999999 | 5.08525e-07 | 
| -4.3367e-09 | 5.0852e-07 | 1 | 
Number of iterations: 13
Eigenvector matrix after multiplying by Q_10:
[[cMatrix]]
| -0.174874 | -0.45305 | 0.874165 | 
| -0.0198792 | -0.88604 | -0.463182 | 
| 0.98439 | -0.0983763 | 0.14594 | 
Eigenvector matrix Q_10
[[cMatrix]]
| -1 | -0.000528772 | 3.64952e-10 | 
| 0.000528772 | -1 | -1.0912e-07 | 
| 4.22652e-10 | -1.0912e-07 | 1 | 
Number of iterations: 13
Eigenvector matrix after multiplying by Q_11:
[[cMatrix]]
| 0.174766 | 0.453092 | 0.874165 | 
| 0.0196664 | 0.886045 | -0.463182 | 
| -0.984414 | 0.0981399 | 0.14594 | 
Eigenvector matrix Q_11
[[cMatrix]]
| -1 | -0.000240155 | -3.55679e-11 | 
| 0.000240155 | -1 | 2.34156e-08 | 
| -4.11913e-11 | 2.34156e-08 | 1 | 
Number of iterations: 13
Eigenvector matrix after multiplying by Q_12:
[[cMatrix]]
| -0.174716 | -0.453111 | 0.874165 | 
| -0.0195697 | -0.886047 | -0.463182 | 
| 0.984424 | -0.0980326 | 0.14594 | 
Eigenvector matrix Q_12
[[cMatrix]]
| -1 | -0.000109072 | 3.46642e-12 | 
| 0.000109072 | -1 | -5.02465e-09 | 
| 4.01447e-12 | -5.02465e-09 | 1 | 
Number of iterations: 13
Eigenvector matrix after multiplying by Q_13:
[[cMatrix]]
| 0.174694 | 0.45312 | 0.874165 | 
| 0.0195258 | 0.886048 | -0.463182 | 
| -0.984429 | 0.0979838 | 0.14594 | 
Eigenvector matrix Q_13
[[cMatrix]]
| -1 | -4.95377e-05 | -3.37835e-13 | 
| 4.95377e-05 | -1 | 1.07822e-09 | 
| -3.91247e-13 | 1.07822e-09 | 1 | 
Number of iterations: 13
===========================SVD SECTION==========================
A*A' = 
[[cMatrix]]
| 1011.92 | 746.752 | -711.403 | 
| 746.752 | 1928.77 | 69.629 | 
| -711.403 | 69.629 | 4979.71 | 

Eigenvectors of A*A' (U) = 

[[cMatrix]]
| 0.174694 | 0.45312 | 0.874165 | 
| 0.0195258 | 0.886048 | -0.463182 | 
| -0.984429 | 0.0979838 | 0.14594 | 

Singular values of A'*A (S) = 

[[cMatrix]]
| 71.4462 | 0 | 0 | 
| 0 | 48.1494 | 0 | 
| 0 | 0 | 22.3044 | 

Eigenvectors of A'*A (V) = 

[[cMatrix]]
| -0.340046 | 0.0661968 | -0.938077 | 
| 0.908449 | 0.280933 | -0.309483 | 
| 0.243082 | -0.957442 | -0.155667 | 


Q_U = 
[[cMatrix]]
| -1 | -4.95377e-05 | -3.37835e-13 | 
| 4.95377e-05 | -1 | 1.07822e-09 | 
| -3.91247e-13 | 1.07822e-09 | 1 | 
Q_U iter = 13
Q_V = 
[[cMatrix]]
| 0 | 0 | 0 | 0 | 
| 0 | 0 | 0 | 0 | 
| 0 | 0 | 0 | 0 | 
| 0 | 0 | 0 | 0 | 
Q_V iter = 2685004



Original matrix A = U*S*V' = 
[[cMatrix]]
| -21.0903 | 11.4336 | -20.8901 | 
| 12.041 | 16.45 | -38.8997 | 
| 21.1755 | -63.5766 | -22.1206 | 
===========================KABSCH SECTION==========================

Centroid of A = 
Vector contents:
| 4.7 |
| 7.1 |
| 3.1 |

Centroid of B = 
Vector contents:
| -5.51768 |
| 2.80613 |
| -6.61746 |

A - centroidA =
[[cMatrix]]
| 0.3 | 1.3 | -3.7 | 0.3 | 2.3 | -0.7 | 1.3 | 1.3 | -0.7 | -1.7 | 
| 1.9 | 0.9 | 1.9 | -0.1 | -2.1 | 1.9 | -6.1 | 1.9 | 1.9 | -2.1 | 
| 2.9 | -0.1 | 2.9 | -1.1 | 2.9 | -3.1 | -1.1 | -3.1 | 0.9 | -1.1 | 

B - centroidB =
[[cMatrix]]
| -1.75505 | -1.03762 | 1.64273 | 0.323812 | -3.51581 | 2.25909 | -0.618428 | 0.560202 | 0.149292 | 1.99177 | 
| -1.31232 | 1.07863 | -3.25835 | 0.953581 | -1.97939 | 2.83009 | -1.02004 | 3.80311 | -0.255849 | -0.839469 | 
| -2.70325 | -0.519535 | -3.5206 | 0.543895 | 1.35318 | -0.772705 | 6.2199 | -0.364035 | -2.19597 | 1.95912 | 

H = 
[[cMatrix]]
| -21.0903 | 11.4336 | -20.8901 | 
| 12.041 | 16.45 | -38.8997 | 
| 21.1755 | -63.5766 | -22.1206 | 

Det of R = 1

Rotation matrix = 
[[cMatrix]]
| -0.849443 | 0.486514 | 0.204335 | 
| 0.0154573 | 0.410006 | -0.911943 | 
| -0.527449 | -0.771491 | -0.355829 | 

R * B = 
[[cMatrix]]
| 4.99997 | 6 | 0.999973 | 5 | 6.99997 | 4.00001 | 5.99999 | 6.00002 | 3.99999 | 3 | 
| 9.00002 | 7.99998 | 9.00002 | 6.99997 | 5.00006 | 8.99992 | 1.00002 | 8.99992 | 8.99999 | 4.99999 | 
| 6.00012 | 3.00008 | 6.00014 | 2.00007 | 6.00007 | 8.22666e-05 | 2 | 6.81716e-05 | 4.00011 | 2.00005 | 

Translation matrix = 
Vector contents:
| 6.60094e-06 |
| 1.12766e-05 |
| -7.86724e-05 |

Result of the algorithm: 

R * B + t = A
[[cMatrix]]
| 4.99998 | 6.00001 | 0.999979 | 5.00001 | 6.99998 | 4.00002 | 6 | 6.00002 | 4 | 3.00001 | 
| 9.00003 | 7.99999 | 9.00003 | 6.99998 | 5.00007 | 8.99994 | 1.00003 | 8.99993 | 9 | 5 | 
| 6.00004 | 3 | 6.00006 | 1.99999 | 5.99999 | 3.59425e-06 | 1.99992 | -1.05007e-05 | 4.00003 | 1.99997 | 

Original matrix A = 
[[cMatrix]]
| 5 | 6 | 1 | 5 | 7 | 4 | 6 | 6 | 4 | 3 | 
| 9 | 8 | 9 | 7 | 5 | 9 | 1 | 9 | 9 | 5 | 
| 6 | 3 | 6 | 2 | 6 | 0 | 2 | 0 | 4 | 2 | 

Transformed matrix B = 
[[cMatrix]]
| -7.27273 | -6.5553 | -3.87495 | -5.19387 | -9.03349 | -3.25859 | -6.13611 | -4.95748 | -5.36839 | -3.52591 | 
| 1.49381 | 3.88476 | -0.45222 | 3.75971 | 0.82674 | 5.63622 | 1.78609 | 6.60924 | 2.55028 | 1.96666 | 
| -9.32072 | -7.137 | -10.1381 | -6.07357 | -5.26428 | -7.39017 | -0.39757 | -6.9815 | -8.81343 | -4.65835 | 
