
Original matrix A = 
[[cMatrix]]
| 8 | 6 | 9 | 2 | 1 | 4 | 2 | 
| 8 | 4 | 1 | 6 | 9 | 4 | 0 | 
| 9 | 3 | 8 | 6 | 2 | 2 | 9 | 

Transformed matrix B = 
[[cMatrix]]
| 5.94217 | 0.90146 | 4.63699 | 5.05042 | 1.60891 | 0.60745 | 7.85763 | 
| -12.3483 | -6.9326 | -6.7701 | -7.10566 | -8.45238 | -5.74837 | -2.54673 | 
| 4.60545 | 3.48231 | 8.86928 | 0.05358 | -3.45958 | 1.6085 | 4.09533 | 
===========================QR SECTION==========================
Vector x at 0 iter: 

Vector contents:
| 2906.39 |
| 701.603 |
| 3637.29 |
Alpha 4708.42 at 0 iter: 

Vector u at 0 iter: 

Vector contents:
| 7614.81 |
| 701.603 |
| 3637.29 |
Vector v at 0 iter: 

Vector contents:
| 0.899243 |
| 0.0828532 |
| 0.429532 |
Q_tmp at 0 iter: 

[[cMatrix]]
| -0.617275 | -0.14901 | -0.772507 | 
| -0.14901 | 0.986271 | -0.0711763 | 
| -0.772507 | -0.0711763 | 0.631004 | 
Q_heap(0)

[[cMatrix]]
| -0.617275 | -0.14901 | -0.772507 | 
| -0.14901 | 0.986271 | -0.0711763 | 
| -0.772507 | -0.0711763 | 0.631004 | 
===========================QR SECTION==========================
Vector x at 1 iter: 

Vector contents:
| 2563.92 |
| -159.98 |
Alpha 2568.91 at 1 iter: 

Vector u at 1 iter: 

Vector contents:
| 5132.83 |
| -159.98 |
Vector v at 1 iter: 

Vector contents:
| 0.999515 |
| -0.0311529 |
Q_tmp at 1 iter: 

[[cMatrix]]
| -0.998059 | 0.0622755 | 
| 0.0622755 | 0.998059 | 
Q_heap(1)

[[cMatrix]]
| 1 | 0 | 0 | 
| 0 | -0.998059 | 0.0622755 | 
| 0 | 0.0622755 | 0.998059 | 
===========================QR SECTION==========================
Vector x at 0 iter: 

Vector contents:
| 10282.1 |
| 43.8242 |
| -2094.18 |
Alpha 10493.3 at 0 iter: 

Vector u at 0 iter: 

Vector contents:
| 20775.4 |
| 43.8242 |
| -2094.18 |
Vector v at 0 iter: 

Vector contents:
| 0.994956 |
| 0.00209879 |
| -0.100293 |
Q_tmp at 0 iter: 

[[cMatrix]]
| -0.979874 | -0.0041764 | 0.199573 | 
| -0.0041764 | 0.999991 | 0.000420985 | 
| 0.199573 | 0.000420985 | 0.979883 | 
Q_heap(0)

[[cMatrix]]
| -0.979874 | -0.0041764 | 0.199573 | 
| -0.0041764 | 0.999991 | 0.000420985 | 
| 0.199573 | 0.000420985 | 0.979883 | 
===========================QR SECTION==========================
Vector x at 1 iter: 

Vector contents:
| 2588.44 |
| 302.923 |
Alpha 2606.11 at 1 iter: 

Vector u at 1 iter: 

Vector contents:
| 5194.55 |
| 302.923 |
Vector v at 1 iter: 

Vector contents:
| 0.998304 |
| 0.0582165 |
Q_tmp at 1 iter: 

[[cMatrix]]
| -0.993222 | -0.116236 | 
| -0.116236 | 0.993222 | 
Q_heap(1)

[[cMatrix]]
| 1 | 0 | 0 | 
| 0 | -0.993222 | -0.116236 | 
| 0 | -0.116236 | 0.993222 | 
===========================QR SECTION==========================
Vector x at 0 iter: 

Vector contents:
| 10758.9 |
| -79.121 |
| 239.295 |
Alpha 10761.8 at 0 iter: 

Vector u at 0 iter: 

Vector contents:
| 21520.7 |
| -79.121 |
| 239.295 |
Vector v at 0 iter: 

Vector contents:
| 0.999931 |
| -0.00367625 |
| 0.0111185 |
Q_tmp at 0 iter: 

[[cMatrix]]
| -0.999726 | 0.007352 | -0.0222355 | 
| 0.007352 | 0.999973 | 8.17489e-05 | 
| -0.0222355 | 8.17489e-05 | 0.999753 | 
Q_heap(0)

[[cMatrix]]
| -0.999726 | 0.007352 | -0.0222355 | 
| 0.007352 | 0.999973 | 8.17489e-05 | 
| -0.0222355 | 8.17489e-05 | 0.999753 | 
===========================QR SECTION==========================
Vector x at 1 iter: 

Vector contents:
| 2639.44 |
| -135.059 |
Alpha 2642.89 at 1 iter: 

Vector u at 1 iter: 

Vector contents:
| 5282.33 |
| -135.059 |
Vector v at 1 iter: 

Vector contents:
| 0.999673 |
| -0.0255597 |
Q_tmp at 1 iter: 

[[cMatrix]]
| -0.998693 | 0.0511027 | 
| 0.0511027 | 0.998693 | 
Q_heap(1)

[[cMatrix]]
| 1 | 0 | 0 | 
| 0 | -0.998693 | 0.0511027 | 
| 0 | 0.0511027 | 0.998693 | 
===========================QR SECTION==========================
Vector x at 0 iter: 

Vector contents:
| 10765.6 |
| -23.7526 |
| -25.634 |
Alpha 10765.6 at 0 iter: 

Vector u at 0 iter: 

Vector contents:
| 21531.2 |
| -23.7526 |
| -25.634 |
Vector v at 0 iter: 

Vector contents:
| 0.999999 |
| -0.00110317 |
| -0.00119055 |
Q_tmp at 0 iter: 

[[cMatrix]]
| -0.999995 | 0.00220634 | 0.0023811 | 
| 0.00220634 | 0.999998 | -2.62677e-06 | 
| 0.0023811 | -2.62677e-06 | 0.999997 | 
Q_heap(0)

[[cMatrix]]
| -0.999995 | 0.00220634 | 0.0023811 | 
| 0.00220634 | 0.999998 | -2.62677e-06 | 
| 0.0023811 | -2.62677e-06 | 0.999997 | 
===========================QR SECTION==========================
Vector x at 1 iter: 

Vector contents:
| 2649.21 |
| 58.741 |
Alpha 2649.86 at 1 iter: 

Vector u at 1 iter: 

Vector contents:
| 5299.08 |
| 58.741 |
Vector v at 1 iter: 

Vector contents:
| 0.999939 |
| 0.0110845 |
Q_tmp at 1 iter: 

[[cMatrix]]
| -0.999754 | -0.0221675 | 
| -0.0221675 | 0.999754 | 
Q_heap(1)

[[cMatrix]]
| 1 | 0 | 0 | 
| 0 | -0.999754 | -0.0221675 | 
| 0 | -0.0221675 | 0.999754 | 
===========================QR SECTION==========================
Vector x at 0 iter: 

Vector contents:
| 10765.7 |
| -6.0471 |
| 2.73685 |
Alpha 10765.7 at 0 iter: 

Vector u at 0 iter: 

Vector contents:
| 21531.4 |
| -6.0471 |
| 2.73685 |
Vector v at 0 iter: 

Vector contents:
| 1 |
| -0.00028085 |
| 0.00012711 |
Q_tmp at 0 iter: 

[[cMatrix]]
| -1 | 0.000561701 | -0.00025422 | 
| 0.000561701 | 1 | 7.13977e-08 | 
| -0.00025422 | 7.13977e-08 | 1 | 
Q_heap(0)

[[cMatrix]]
| -1 | 0.000561701 | -0.00025422 | 
| 0.000561701 | 1 | 7.13977e-08 | 
| -0.00025422 | 7.13977e-08 | 1 | 
===========================QR SECTION==========================
Vector x at 1 iter: 

Vector contents:
| 2651.07 |
| -25.4747 |
Alpha 2651.19 at 1 iter: 

Vector u at 1 iter: 

Vector contents:
| 5302.26 |
| -25.4747 |
Vector v at 1 iter: 

Vector contents:
| 0.999988 |
| -0.00480444 |
Q_tmp at 1 iter: 

[[cMatrix]]
| -0.999954 | 0.00960877 | 
| 0.00960877 | 0.999954 | 
Q_heap(1)

[[cMatrix]]
| 1 | 0 | 0 | 
| 0 | -0.999954 | 0.00960877 | 
| 0 | 0.00960877 | 0.999954 | 
===========================QR SECTION==========================
Vector x at 0 iter: 

Vector contents:
| 10765.7 |
| -1.49846 |
| -0.292053 |
Alpha 10765.7 at 0 iter: 

Vector u at 0 iter: 

Vector contents:
| 21531.4 |
| -1.49846 |
| -0.292053 |
Vector v at 0 iter: 

Vector contents:
| 1 |
| -6.95942e-05 |
| -1.35641e-05 |
Q_tmp at 0 iter: 

[[cMatrix]]
| -1 | 0.000139188 | 2.71281e-05 | 
| 0.000139188 | 1 | -1.88796e-09 | 
| 2.71281e-05 | -1.88796e-09 | 1 | 
Q_heap(0)

[[cMatrix]]
| -1 | 0.000139188 | 2.71281e-05 | 
| 0.000139188 | 1 | -1.88796e-09 | 
| 2.71281e-05 | -1.88796e-09 | 1 | 
===========================QR SECTION==========================
Vector x at 1 iter: 

Vector contents:
| 2651.42 |
| 11.0386 |
Alpha 2651.44 at 1 iter: 

Vector u at 1 iter: 

Vector contents:
| 5302.86 |
| 11.0386 |
Vector v at 1 iter: 

Vector contents:
| 0.999998 |
| 0.00208163 |
Q_tmp at 1 iter: 

[[cMatrix]]
| -0.999991 | -0.00416326 | 
| -0.00416326 | 0.999991 | 
Q_heap(1)

[[cMatrix]]
| 1 | 0 | 0 | 
| 0 | -0.999991 | -0.00416326 | 
| 0 | -0.00416326 | 0.999991 | 
===========================QR SECTION==========================
Vector x at 0 iter: 

Vector contents:
| 10765.7 |
| -0.369479 |
| 0.0311624 |
Alpha 10765.7 at 0 iter: 

Vector u at 0 iter: 

Vector contents:
| 21531.4 |
| -0.369479 |
| 0.0311624 |
Vector v at 0 iter: 

Vector contents:
| 1 |
| -1.716e-05 |
| 1.4473e-06 |
Q_tmp at 0 iter: 

[[cMatrix]]
| -1 | 3.432e-05 | -2.89461e-06 | 
| 3.432e-05 | 1 | 4.96715e-11 | 
| -2.89461e-06 | 4.96715e-11 | 1 | 
Q_heap(0)

[[cMatrix]]
| -1 | 3.432e-05 | -2.89461e-06 | 
| 3.432e-05 | 1 | 4.96715e-11 | 
| -2.89461e-06 | 4.96715e-11 | 1 | 
===========================QR SECTION==========================
Vector x at 1 iter: 

Vector contents:
| 2651.48 |
| -4.78238 |
Alpha 2651.49 at 1 iter: 

Vector u at 1 iter: 

Vector contents:
| 5302.97 |
| -4.78238 |
Vector v at 1 iter: 

Vector contents:
| 1 |
| -0.00090183 |
Q_tmp at 1 iter: 

[[cMatrix]]
| -0.999998 | 0.00180366 | 
| 0.00180366 | 0.999998 | 
Q_heap(1)

[[cMatrix]]
| 1 | 0 | 0 | 
| 0 | -0.999998 | 0.00180366 | 
| 0 | 0.00180366 | 0.999998 | 
===========================QR SECTION==========================
Vector x at 0 iter: 

Vector contents:
| 10765.7 |
| -0.0910191 |
| -0.00332501 |
Alpha 10765.7 at 0 iter: 

Vector u at 0 iter: 

Vector contents:
| 21531.4 |
| -0.0910191 |
| -0.00332501 |
Vector v at 0 iter: 

Vector contents:
| 1 |
| -4.22727e-06 |
| -1.54426e-07 |
Q_tmp at 0 iter: 

[[cMatrix]]
| -1 | 8.45455e-06 | 3.08852e-07 | 
| 8.45455e-06 | 1 | -1.3056e-12 | 
| 3.08852e-07 | -1.3056e-12 | 1 | 
Q_heap(0)

[[cMatrix]]
| -1 | 8.45455e-06 | 3.08852e-07 | 
| 8.45455e-06 | 1 | -1.3056e-12 | 
| 3.08852e-07 | -1.3056e-12 | 1 | 
===========================QR SECTION==========================
Vector x at 1 iter: 

Vector contents:
| 2651.5 |
| 2.07185 |
Alpha 2651.5 at 1 iter: 

Vector u at 1 iter: 

Vector contents:
| 5303 |
| 2.07185 |
Vector v at 1 iter: 

Vector contents:
| 1 |
| 0.000390694 |
Q_tmp at 1 iter: 

[[cMatrix]]
| -1 | -0.000781388 | 
| -0.000781388 | 1 | 
Q_heap(1)

[[cMatrix]]
| 1 | 0 | 0 | 
| 0 | -1 | -0.000781388 | 
| 0 | -0.000781388 | 1 | 
===========================EIGEN SECTION==========================
Eigenvalue matrix after 7 iterations of the QR algorithm
[[cMatrix]]
| 10765.7 | -0.0910191 | -0.00332501 | 
| -0.0910191 | 2651.5 | 2.07185 | 
| -0.00332501 | 2.07185 | 1148.69 | 
Eigenvector matrix Q_0:
[[cMatrix]]
| -0.617275 | 0.100613 | -0.780288 | 
| -0.14901 | -0.988789 | -0.00961758 | 
| -0.772507 | 0.110334 | 0.625347 | 
Eigenvector matrix after multiplying by Q_1:
[[cMatrix]]
| 0.448707 | 0.00102275 | -0.893678 | 
| 0.148222 | 0.986064 | 0.075549 | 
| 0.881302 | -0.166362 | 0.442302 | 
Eigenvector matrix Q_1
[[cMatrix]]
| -0.979874 | -0.0190494 | 0.198706 | 
| -0.0041764 | -0.993262 | -0.115816 | 
| 0.199573 | -0.114315 | 0.973192 | 
Number of iterations: 7
Eigenvector matrix after multiplying by Q_2:
[[cMatrix]]
| -0.428705 | -0.050411 | -0.902037 | 
| -0.142611 | -0.982148 | 0.122666 | 
| -0.892118 | 0.181228 | 0.413863 | 
Eigenvector matrix Q_2
[[cMatrix]]
| -0.999726 | -0.00847869 | -0.0218307 | 
| 0.007352 | -0.998662 | 0.051183 | 
| -0.0222355 | 0.0510084 | 0.998451 | 
Number of iterations: 7
Eigenvector matrix after multiplying by Q_3:
[[cMatrix]]
| 0.426444 | 0.0713602 | -0.901695 | 
| 0.140736 | 0.979508 | 0.144077 | 
| 0.893498 | -0.188341 | 0.407662 | 
Eigenvector matrix Q_3
[[cMatrix]]
| -0.999995 | -0.00225858 | 0.00233161 | 
| 0.00220634 | -0.999752 | -0.0221701 | 
| 0.0023811 | -0.0221649 | 0.999751 | 
Number of iterations: 7
Eigenvector matrix after multiplying by Q_4:
[[cMatrix]]
| -0.426174 | -0.0802616 | -0.901074 | 
| -0.140222 | -0.978157 | 0.153448 | 
| -0.893708 | 0.191746 | 0.405611 | 
Eigenvector matrix Q_4
[[cMatrix]]
| -1 | -0.000564118 | -0.000248811 | 
| 0.000561701 | -0.999954 | 0.00960884 | 
| -0.00025422 | 0.0096087 | 0.999954 | 
Number of iterations: 7
Eigenvector matrix after multiplying by Q_5:
[[cMatrix]]
| 0.426139 | 0.0840717 | -0.900743 | 
| 0.14009 | 0.977529 | 0.157515 | 
| 0.893745 | -0.193308 | 0.404786 | 
Eigenvector matrix Q_5
[[cMatrix]]
| -1 | -0.0001393 | 2.65484e-05 | 
| 0.000139188 | -0.999991 | -0.00416326 | 
| 2.71281e-05 | -0.00416326 | 0.999991 | 
Number of iterations: 7
Eigenvector matrix after multiplying by Q_6:
[[cMatrix]]
| -0.426133 | -0.0857108 | -0.900591 | 
| -0.140057 | -0.977249 | 0.159277 | 
| -0.893753 | 0.194007 | 0.404434 | 
Eigenvector matrix Q_6
[[cMatrix]]
| -1 | -3.43252e-05 | -2.8327e-06 | 
| 3.432e-05 | -0.999998 | 0.00180366 | 
| -2.89461e-06 | 0.00180366 | 0.999998 | 
Number of iterations: 7
Eigenvector matrix after multiplying by Q_7:
[[cMatrix]]
| 0.426132 | 0.0864181 | -0.900524 | 
| 0.140049 | 0.977125 | 0.160041 | 
| 0.893755 | -0.194316 | 0.404282 | 
Eigenvector matrix Q_7
[[cMatrix]]
| -1 | -8.45479e-06 | 3.02246e-07 | 
| 8.45455e-06 | -1 | -0.000781388 | 
| 3.08852e-07 | -0.000781388 | 1 | 
Number of iterations: 7
===========================SVD SECTION==========================
A*A' = 
[[cMatrix]]
| 2906.39 | 701.603 | 3637.29 | 
| 701.603 | 2771.87 | 918.067 | 
| 3637.29 | 918.067 | 8887.62 | 

Eigenvectors of A*A' (U) = 

[[cMatrix]]
| 0.426132 | 0.0864181 | -0.900524 | 
| 0.140049 | 0.977125 | 0.160041 | 
| 0.893755 | -0.194316 | 0.404282 | 

Singular values of A'*A (S) = 

[[cMatrix]]
| 103.758 | 0 | 0 | 
| 0 | 51.4927 | 0 | 
| 0 | 0 | 33.8923 | 

Eigenvectors of A'*A (V) = 

[[cMatrix]]
| 0.503471 | -0.678696 | 0.535037 | 
| -0.594229 | -0.721239 | -0.355583 | 
| 0.627223 | -0.138517 | -0.766351 | 


Q_U = 
[[cMatrix]]
| -1 | -8.45479e-06 | 3.02246e-07 | 
| 8.45455e-06 | -1 | -0.000781388 | 
| 3.08852e-07 | -0.000781388 | 1 | 
Q_U iter = 7
Q_V = 
[[cMatrix]]
| 0 | 0 | 0 | 0 | 
| 0 | 0 | 0 | 0 | 
| 0 | 0 | 0 | 0 | 
| 0 | 0 | 0 | 0 | 
Q_V iter = 2685004



Original matrix A = U*S*V' = 
[[cMatrix]]
| 2.91085 | -18.6303 | 50.5057 | 
| -23.9303 | -46.8525 | -2.01198 | 
| 60.811 | -52.7609 | 49.0504 | 
===========================KABSCH SECTION==========================

Centroid of A = 
Vector contents:
| 4.57143 |
| 4.57143 |
| 5.57143 |

Centroid of B = 
Vector contents:
| 3.80072 |
| -7.12916 |
| 2.7507 |

A - centroidA =
[[cMatrix]]
| 3.42857 | 1.42857 | 4.42857 | -2.57143 | -3.57143 | -0.571429 | -2.57143 | 
| 3.42857 | -0.571429 | -3.57143 | 1.42857 | 4.42857 | -0.571429 | -4.57143 | 
| 3.42857 | -2.57143 | 2.42857 | 0.428571 | -3.57143 | -3.57143 | 3.42857 | 

B - centroidB =
[[cMatrix]]
| 2.14145 | -2.89926 | 0.836271 | 1.2497 | -2.19181 | -3.19327 | 4.05691 | 
| -5.21914 | 0.196563 | 0.359063 | 0.0235029 | -1.32322 | 1.38079 | 4.58243 | 
| 1.85475 | 0.731614 | 6.11858 | -2.69712 | -6.21028 | -1.1422 | 1.34463 | 

H = 
[[cMatrix]]
| 2.91085 | -18.6303 | 50.5057 | 
| -23.9303 | -46.8525 | -2.01198 | 
| 60.811 | -52.7609 | 49.0504 | 

Det of R = 0.999999

Rotation matrix = 
[[cMatrix]]
| -0.32592 | -0.507033 | 0.798167 | 
| 0.00466331 | -0.844869 | -0.534703 | 
| 0.945427 | -0.170154 | 0.277678 | 

R * B = 
[[cMatrix]]
| 8.00024 | 6.00072 | 9.00054 | 1.99954 | 0.999939 | 4.00048 | 1.99908 | 
| 7.99786 | 3.99934 | 0.999045 | 5.99826 | 8.99851 | 3.99938 | -0.00148749 | 
| 8.99783 | 2.99884 | 7.9987 | 5.99874 | 1.99866 | 1.99905 | 8.99934 | 

Translation matrix = 
Vector contents:
| -7.64125e-05 |
| 0.00129872 |
| 0.00126269 |

Result of the algorithm: 

R * B + t = A
[[cMatrix]]
| 8.00016 | 6.00064 | 9.00046 | 1.99946 | 0.999862 | 4.00041 | 1.999 | 
| 7.99916 | 4.00064 | 1.00034 | 5.99955 | 8.9998 | 4.00068 | -0.000188764 | 
| 8.9991 | 3.0001 | 7.99996 | 6 | 1.99993 | 2.00032 | 9.0006 | 

Original matrix A = 
[[cMatrix]]
| 8 | 6 | 9 | 2 | 1 | 4 | 2 | 
| 8 | 4 | 1 | 6 | 9 | 4 | 0 | 
| 9 | 3 | 8 | 6 | 2 | 2 | 9 | 

Transformed matrix B = 
[[cMatrix]]
| 5.94217 | 0.90146 | 4.63699 | 5.05042 | 1.60891 | 0.60745 | 7.85763 | 
| -12.3483 | -6.9326 | -6.7701 | -7.10566 | -8.45238 | -5.74837 | -2.54673 | 
| 4.60545 | 3.48231 | 8.86928 | 0.05358 | -3.45958 | 1.6085 | 4.09533 | 
