
Original matrix A = 
[[cMatrix]]
| 2 | 1 | 8 | 1 | 7 | 7 | 3 | 7 | 5 | 4 | 5 | 3 | 
| 3 | 8 | 0 | 7 | 2 | 5 | 8 | 7 | 6 | 8 | 1 | 2 | 
| 1 | 3 | 5 | 4 | 2 | 2 | 4 | 2 | 1 | 9 | 9 | 5 | 

Transformed matrix B = 
[[cMatrix]]
| 0.60443 | -0.54088 | 8.0519 | 0.59428 | 4.50278 | 3.27578 | 1.29055 | 2.45777 | 1.03534 | 5.474 | 8.88964 | 4.47072 | 
| 0.67368 | 4.65435 | -1.41835 | 4.94133 | -2.07265 | -0.87264 | 4.12801 | -0.07263 | 0.0537 | 6.9563 | 3.54961 | 2.41497 | 
| -3.63054 | -7.21419 | -4.70693 | -6.42106 | -5.69466 | -8.15523 | -8.38415 | -9.79561 | -7.80546 | -9.09094 | -3.92105 | -3.49007 | 
===========================QR SECTION==========================
Vector x at 0 iter: 

Vector contents:
| 10987.9 |
| -3005.17 |
| 4211.6 |
Alpha 12145.1 at 0 iter: 

Vector u at 0 iter: 

Vector contents:
| 23133 |
| -3005.17 |
| 4211.6 |
Vector v at 0 iter: 

Vector contents:
| 0.97589 |
| -0.126776 |
| 0.177671 |
Q_tmp at 0 iter: 

[[cMatrix]]
| -0.904722 | 0.247439 | -0.346774 | 
| 0.247439 | 0.967856 | 0.0450489 | 
| -0.346774 | 0.0450489 | 0.936866 | 
Q_heap(0)

[[cMatrix]]
| -0.904722 | 0.247439 | -0.346774 | 
| 0.247439 | 0.967856 | 0.0450489 | 
| -0.346774 | 0.0450489 | 0.936866 | 
===========================QR SECTION==========================
Vector x at 1 iter: 

Vector contents:
| 7976.65 |
| -597.546 |
Alpha 7999 at 1 iter: 

Vector u at 1 iter: 

Vector contents:
| 15975.7 |
| -597.546 |
Vector v at 1 iter: 

Vector contents:
| 0.999301 |
| -0.0373774 |
Q_tmp at 1 iter: 

[[cMatrix]]
| -0.997206 | 0.0747026 | 
| 0.0747026 | 0.997206 | 
Q_heap(1)

[[cMatrix]]
| 1 | 0 | 0 | 
| 0 | -0.997206 | 0.0747026 | 
| 0 | 0.0747026 | 0.997206 | 
===========================QR SECTION==========================
Vector x at 0 iter: 

Vector contents:
| 14365.3 |
| -2343.43 |
| -649.473 |
Alpha 14569.7 at 0 iter: 

Vector u at 0 iter: 

Vector contents:
| 28935 |
| -2343.43 |
| -649.473 |
Vector v at 0 iter: 

Vector contents:
| 0.996487 |
| -0.080705 |
| -0.0223671 |
Q_tmp at 0 iter: 

[[cMatrix]]
| -0.985973 | 0.160843 | 0.0445771 | 
| 0.160843 | 0.986973 | -0.00361027 | 
| 0.0445771 | -0.00361027 | 0.998999 | 
Q_heap(0)

[[cMatrix]]
| -0.985973 | 0.160843 | 0.0445771 | 
| 0.160843 | 0.986973 | -0.00361027 | 
| 0.0445771 | -0.00361027 | 0.998999 | 
===========================QR SECTION==========================
Vector x at 1 iter: 

Vector contents:
| 7241.99 |
| -85.4392 |
Alpha 7242.5 at 1 iter: 

Vector u at 1 iter: 

Vector contents:
| 14484.5 |
| -85.4392 |
Vector v at 1 iter: 

Vector contents:
| 0.999983 |
| -0.00589856 |
Q_tmp at 1 iter: 

[[cMatrix]]
| -0.99993 | 0.0117969 | 
| 0.0117969 | 0.99993 | 
Q_heap(1)

[[cMatrix]]
| 1 | 0 | 0 | 
| 0 | -0.99993 | 0.0117969 | 
| 0 | 0.0117969 | 0.99993 | 
===========================QR SECTION==========================
Vector x at 0 iter: 

Vector contents:
| 14969.3 |
| -1161.12 |
| 76.864 |
Alpha 15014.5 at 0 iter: 

Vector u at 0 iter: 

Vector contents:
| 29983.9 |
| -1161.12 |
| 76.864 |
Vector v at 0 iter: 

Vector contents:
| 0.999248 |
| -0.0386958 |
| 0.00256159 |
Q_tmp at 0 iter: 

[[cMatrix]]
| -0.996992 | 0.0773335 | -0.00511932 | 
| 0.0773335 | 0.997005 | 0.000198245 | 
| -0.00511932 | 0.000198245 | 0.999987 | 
Q_heap(0)

[[cMatrix]]
| -0.996992 | 0.0773335 | -0.00511932 | 
| 0.0773335 | 0.997005 | 0.000198245 | 
| -0.00511932 | 0.000198245 | 0.999987 | 
===========================QR SECTION==========================
Vector x at 1 iter: 

Vector contents:
| 7038.07 |
| 33.9069 |
Alpha 7038.15 at 1 iter: 

Vector u at 1 iter: 

Vector contents:
| 14076.2 |
| 33.9069 |
Vector v at 1 iter: 

Vector contents:
| 0.999997 |
| 0.0024088 |
Q_tmp at 1 iter: 

[[cMatrix]]
| -0.999988 | -0.00481758 | 
| -0.00481758 | 0.999988 | 
Q_heap(1)

[[cMatrix]]
| 1 | 0 | 0 | 
| 0 | -0.999988 | -0.00481758 | 
| 0 | -0.00481758 | 0.999988 | 
===========================QR SECTION==========================
Vector x at 0 iter: 

Vector contents:
| 15102 |
| -544.075 |
| -8.81438 |
Alpha 15111.8 at 0 iter: 

Vector u at 0 iter: 

Vector contents:
| 30213.9 |
| -544.075 |
| -8.81438 |
Vector v at 0 iter: 

Vector contents:
| 0.999838 |
| -0.0180045 |
| -0.000291686 |
Q_tmp at 0 iter: 

[[cMatrix]]
| -0.999352 | 0.0360032 | 0.000583277 | 
| 0.0360032 | 0.999352 | -1.05033e-05 | 
| 0.000583277 | -1.05033e-05 | 1 | 
Q_heap(0)

[[cMatrix]]
| -0.999352 | 0.0360032 | 0.000583277 | 
| 0.0360032 | 0.999352 | -1.05033e-05 | 
| 0.000583277 | -1.05033e-05 | 1 | 
===========================QR SECTION==========================
Vector x at 1 iter: 

Vector contents:
| 6993.07 |
| -9.02714 |
Alpha 6993.08 at 1 iter: 

Vector u at 1 iter: 

Vector contents:
| 13986.1 |
| -9.02714 |
Vector v at 1 iter: 

Vector contents:
| 1 |
| -0.000645434 |
Q_tmp at 1 iter: 

[[cMatrix]]
| -0.999999 | 0.00129087 | 
| 0.00129087 | 0.999999 | 
Q_heap(1)

[[cMatrix]]
| 1 | 0 | 0 | 
| 0 | -0.999999 | 0.00129087 | 
| 0 | 0.00129087 | 0.999999 | 
===========================QR SECTION==========================
Vector x at 0 iter: 

Vector contents:
| 15130.7 |
| -251.766 |
| 1.00424 |
Alpha 15132.8 at 0 iter: 

Vector u at 0 iter: 

Vector contents:
| 30263.5 |
| -251.766 |
| 1.00424 |
Vector v at 0 iter: 

Vector contents:
| 0.999965 |
| -0.00831885 |
| 3.31821e-05 |
Q_tmp at 0 iter: 

[[cMatrix]]
| -0.999862 | 0.0166371 | -6.63619e-05 | 
| 0.0166371 | 0.999862 | 5.52074e-07 | 
| -6.63619e-05 | 5.52074e-07 | 1 | 
Q_heap(0)

[[cMatrix]]
| -0.999862 | 0.0166371 | -6.63619e-05 | 
| 0.0166371 | 0.999862 | 5.52074e-07 | 
| -6.63619e-05 | 5.52074e-07 | 1 | 
===========================QR SECTION==========================
Vector x at 1 iter: 

Vector contents:
| 6983.39 |
| 2.26117 |
Alpha 6983.4 at 1 iter: 

Vector u at 1 iter: 

Vector contents:
| 13966.8 |
| 2.26117 |
Vector v at 1 iter: 

Vector contents:
| 1 |
| 0.000161896 |
Q_tmp at 1 iter: 

[[cMatrix]]
| -1 | -0.000323792 | 
| -0.000323792 | 1 | 
Q_heap(1)

[[cMatrix]]
| 1 | 0 | 0 | 
| 0 | -1 | -0.000323792 | 
| 0 | -0.000323792 | 1 | 
===========================QR SECTION==========================
Vector x at 0 iter: 

Vector contents:
| 15136.8 |
| -116.183 |
| -0.114257 |
Alpha 15137.3 at 0 iter: 

Vector u at 0 iter: 

Vector contents:
| 30274.1 |
| -116.183 |
| -0.114257 |
Vector v at 0 iter: 

Vector contents:
| 0.999993 |
| -0.00383768 |
| -3.77405e-06 |
Q_tmp at 0 iter: 

[[cMatrix]]
| -0.999971 | 0.00767531 | 7.54804e-06 | 
| 0.00767531 | 0.999971 | -2.89672e-08 | 
| 7.54804e-06 | -2.89672e-08 | 1 | 
Q_heap(0)

[[cMatrix]]
| -0.999971 | 0.00767531 | 7.54804e-06 | 
| 0.00767531 | 0.999971 | -2.89672e-08 | 
| 7.54804e-06 | -2.89672e-08 | 1 | 
===========================QR SECTION==========================
Vector x at 1 iter: 

Vector contents:
| 6981.33 |
| -0.559511 |
Alpha 6981.33 at 1 iter: 

Vector u at 1 iter: 

Vector contents:
| 13962.7 |
| -0.559511 |
Vector v at 1 iter: 

Vector contents:
| 1 |
| -4.00719e-05 |
Q_tmp at 1 iter: 

[[cMatrix]]
| -1 | 8.01439e-05 | 
| 8.01439e-05 | 1 | 
Q_heap(1)

[[cMatrix]]
| 1 | 0 | 0 | 
| 0 | -1 | 8.01439e-05 | 
| 0 | 8.01439e-05 | 1 | 
===========================QR SECTION==========================
Vector x at 0 iter: 

Vector contents:
| 15138.1 |
| -53.5839 |
| 0.0129956 |
Alpha 15138.2 at 0 iter: 

Vector u at 0 iter: 

Vector contents:
| 30276.4 |
| -53.5839 |
| 0.0129956 |
Vector v at 0 iter: 

Vector contents:
| 0.999998 |
| -0.00176982 |
| 4.29233e-07 |
Q_tmp at 0 iter: 

[[cMatrix]]
| -0.999994 | 0.00353964 | -8.58464e-07 | 
| 0.00353964 | 0.999994 | 1.51933e-09 | 
| -8.58464e-07 | 1.51933e-09 | 1 | 
Q_heap(0)

[[cMatrix]]
| -0.999994 | 0.00353964 | -8.58464e-07 | 
| 0.00353964 | 0.999994 | 1.51933e-09 | 
| -8.58464e-07 | 1.51933e-09 | 1 | 
===========================QR SECTION==========================
Vector x at 1 iter: 

Vector contents:
| 6980.89 |
| 0.138092 |
Alpha 6980.89 at 1 iter: 

Vector u at 1 iter: 

Vector contents:
| 13961.8 |
| 0.138092 |
Vector v at 1 iter: 

Vector contents:
| 1 |
| 9.89072e-06 |
Q_tmp at 1 iter: 

[[cMatrix]]
| -1 | -1.97814e-05 | 
| -1.97814e-05 | 1 | 
Q_heap(1)

[[cMatrix]]
| 1 | 0 | 0 | 
| 0 | -1 | -1.97814e-05 | 
| 0 | -1.97814e-05 | 1 | 
===========================QR SECTION==========================
Vector x at 0 iter: 

Vector contents:
| 15138.4 |
| -24.7098 |
| -0.00147804 |
Alpha 15138.4 at 0 iter: 

Vector u at 0 iter: 

Vector contents:
| 30276.9 |
| -24.7098 |
| -0.00147804 |
Vector v at 0 iter: 

Vector contents:
| 1 |
| -0.000816128 |
| -4.88174e-08 |
Q_tmp at 0 iter: 

[[cMatrix]]
| -0.999999 | 0.00163226 | 9.76347e-08 | 
| 0.00163226 | 0.999999 | -7.96825e-11 | 
| 9.76347e-08 | -7.96825e-11 | 1 | 
Q_heap(0)

[[cMatrix]]
| -0.999999 | 0.00163226 | 9.76347e-08 | 
| 0.00163226 | 0.999999 | -7.96825e-11 | 
| 9.76347e-08 | -7.96825e-11 | 1 | 
===========================QR SECTION==========================
Vector x at 1 iter: 

Vector contents:
| 6980.8 |
| -0.0340638 |
Alpha 6980.8 at 1 iter: 

Vector u at 1 iter: 

Vector contents:
| 13961.6 |
| -0.0340638 |
Vector v at 1 iter: 

Vector contents:
| 1 |
| -2.43982e-06 |
Q_tmp at 1 iter: 

[[cMatrix]]
| -1 | 4.87963e-06 | 
| 4.87963e-06 | 1 | 
Q_heap(1)

[[cMatrix]]
| 1 | 0 | 0 | 
| 0 | -1 | 4.87963e-06 | 
| 0 | 4.87963e-06 | 1 | 
===========================QR SECTION==========================
Vector x at 0 iter: 

Vector contents:
| 15138.5 |
| -11.3945 |
| 0.0001681 |
Alpha 15138.5 at 0 iter: 

Vector u at 0 iter: 

Vector contents:
| 30277 |
| -11.3945 |
| 0.0001681 |
Vector v at 0 iter: 

Vector contents:
| 1 |
| -0.000376341 |
| 5.55207e-09 |
Q_tmp at 0 iter: 

[[cMatrix]]
| -1 | 0.000752681 | -1.11041e-08 | 
| 0.000752681 | 1 | 4.17894e-12 | 
| -1.11041e-08 | 4.17894e-12 | 1 | 
Q_heap(0)

[[cMatrix]]
| -1 | 0.000752681 | -1.11041e-08 | 
| 0.000752681 | 1 | 4.17894e-12 | 
| -1.11041e-08 | 4.17894e-12 | 1 | 
===========================QR SECTION==========================
Vector x at 1 iter: 

Vector contents:
| 6980.78 |
| 0.00840168 |
Alpha 6980.78 at 1 iter: 

Vector u at 1 iter: 

Vector contents:
| 13961.6 |
| 0.00840168 |
Vector v at 1 iter: 

Vector contents:
| 1 |
| 6.01772e-07 |
Q_tmp at 1 iter: 

[[cMatrix]]
| -1 | -1.20354e-06 | 
| -1.20354e-06 | 1 | 
Q_heap(1)

[[cMatrix]]
| 1 | 0 | 0 | 
| 0 | -1 | -1.20354e-06 | 
| 0 | -1.20354e-06 | 1 | 
===========================QR SECTION==========================
Vector x at 0 iter: 

Vector contents:
| 15138.5 |
| -5.2543 |
| -1.91183e-05 |
Alpha 15138.5 at 0 iter: 

Vector u at 0 iter: 

Vector contents:
| 30277 |
| -5.2543 |
| -1.91183e-05 |
Vector v at 0 iter: 

Vector contents:
| 1 |
| -0.000173541 |
| -6.31446e-10 |
Q_tmp at 0 iter: 

[[cMatrix]]
| -1 | 0.000347082 | 1.26289e-09 | 
| 0.000347082 | 1 | -2.19163e-13 | 
| 1.26289e-09 | -2.19163e-13 | 1 | 
Q_heap(0)

[[cMatrix]]
| -1 | 0.000347082 | 1.26289e-09 | 
| 0.000347082 | 1 | -2.19163e-13 | 
| 1.26289e-09 | -2.19163e-13 | 1 | 
===========================QR SECTION==========================
Vector x at 1 iter: 

Vector contents:
| 6980.78 |
| -0.00207219 |
Alpha 6980.78 at 1 iter: 

Vector u at 1 iter: 

Vector contents:
| 13961.6 |
| -0.00207219 |
Vector v at 1 iter: 

Vector contents:
| 1 |
| -1.48421e-07 |
Q_tmp at 1 iter: 

[[cMatrix]]
| -1 | 2.96842e-07 | 
| 2.96842e-07 | 1 | 
Q_heap(1)

[[cMatrix]]
| 1 | 0 | 0 | 
| 0 | -1 | 2.96842e-07 | 
| 0 | 2.96842e-07 | 1 | 
===========================QR SECTION==========================
Vector x at 0 iter: 

Vector contents:
| 15138.5 |
| -2.4229 |
| 2.17435e-06 |
Alpha 15138.5 at 0 iter: 

Vector u at 0 iter: 

Vector contents:
| 30277 |
| -2.4229 |
| 2.17435e-06 |
Vector v at 0 iter: 

Vector contents:
| 1 |
| -8.00245e-05 |
| 7.18152e-11 |
Q_tmp at 0 iter: 

[[cMatrix]]
| -1 | 0.000160049 | -1.4363e-10 | 
| 0.000160049 | 1 | 1.1494e-14 | 
| -1.4363e-10 | 1.1494e-14 | 1 | 
Q_heap(0)

[[cMatrix]]
| -1 | 0.000160049 | -1.4363e-10 | 
| 0.000160049 | 1 | 1.1494e-14 | 
| -1.4363e-10 | 1.1494e-14 | 1 | 
===========================QR SECTION==========================
Vector x at 1 iter: 

Vector contents:
| 6980.77 |
| 0.00051108 |
Alpha 6980.77 at 1 iter: 

Vector u at 1 iter: 

Vector contents:
| 13961.5 |
| 0.00051108 |
Vector v at 1 iter: 

Vector contents:
| 1 |
| 3.66063e-08 |
Q_tmp at 1 iter: 

[[cMatrix]]
| -1 | -7.32126e-08 | 
| -7.32126e-08 | 1 | 
Q_heap(1)

[[cMatrix]]
| 1 | 0 | 0 | 
| 0 | -1 | -7.32126e-08 | 
| 0 | -7.32126e-08 | 1 | 
===========================QR SECTION==========================
Vector x at 0 iter: 

Vector contents:
| 15138.5 |
| -1.11727 |
| -2.47292e-07 |
Alpha 15138.5 at 0 iter: 

Vector u at 0 iter: 

Vector contents:
| 30277 |
| -1.11727 |
| -2.47292e-07 |
Vector v at 0 iter: 

Vector contents:
| 1 |
| -3.69015e-05 |
| -8.16765e-12 |
Q_tmp at 0 iter: 

[[cMatrix]]
| -1 | 7.38029e-05 | 1.63353e-11 | 
| 7.38029e-05 | 1 | -6.02797e-16 | 
| 1.63353e-11 | -6.02797e-16 | 1 | 
Q_heap(0)

[[cMatrix]]
| -1 | 7.38029e-05 | 1.63353e-11 | 
| 7.38029e-05 | 1 | -6.02797e-16 | 
| 1.63353e-11 | -6.02797e-16 | 1 | 
===========================QR SECTION==========================
Vector x at 1 iter: 

Vector contents:
| 6980.77 |
| -0.000126052 |
Alpha 6980.77 at 1 iter: 

Vector u at 1 iter: 

Vector contents:
| 13961.5 |
| -0.000126052 |
Vector v at 1 iter: 

Vector contents:
| 1 |
| -9.0285e-09 |
Q_tmp at 1 iter: 

[[cMatrix]]
| -1 | 1.8057e-08 | 
| 1.8057e-08 | 1 | 
Q_heap(1)

[[cMatrix]]
| 1 | 0 | 0 | 
| 0 | -1 | 1.8057e-08 | 
| 0 | 1.8057e-08 | 1 | 
===========================EIGEN SECTION==========================
Eigenvalue matrix after 11 iterations of the QR algorithm
[[cMatrix]]
| 15138.5 | -1.11727 | -2.47292e-07 | 
| -1.11727 | 6980.77 | -0.000126052 | 
| -2.47292e-07 | -0.000126052 | 1721.72 | 
Eigenvector matrix Q_0:
[[cMatrix]]
| -0.904722 | -0.272653 | -0.327321 | 
| 0.247439 | -0.961786 | 0.117224 | 
| -0.346774 | 0.0250633 | 0.937614 | 
Eigenvector matrix after multiplying by Q_1:
[[cMatrix]]
| 0.833586 | 0.409087 | -0.371191 | 
| -0.39344 | 0.911371 | 0.120867 | 
| 0.387737 | 0.0452885 | 0.920657 | 
Eigenvector matrix Q_1
[[cMatrix]]
| -0.985973 | -0.160306 | 0.0464714 | 
| 0.160843 | -0.986947 | 0.00803322 | 
| 0.0445771 | 0.0153951 | 0.998887 | 
Number of iterations: 11
Eigenvector matrix after multiplying by Q_2:
[[cMatrix]]
| -0.797542 | -0.470439 | -0.377643 | 
| 0.462117 | -0.878822 | 0.118827 | 
| -0.387782 | -0.0797453 | 0.918295 | 
Eigenvector matrix Q_2
[[cMatrix]]
| -0.996992 | -0.0773079 | -0.00549182 | 
| 0.0773335 | -0.996995 | -0.00460491 | 
| -0.00511932 | -0.00501576 | 0.999974 | 
Number of iterations: 11
Eigenvector matrix after multiplying by Q_3:
[[cMatrix]]
| 0.779867 | 0.498355 | -0.378747 | 
| -0.493388 | 0.861769 | 0.117994 | 
| 0.385195 | 0.0948497 | 0.917948 | 
Eigenvector matrix Q_3
[[cMatrix]]
| -0.999352 | -0.0360024 | 0.000629751 | 
| 0.0360032 | -0.999351 | 0.00127953 | 
| 0.000583277 | 0.00130137 | 0.999999 | 
Number of iterations: 11
Eigenvector matrix after multiplying by Q_4:
[[cMatrix]]
| -0.771443 | -0.511138 | -0.378964 | 
| 0.507649 | -0.853479 | 0.117751 | 
| -0.383624 | -0.101543 | 0.91789 | 
Eigenvector matrix Q_4
[[cMatrix]]
| -0.999862 | -0.0166371 | -7.17489e-05 | 
| 0.0166371 | -0.999862 | -0.000323196 | 
| -6.63619e-05 | -0.000324345 | 1 | 
Number of iterations: 11
Eigenvector matrix after multiplying by Q_5:
[[cMatrix]]
| 0.767494 | 0.517014 | -0.379011 | 
| -0.514184 | 0.849567 | 0.117686 | 
| 0.382841 | 0.104558 | 0.917878 | 
Eigenvector matrix Q_5
[[cMatrix]]
| -0.999971 | -0.00767531 | 8.16317e-06 | 
| 0.00767531 | -0.999971 | 8.01125e-05 | 
| 7.54804e-06 | 8.01728e-05 | 1 | 
Number of iterations: 11
Eigenvector matrix after multiplying by Q_6:
[[cMatrix]]
| -0.765659 | -0.51972 | -0.379022 | 
| 0.517188 | -0.847744 | 0.11767 | 
| -0.382469 | -0.10593 | 0.917876 | 
Eigenvector matrix Q_6
[[cMatrix]]
| -0.999994 | -0.00353964 | -9.28483e-07 | 
| 0.00353964 | -0.999994 | -1.97798e-05 | 
| -8.58464e-07 | -1.9783e-05 | 1 | 
Number of iterations: 11
Eigenvector matrix after multiplying by Q_7:
[[cMatrix]]
| 0.76481 | 0.520967 | -0.379024 | 
| -0.518571 | 0.846899 | 0.117666 | 
| 0.382296 | 0.106559 | 0.917875 | 
Eigenvector matrix Q_7
[[cMatrix]]
| -0.999999 | -0.00163226 | 1.056e-07 | 
| 0.00163226 | -0.999999 | 4.87955e-06 | 
| 9.76347e-08 | 4.87971e-06 | 1 | 
Number of iterations: 11
Eigenvector matrix after multiplying by Q_8:
[[cMatrix]]
| -0.764417 | -0.521542 | -0.379025 | 
| 0.519209 | -0.846509 | 0.117665 | 
| -0.382215 | -0.106848 | 0.917875 | 
Eigenvector matrix Q_8
[[cMatrix]]
| -1 | -0.000752681 | -1.201e-08 | 
| 0.000752681 | -1 | -1.20354e-06 | 
| -1.11041e-08 | -1.20355e-06 | 1 | 
Number of iterations: 11
Eigenvector matrix after multiplying by Q_9:
[[cMatrix]]
| 0.764236 | 0.521807 | -0.379025 | 
| -0.519502 | 0.846329 | 0.117665 | 
| 0.382178 | 0.106981 | 0.917875 | 
Eigenvector matrix Q_9
[[cMatrix]]
| -1 | -0.000347082 | 1.36592e-09 | 
| 0.000347082 | -1 | 2.96842e-07 | 
| 1.26289e-09 | 2.96842e-07 | 1 | 
Number of iterations: 11
Eigenvector matrix after multiplying by Q_10:
[[cMatrix]]
| -0.764153 | -0.521929 | -0.379025 | 
| 0.519638 | -0.846246 | 0.117665 | 
| -0.382161 | -0.107042 | 0.917875 | 
Eigenvector matrix Q_10
[[cMatrix]]
| -1 | -0.000160049 | -1.55348e-10 | 
| 0.000160049 | -1 | -7.32125e-08 | 
| -1.4363e-10 | -7.32126e-08 | 1 | 
Number of iterations: 11
Eigenvector matrix after multiplying by Q_11:
[[cMatrix]]
| 0.764114 | 0.521986 | -0.379025 | 
| -0.5197 | 0.846207 | 0.117665 | 
| 0.382153 | 0.10707 | 0.917875 | 
Eigenvector matrix Q_11
[[cMatrix]]
| -1 | -7.38029e-05 | 1.7668e-11 | 
| 7.38029e-05 | -1 | 1.8057e-08 | 
| 1.63353e-11 | 1.8057e-08 | 1 | 
Number of iterations: 11
===========================SVD SECTION==========================
A*A' = 
[[cMatrix]]
| 10987.9 | -3005.17 | 4211.6 | 
| -3005.17 | 9111.72 | -2188.29 | 
| 4211.6 | -2188.29 | 3741.37 | 

Eigenvectors of A*A' (U) = 

[[cMatrix]]
| 0.764114 | 0.521986 | -0.379025 | 
| -0.5197 | 0.846207 | 0.117665 | 
| 0.382153 | 0.10707 | 0.917875 | 

Singular values of A'*A (S) = 

[[cMatrix]]
| 123.039 | 0 | 0 | 
| 0 | 83.551 | 0 | 
| 0 | 0 | 41.4937 | 

Eigenvectors of A'*A (V) = 

[[cMatrix]]
| 0.519185 | -0.286095 | -0.805364 | 
| -0.833846 | 0.0372009 | -0.550745 | 
| 0.187478 | 0.957479 | -0.219245 | 


Q_U = 
[[cMatrix]]
| -1 | -7.38029e-05 | 1.7668e-11 | 
| 7.38029e-05 | -1 | 1.8057e-08 | 
| 1.63353e-11 | 1.8057e-08 | 1 | 
Q_U iter = 11
Q_V = 
[[cMatrix]]
| 0 | 0 | 0 | 0 | 
| 0 | 0 | 0 | 0 | 
| 0 | 0 | 0 | 0 | 
| 0 | 0 | 0 | 0 | 
Q_V iter = 2685004



Original matrix A = U*S*V' = 
[[cMatrix]]
| 49.0003 | -68.1104 | 62.8319 | 
| -57.3578 | 53.26 | 54.6368 | 
| -8.82056 | -59.85 | 9.03042 | 
===========================KABSCH SECTION==========================

Centroid of A = 
Vector contents:
| 4.41667 |
| 4.75 |
| 3.91667 |

Centroid of B = 
Vector contents:
| 3.34219 |
| 1.91131 |
| -6.52582 |

A - centroidA =
[[cMatrix]]
| -2.41667 | -3.41667 | 3.58333 | -3.41667 | 2.58333 | 2.58333 | -1.41667 | 2.58333 | 0.583333 | -0.416667 | 0.583333 | -1.41667 | 
| -1.75 | 3.25 | -4.75 | 2.25 | -2.75 | 0.25 | 3.25 | 2.25 | 1.25 | 3.25 | -3.75 | -2.75 | 
| -2.91667 | -0.916667 | 1.08333 | 0.0833333 | -1.91667 | -1.91667 | 0.0833333 | -1.91667 | -2.91667 | 5.08333 | 5.08333 | 1.08333 | 

B - centroidB =
[[cMatrix]]
| -2.73776 | -3.88307 | 4.70971 | -2.74791 | 1.16059 | -0.0664125 | -2.05164 | -0.884422 | -2.30685 | 2.13181 | 5.54745 | 1.12853 | 
| -1.23763 | 2.74304 | -3.32966 | 3.03002 | -3.98396 | -2.78395 | 2.2167 | -1.98394 | -1.85761 | 5.04499 | 1.6383 | 0.503663 | 
| 2.89528 | -0.688366 | 1.81889 | 0.104764 | 0.831164 | -1.62941 | -1.85833 | -3.26979 | -1.27964 | -2.56512 | 2.60477 | 3.03575 | 

H = 
[[cMatrix]]
| 49.0003 | -68.1104 | 62.8319 | 
| -57.3578 | 53.26 | 54.6368 | 
| -8.82056 | -59.85 | 9.03042 | 

Det of R = 1

Rotation matrix = 
[[cMatrix]]
| 0.552633 | -0.606679 | -0.571448 | 
| -0.408989 | 0.400026 | -0.820189 | 
| 0.726144 | 0.686996 | -0.0270766 | 

R * B = 
[[cMatrix]]
| 1.99998 | 0.999926 | 7.99999 | 0.999915 | 7.00002 | 7 | 2.99992 | 6.99998 | 4.99999 | 3.99986 | 4.99991 | 2.99995 | 
| 3.00001 | 8.00008 | 6.12146e-05 | 7.00009 | 2 | 5 | 8.00008 | 7 | 5.99999 | 8.00019 | 1.00018 | 2.0001 | 
| 1.00002 | 3.0001 | 4.99989 | 4.00007 | 1.99996 | 2 | 4.00007 | 2.00003 | 1.00004 | 9.00002 | 8.9999 | 4.99996 | 

Translation matrix = 
Vector contents:
| 4.55607e-05 |
| -6.52607e-05 |
| -4.32578e-06 |

Result of the algorithm: 

R * B + t = A
[[cMatrix]]
| 2.00003 | 0.999971 | 8.00004 | 0.999961 | 7.00006 | 7.00005 | 2.99997 | 7.00003 | 5.00004 | 3.99991 | 4.99995 | 2.99999 | 
| 2.99995 | 8.00001 | -4.04612e-06 | 7.00003 | 1.99993 | 4.99993 | 8.00002 | 6.99994 | 5.99993 | 8.00013 | 1.00011 | 2.00003 | 
| 1.00002 | 3.00009 | 4.99988 | 4.00006 | 1.99995 | 2 | 4.00006 | 2.00003 | 1.00004 | 9.00001 | 8.99989 | 4.99996 | 

Original matrix A = 
[[cMatrix]]
| 2 | 1 | 8 | 1 | 7 | 7 | 3 | 7 | 5 | 4 | 5 | 3 | 
| 3 | 8 | 0 | 7 | 2 | 5 | 8 | 7 | 6 | 8 | 1 | 2 | 
| 1 | 3 | 5 | 4 | 2 | 2 | 4 | 2 | 1 | 9 | 9 | 5 | 

Transformed matrix B = 
[[cMatrix]]
| 0.60443 | -0.54088 | 8.0519 | 0.59428 | 4.50278 | 3.27578 | 1.29055 | 2.45777 | 1.03534 | 5.474 | 8.88964 | 4.47072 | 
| 0.67368 | 4.65435 | -1.41835 | 4.94133 | -2.07265 | -0.87264 | 4.12801 | -0.07263 | 0.0537 | 6.9563 | 3.54961 | 2.41497 | 
| -3.63054 | -7.21419 | -4.70693 | -6.42106 | -5.69466 | -8.15523 | -8.38415 | -9.79561 | -7.80546 | -9.09094 | -3.92105 | -3.49007 | 
