
Original matrix A = 
[[cMatrix]]
| 1 | 0 | 0 | 7 | 2 | 6 | 
| 2 | 1 | 2 | 6 | 9 | 7 | 
| 1 | 7 | 1 | 5 | 7 | 2 | 

Transformed matrix B = 
[[cMatrix]]
| 1.88014 | 6.2995 | 1.46256 | 9.02401 | 9.55831 | 6.33944 | 
| 1.24394 | -3.05347 | 0.58742 | 5.32801 | 2.66907 | 6.76753 | 
| 0.95796 | 0.99629 | 1.58614 | 0.42368 | 5.95943 | 1.73551 | 
===========================QR SECTION==========================
Vector x at 0 iter: 

Vector contents:
| 4237.4 |
| 2760.03 |
| 1257.29 |
Alpha 5210.96 at 0 iter: 

Vector u at 0 iter: 

Vector contents:
| 9448.35 |
| 2760.03 |
| 1257.29 |
Vector v at 0 iter: 

Vector contents:
| 0.952148 |
| 0.278139 |
| 0.126702 |
Q_tmp at 0 iter: 

[[cMatrix]]
| -0.81317 | -0.52966 | -0.241277 | 
| -0.52966 | 0.845277 | -0.0704815 | 
| -0.241277 | -0.0704815 | 0.967893 | 
Q_heap(0)

[[cMatrix]]
| -0.81317 | -0.52966 | -0.241277 | 
| -0.52966 | 0.845277 | -0.0704815 | 
| -0.241277 | -0.0704815 | 0.967893 | 
===========================QR SECTION==========================
Vector x at 1 iter: 

Vector contents:
| 2175.75 |
| -432.834 |
Alpha 2218.38 at 1 iter: 

Vector u at 1 iter: 

Vector contents:
| 4394.13 |
| -432.834 |
Vector v at 1 iter: 

Vector contents:
| 0.995184 |
| -0.0980284 |
Q_tmp at 1 iter: 

[[cMatrix]]
| -0.980781 | 0.195112 | 
| 0.195112 | 0.980781 | 
Q_heap(1)

[[cMatrix]]
| 1 | 0 | 0 | 
| 0 | -0.980781 | 0.195112 | 
| 0 | 0.195112 | 0.980781 | 
===========================QR SECTION==========================
Vector x at 0 iter: 

Vector contents:
| 7073.64 |
| 1104.48 |
| -56.9454 |
Alpha 7159.58 at 0 iter: 

Vector u at 0 iter: 

Vector contents:
| 14233.2 |
| 1104.48 |
| -56.9454 |
Vector v at 0 iter: 

Vector contents:
| 0.996995 |
| 0.0773653 |
| -0.00398885 |
Q_tmp at 0 iter: 

[[cMatrix]]
| -0.987997 | -0.154266 | 0.00795373 | 
| -0.154266 | 0.988029 | 0.000617197 | 
| 0.00795373 | 0.000617197 | 0.999968 | 
Q_heap(0)

[[cMatrix]]
| -0.987997 | -0.154266 | 0.00795373 | 
| -0.154266 | 0.988029 | 0.000617197 | 
| 0.00795373 | 0.000617197 | 0.999968 | 
===========================QR SECTION==========================
Vector x at 1 iter: 

Vector contents:
| 1751.38 |
| 70.8695 |
Alpha 1752.81 at 1 iter: 

Vector u at 1 iter: 

Vector contents:
| 3504.19 |
| 70.8695 |
Vector v at 1 iter: 

Vector contents:
| 0.999796 |
| 0.0202201 |
Q_tmp at 1 iter: 

[[cMatrix]]
| -0.999182 | -0.0404319 | 
| -0.0404319 | 0.999182 | 
Q_heap(1)

[[cMatrix]]
| 1 | 0 | 0 | 
| 0 | -0.999182 | -0.0404319 | 
| 0 | -0.0404319 | 0.999182 | 
===========================QR SECTION==========================
Vector x at 0 iter: 

Vector contents:
| 7288.58 |
| 269.778 |
| 1.7292 |
Alpha 7293.57 at 0 iter: 

Vector u at 0 iter: 

Vector contents:
| 14582.1 |
| 269.778 |
| 1.7292 |
Vector v at 0 iter: 

Vector contents:
| 0.999829 |
| 0.0184974 |
| 0.000118563 |
Q_tmp at 0 iter: 

[[cMatrix]]
| -0.999316 | -0.0369885 | -0.000237085 | 
| -0.0369885 | 0.999316 | -4.38621e-06 | 
| -0.000237085 | -4.38621e-06 | 1 | 
Q_heap(0)

[[cMatrix]]
| -0.999316 | -0.0369885 | -0.000237085 | 
| -0.0369885 | 0.999316 | -4.38621e-06 | 
| -0.000237085 | -4.38621e-06 | 1 | 
===========================QR SECTION==========================
Vector x at 1 iter: 

Vector contents:
| 1722.49 |
| -8.99553 |
Alpha 1722.51 at 1 iter: 

Vector u at 1 iter: 

Vector contents:
| 3445 |
| -8.99553 |
Vector v at 1 iter: 

Vector contents:
| 0.999997 |
| -0.00261118 |
Q_tmp at 1 iter: 

[[cMatrix]]
| -0.999986 | 0.00522233 | 
| 0.00522233 | 0.999986 | 
Q_heap(1)

[[cMatrix]]
| 1 | 0 | 0 | 
| 0 | -0.999986 | 0.00522233 | 
| 0 | 0.00522233 | 0.999986 | 
===========================QR SECTION==========================
Vector x at 0 iter: 

Vector contents:
| 7300.92 |
| 63.7107 |
| -0.0514869 |
Alpha 7301.2 at 0 iter: 

Vector u at 0 iter: 

Vector contents:
| 14602.1 |
| 63.7107 |
| -0.0514869 |
Vector v at 0 iter: 

Vector contents:
| 0.99999 |
| 0.00436307 |
| -3.52595e-06 |
Q_tmp at 0 iter: 

[[cMatrix]]
| -0.999962 | -0.00872606 | 7.05184e-06 | 
| -0.00872606 | 0.999962 | 3.0768e-08 | 
| 7.05184e-06 | 3.0768e-08 | 1 | 
Q_heap(0)

[[cMatrix]]
| -0.999962 | -0.00872606 | 7.05184e-06 | 
| -0.00872606 | 0.999962 | 3.0768e-08 | 
| 7.05184e-06 | 3.0768e-08 | 1 | 
===========================QR SECTION==========================
Vector x at 1 iter: 

Vector contents:
| 1720.74 |
| 1.13557 |
Alpha 1720.74 at 1 iter: 

Vector u at 1 iter: 

Vector contents:
| 3441.48 |
| 1.13557 |
Vector v at 1 iter: 

Vector contents:
| 1 |
| 0.000329965 |
Q_tmp at 1 iter: 

[[cMatrix]]
| -1 | -0.000659931 | 
| -0.000659931 | 1 | 
Q_heap(1)

[[cMatrix]]
| 1 | 0 | 0 | 
| 0 | -1 | -0.000659931 | 
| 0 | -0.000659931 | 1 | 
===========================QR SECTION==========================
Vector x at 0 iter: 

Vector contents:
| 7301.61 |
| 15.0153 |
| 0.0015314 |
Alpha 7301.63 at 0 iter: 

Vector u at 0 iter: 

Vector contents:
| 14603.2 |
| 15.0153 |
| 0.0015314 |
Vector v at 0 iter: 

Vector contents:
| 0.999999 |
| 0.00102822 |
| 1.04867e-07 |
Q_tmp at 0 iter: 

[[cMatrix]]
| -0.999998 | -0.00205643 | -2.09734e-07 | 
| -0.00205643 | 0.999998 | -2.15652e-10 | 
| -2.09734e-07 | -2.15652e-10 | 1 | 
Q_heap(0)

[[cMatrix]]
| -0.999998 | -0.00205643 | -2.09734e-07 | 
| -0.00205643 | 0.999998 | -2.15652e-10 | 
| -2.09734e-07 | -2.15652e-10 | 1 | 
===========================QR SECTION==========================
Vector x at 1 iter: 

Vector contents:
| 1720.64 |
| -0.143323 |
Alpha 1720.64 at 1 iter: 

Vector u at 1 iter: 

Vector contents:
| 3441.28 |
| -0.143323 |
Vector v at 1 iter: 

Vector contents:
| 1 |
| -4.1648e-05 |
Q_tmp at 1 iter: 

[[cMatrix]]
| -1 | 8.3296e-05 | 
| 8.3296e-05 | 1 | 
Q_heap(1)

[[cMatrix]]
| 1 | 0 | 0 | 
| 0 | -1 | 8.3296e-05 | 
| 0 | 8.3296e-05 | 1 | 
===========================QR SECTION==========================
Vector x at 0 iter: 

Vector contents:
| 7301.65 |
| 3.53838 |
| -4.55463e-05 |
Alpha 7301.65 at 0 iter: 

Vector u at 0 iter: 

Vector contents:
| 14603.3 |
| 3.53838 |
| -4.55463e-05 |
Vector v at 0 iter: 

Vector contents:
| 1 |
| 0.0002423 |
| -3.11891e-09 |
Q_tmp at 0 iter: 

[[cMatrix]]
| -1 | -0.0004846 | 6.23781e-09 | 
| -0.0004846 | 1 | 1.51142e-12 | 
| 6.23781e-09 | 1.51142e-12 | 1 | 
Q_heap(0)

[[cMatrix]]
| -1 | -0.0004846 | 6.23781e-09 | 
| -0.0004846 | 1 | 1.51142e-12 | 
| 6.23781e-09 | 1.51142e-12 | 1 | 
===========================QR SECTION==========================
Vector x at 1 iter: 

Vector contents:
| 1720.64 |
| 0.0180888 |
Alpha 1720.64 at 1 iter: 

Vector u at 1 iter: 

Vector contents:
| 3441.27 |
| 0.0180888 |
Vector v at 1 iter: 

Vector contents:
| 1 |
| 5.25644e-06 |
Q_tmp at 1 iter: 

[[cMatrix]]
| -1 | -1.05129e-05 | 
| -1.05129e-05 | 1 | 
Q_heap(1)

[[cMatrix]]
| 1 | 0 | 0 | 
| 0 | -1 | -1.05129e-05 | 
| 0 | -1.05129e-05 | 1 | 
===========================QR SECTION==========================
Vector x at 0 iter: 

Vector contents:
| 7301.65 |
| 0.833821 |
| 1.35462e-06 |
Alpha 7301.65 at 0 iter: 

Vector u at 0 iter: 

Vector contents:
| 14603.3 |
| 0.833821 |
| 1.35462e-06 |
Vector v at 0 iter: 

Vector contents:
| 1 |
| 5.70981e-05 |
| 9.27612e-11 |
Q_tmp at 0 iter: 

[[cMatrix]]
| -1 | -0.000114196 | -1.85522e-10 | 
| -0.000114196 | 1 | -1.0593e-14 | 
| -1.85522e-10 | -1.0593e-14 | 1 | 
Q_heap(0)

[[cMatrix]]
| -1 | -0.000114196 | -1.85522e-10 | 
| -0.000114196 | 1 | -1.0593e-14 | 
| -1.85522e-10 | -1.0593e-14 | 1 | 
===========================QR SECTION==========================
Vector x at 1 iter: 

Vector contents:
| 1720.64 |
| -0.002283 |
Alpha 1720.64 at 1 iter: 

Vector u at 1 iter: 

Vector contents:
| 3441.27 |
| -0.002283 |
Vector v at 1 iter: 

Vector contents:
| 1 |
| -6.63419e-07 |
Q_tmp at 1 iter: 

[[cMatrix]]
| -1 | 1.32684e-06 | 
| 1.32684e-06 | 1 | 
Q_heap(1)

[[cMatrix]]
| 1 | 0 | 0 | 
| 0 | -1 | 1.32684e-06 | 
| 0 | 1.32684e-06 | 1 | 
===========================QR SECTION==========================
Vector x at 0 iter: 

Vector contents:
| 7301.65 |
| 0.19649 |
| -4.02885e-08 |
Alpha 7301.65 at 0 iter: 

Vector u at 0 iter: 

Vector contents:
| 14603.3 |
| 0.19649 |
| -4.02885e-08 |
Vector v at 0 iter: 

Vector contents:
| 1 |
| 1.34552e-05 |
| -2.75886e-12 |
Q_tmp at 0 iter: 

[[cMatrix]]
| -1 | -2.69104e-05 | 5.51773e-12 | 
| -2.69104e-05 | 1 | 7.42421e-17 | 
| 5.51773e-12 | 7.42421e-17 | 1 | 
Q_heap(0)

[[cMatrix]]
| -1 | -2.69104e-05 | 5.51773e-12 | 
| -2.69104e-05 | 1 | 7.42421e-17 | 
| 5.51773e-12 | 7.42421e-17 | 1 | 
===========================QR SECTION==========================
Vector x at 1 iter: 

Vector contents:
| 1720.64 |
| 0.000288139 |
Alpha 1720.64 at 1 iter: 

Vector u at 1 iter: 

Vector contents:
| 3441.27 |
| 0.000288139 |
Vector v at 1 iter: 

Vector contents:
| 1 |
| 8.37305e-08 |
Q_tmp at 1 iter: 

[[cMatrix]]
| -1 | -1.67461e-07 | 
| -1.67461e-07 | 1 | 
Q_heap(1)

[[cMatrix]]
| 1 | 0 | 0 | 
| 0 | -1 | -1.67461e-07 | 
| 0 | -1.67461e-07 | 1 | 
===========================EIGEN SECTION==========================
Eigenvalue matrix after 7 iterations of the QR algorithm
[[cMatrix]]
| 7301.65 | 0.19649 | -4.02885e-08 | 
| 0.19649 | 1720.64 | 0.000288139 | 
| -4.02885e-08 | 0.000288139 | 217.163 | 
Eigenvector matrix Q_0:
[[cMatrix]]
| -0.81317 | 0.472404 | -0.339983 | 
| -0.52966 | -0.842783 | 0.0957972 | 
| -0.241277 | 0.257975 | 0.935539 | 
Eigenvector matrix after multiplying by Q_1:
[[cMatrix]]
| 0.72783 | -0.577503 | -0.369801 | 
| 0.654077 | 0.746631 | 0.121348 | 
| 0.206026 | -0.330199 | 0.921153 | 
Eigenvector matrix Q_1
[[cMatrix]]
| -0.987997 | 0.153818 | 0.0141845 | 
| -0.154266 | -0.987246 | -0.0393312 | 
| 0.00795373 | -0.0410473 | 0.999126 | 
Number of iterations: 7
Eigenvector matrix after multiplying by Q_2:
[[cMatrix]]
| -0.705884 | 0.602088 | -0.37312 | 
| -0.681275 | -0.721284 | 0.124958 | 
| -0.19389 | 0.342403 | 0.91933 | 
Eigenvector matrix Q_2
[[cMatrix]]
| -0.999316 | 0.0369868 | -0.000430248 | 
| -0.0369885 | -0.999302 | 0.00521437 | 
| -0.000237085 | 0.00522672 | 0.999986 | 
Number of iterations: 7
Eigenvector matrix after multiplying by Q_3:
[[cMatrix]]
| 0.7006 | -0.607978 | -0.373526 | 
| 0.687543 | 0.715229 | 0.125426 | 
| 0.190901 | -0.344689 | 0.919101 | 
Eigenvector matrix Q_3
[[cMatrix]]
| -0.999962 | 0.00872606 | 1.28104e-05 | 
| -0.00872606 | -0.999962 | -0.000659875 | 
| 7.05184e-06 | -0.000659962 | 1 | 
Number of iterations: 7
Eigenvector matrix after multiplying by Q_4:
[[cMatrix]]
| -0.699349 | 0.609386 | -0.373577 | 
| -0.689013 | -0.713803 | 0.125485 | 
| -0.190192 | 0.345157 | 0.919072 | 
Eigenvector matrix Q_4
[[cMatrix]]
| -0.999998 | 0.00205643 | -3.81026e-07 | 
| -0.00205643 | -0.999998 | 8.32956e-05 | 
| -2.09734e-07 | 8.32962e-05 | 1 | 
Number of iterations: 7
Eigenvector matrix after multiplying by Q_5:
[[cMatrix]]
| 0.699053 | -0.609721 | -0.373584 | 
| 0.689359 | 0.713468 | 0.125492 | 
| 0.190025 | -0.345259 | 0.919068 | 
Eigenvector matrix Q_5
[[cMatrix]]
| -1 | 0.0004846 | 1.13324e-08 | 
| -0.0004846 | -1 | -1.05129e-05 | 
| 6.23781e-09 | -1.05129e-05 | 1 | 
Number of iterations: 7
Eigenvector matrix after multiplying by Q_6:
[[cMatrix]]
| -0.698983 | 0.6098 | -0.373585 | 
| -0.68944 | -0.713389 | 0.125493 | 
| -0.189985 | 0.345282 | 0.919068 | 
Eigenvector matrix Q_6
[[cMatrix]]
| -1 | 0.000114196 | -3.37042e-10 | 
| -0.000114196 | -1 | 1.32684e-06 | 
| -1.85522e-10 | 1.32684e-06 | 1 | 
Number of iterations: 7
Eigenvector matrix after multiplying by Q_7:
[[cMatrix]]
| 0.698967 | -0.609819 | -0.373585 | 
| 0.689459 | 0.71337 | 0.125493 | 
| 0.189976 | -0.345287 | 0.919068 | 
Eigenvector matrix Q_7
[[cMatrix]]
| -1 | 2.69104e-05 | 1.00242e-11 | 
| -2.69104e-05 | -1 | -1.67461e-07 | 
| 5.51773e-12 | -1.67461e-07 | 1 | 
Number of iterations: 7
===========================SVD SECTION==========================
A*A' = 
[[cMatrix]]
| 4237.4 | 2760.03 | 1257.29 | 
| 2760.03 | 4349.96 | 557.594 | 
| 1257.29 | 557.594 | 652.091 | 

Eigenvectors of A*A' (U) = 

[[cMatrix]]
| 0.698967 | -0.609819 | -0.373585 | 
| 0.689459 | 0.71337 | 0.125493 | 
| 0.189976 | -0.345287 | 0.919068 | 

Singular values of A'*A (S) = 

[[cMatrix]]
| 85.4497 | 0 | 0 | 
| 0 | 41.4806 | 0 | 
| 0 | 0 | 14.7364 | 

Eigenvectors of A'*A (V) = 

[[cMatrix]]
| 0.625177 | 0.430606 | -0.650952 | 
| 0.739472 | -0.0599815 | 0.670509 | 
| 0.249668 | -0.900545 | -0.35592 | 


Q_U = 
[[cMatrix]]
| -1 | 2.69104e-05 | 1.00242e-11 | 
| -2.69104e-05 | -1 | -1.67461e-07 | 
| 5.51773e-12 | -1.67461e-07 | 1 | 
Q_U iter = 7
Q_V = 
[[cMatrix]]
| 0 | 0 | 0 | 0 | 
| 0 | 0 | 0 | 0 | 
| 0 | 0 | 0 | 0 | 
| 0 | 0 | 0 | 0 | 
Q_V iter = 2685004



Original matrix A = U*S*V' = 
[[cMatrix]]
| 30.0309 | 41.992 | 39.6511 | 
| 48.37 | 43.0304 | -12.5972 | 
| -4.83505 | 21.9445 | 12.1307 | 
===========================KABSCH SECTION==========================

Centroid of A = 
Vector contents:
| 2.66667 |
| 4.5 |
| 3.83333 |

Centroid of B = 
Vector contents:
| 5.76066 |
| 2.25708 |
| 1.94317 |

A - centroidA =
[[cMatrix]]
| -1.66667 | -2.66667 | -2.66667 | 4.33333 | -0.666667 | 3.33333 | 
| -2.5 | -3.5 | -2.5 | 1.5 | 4.5 | 2.5 | 
| -2.83333 | 3.16667 | -2.83333 | 1.16667 | 3.16667 | -1.83333 | 

B - centroidB =
[[cMatrix]]
| -3.88052 | 0.53884 | -4.2981 | 3.26335 | 3.79765 | 0.57878 | 
| -1.01314 | -5.31055 | -1.66966 | 3.07093 | 0.411987 | 4.51045 | 
| -0.985208 | -0.946878 | -0.357028 | -1.51949 | 4.01626 | -0.207658 | 

H = 
[[cMatrix]]
| 30.0309 | 41.992 | 39.6511 | 
| 48.37 | 43.0304 | -12.5972 | 
| -4.83505 | 21.9445 | 12.1307 | 

Det of R = 1

Rotation matrix = 
[[cMatrix]]
| 0.417572 | 0.656526 | -0.628183 | 
| 0.302953 | 0.551191 | 0.777436 | 
| 0.856646 | -0.514951 | 0.0312627 | 

R * B = 
[[cMatrix]]
| 0.999999 | -3.75521e-05 | -5.72911e-06 | 7 | 1.99998 | 6.00001 | 
| 1.99999 | 0.999956 | 1.99999 | 5.99998 | 8.99996 | 7 | 
| 0.999994 | 6.99997 | 0.99999 | 4.99996 | 6.99995 | 1.99996 | 

Translation matrix = 
Vector contents:
| 6.91961e-06 |
| 1.89125e-05 |
| 2.82657e-05 |

Result of the algorithm: 

R * B + t = A
[[cMatrix]]
| 1.00001 | -3.06324e-05 | 1.1905e-06 | 7.00001 | 1.99999 | 6.00002 | 
| 2.00001 | 0.999975 | 2.00001 | 6 | 8.99998 | 7.00002 | 
| 1.00002 | 7 | 1.00002 | 4.99999 | 6.99998 | 1.99999 | 

Original matrix A = 
[[cMatrix]]
| 1 | 0 | 0 | 7 | 2 | 6 | 
| 2 | 1 | 2 | 6 | 9 | 7 | 
| 1 | 7 | 1 | 5 | 7 | 2 | 

Transformed matrix B = 
[[cMatrix]]
| 1.88014 | 6.2995 | 1.46256 | 9.02401 | 9.55831 | 6.33944 | 
| 1.24394 | -3.05347 | 0.58742 | 5.32801 | 2.66907 | 6.76753 | 
| 0.95796 | 0.99629 | 1.58614 | 0.42368 | 5.95943 | 1.73551 | 
