
Original matrix A = 
[[cMatrix]]
| 8 | 9 | 7 | 1 | 2 | 4 | 9 | 1 | 2 | 8 | 2 | 6 | 3 | 1 | 8 | 
| 6 | 3 | 4 | 2 | 4 | 4 | 8 | 9 | 6 | 3 | 0 | 4 | 4 | 2 | 8 | 
| 0 | 8 | 2 | 1 | 6 | 4 | 9 | 2 | 4 | 9 | 6 | 2 | 7 | 1 | 9 | 

Transformed matrix B = 
[[cMatrix]]
| 7.3058 | 9.83158 | 6.55956 | 2.41362 | 7.05042 | 6.63176 | 14.1658 | 8.25919 | 7.4502 | 10.0409 | 4.0277 | 6.2131 | 7.95268 | 2.41362 | 13.8193 | 
| 0.32444 | 7.20768 | 2.19677 | -0.21631 | 1.77541 | 1.72315 | 4.52419 | -4.194 | -0.62281 | 7.23381 | 4.36381 | 1.67089 | 2.85329 | -0.21631 | 3.99831 | 
| 6.82056 | 2.32151 | 4.59851 | 0.35726 | -1.77185 | 1.02493 | 2.20507 | 0.44288 | -0.3266 | 0.92312 | -2.17597 | 3.82172 | -1.61665 | 0.35726 | 1.42827 | 
===========================QR SECTION==========================
Vector x at 0 iter: 

Vector contents:
| 31772.9 |
| 19256 |
| 5599.81 |
Alpha 37572.2 at 0 iter: 

Vector u at 0 iter: 

Vector contents:
| 69345.1 |
| 19256 |
| 5599.81 |
Vector v at 0 iter: 

Vector contents:
| 0.960638 |
| 0.266754 |
| 0.0775742 |
Q_tmp at 0 iter: 

[[cMatrix]]
| -0.845649 | -0.512508 | -0.149041 | 
| -0.512508 | 0.857685 | -0.0413865 | 
| -0.149041 | -0.0413865 | 0.987964 | 
Q_heap(0)

[[cMatrix]]
| -0.845649 | -0.512508 | -0.149041 | 
| -0.512508 | 0.857685 | -0.0413865 | 
| -0.149041 | -0.0413865 | 0.987964 | 
===========================QR SECTION==========================
Vector x at 1 iter: 

Vector contents:
| 8012.18 |
| -2187.77 |
Alpha 8305.51 at 1 iter: 

Vector u at 1 iter: 

Vector contents:
| 16317.7 |
| -2187.77 |
Vector v at 1 iter: 

Vector contents:
| 0.991132 |
| -0.132884 |
Q_tmp at 1 iter: 

[[cMatrix]]
| -0.964683 | 0.263412 | 
| 0.263412 | 0.964683 | 
Q_heap(1)

[[cMatrix]]
| 1 | 0 | 0 | 
| 0 | -0.964683 | 0.263412 | 
| 0 | 0.263412 | 0.964683 | 
===========================QR SECTION==========================
Vector x at 0 iter: 

Vector contents:
| 46730.9 |
| 3727.59 |
| -893.556 |
Alpha 46887.8 at 0 iter: 

Vector u at 0 iter: 

Vector contents:
| 93618.7 |
| 3727.59 |
| -893.556 |
Vector v at 0 iter: 

Vector contents:
| 0.999163 |
| 0.0397834 |
| -0.00953665 |
Q_tmp at 0 iter: 

[[cMatrix]]
| -0.996653 | -0.0795001 | 0.0190573 | 
| -0.0795001 | 0.996835 | 0.0007588 | 
| 0.0190573 | 0.0007588 | 0.999818 | 
Q_heap(0)

[[cMatrix]]
| -0.996653 | -0.0795001 | 0.0190573 | 
| -0.0795001 | 0.996835 | 0.0007588 | 
| 0.0190573 | 0.0007588 | 0.999818 | 
===========================QR SECTION==========================
Vector x at 1 iter: 

Vector contents:
| 7707.58 |
| 1876.41 |
Alpha 7932.7 at 1 iter: 

Vector u at 1 iter: 

Vector contents:
| 15640.3 |
| 1876.41 |
Vector v at 1 iter: 

Vector contents:
| 0.99288 |
| 0.119119 |
Q_tmp at 1 iter: 

[[cMatrix]]
| -0.971622 | -0.236541 | 
| -0.236541 | 0.971622 | 
Q_heap(1)

[[cMatrix]]
| 1 | 0 | 0 | 
| 0 | -0.971622 | -0.236541 | 
| 0 | -0.236541 | 0.971622 | 
===========================QR SECTION==========================
Vector x at 0 iter: 

Vector contents:
| 47090.5 |
| 570.651 |
| 95.8581 |
Alpha 47094.1 at 0 iter: 

Vector u at 0 iter: 

Vector contents:
| 94184.6 |
| 570.651 |
| 95.8581 |
Vector v at 0 iter: 

Vector contents:
| 0.999981 |
| 0.00605874 |
| 0.00101775 |
Q_tmp at 0 iter: 

[[cMatrix]]
| -0.999925 | -0.0121173 | -0.00203546 | 
| -0.0121173 | 0.999927 | -1.23326e-05 | 
| -0.00203546 | -1.23326e-05 | 0.999998 | 
Q_heap(0)

[[cMatrix]]
| -0.999925 | -0.0121173 | -0.00203546 | 
| -0.0121173 | 0.999927 | -1.23326e-05 | 
| -0.00203546 | -1.23326e-05 | 0.999998 | 
===========================QR SECTION==========================
Vector x at 1 iter: 

Vector contents:
| 8423.99 |
| -1194.55 |
Alpha 8508.27 at 1 iter: 

Vector u at 1 iter: 

Vector contents:
| 16932.3 |
| -1194.55 |
Vector v at 1 iter: 

Vector contents:
| 0.997521 |
| -0.070374 |
Q_tmp at 1 iter: 

[[cMatrix]]
| -0.990095 | 0.140399 | 
| 0.140399 | 0.990095 | 
Q_heap(1)

[[cMatrix]]
| 1 | 0 | 0 | 
| 0 | -0.990095 | 0.140399 | 
| 0 | 0.140399 | 0.990095 | 
===========================QR SECTION==========================
Vector x at 0 iter: 

Vector contents:
| 47098.8 |
| 99.2936 |
| -9.50393 |
Alpha 47098.9 at 0 iter: 

Vector u at 0 iter: 

Vector contents:
| 94197.7 |
| 99.2936 |
| -9.50393 |
Vector v at 0 iter: 

Vector contents:
| 0.999999 |
| 0.0010541 |
| -0.000100893 |
Q_tmp at 0 iter: 

[[cMatrix]]
| -0.999998 | -0.00210819 | 0.000201787 | 
| -0.00210819 | 0.999998 | 2.12703e-07 | 
| 0.000201787 | 2.12703e-07 | 1 | 
Q_heap(0)

[[cMatrix]]
| -0.999998 | -0.00210819 | 0.000201787 | 
| -0.00210819 | 0.999998 | 2.12703e-07 | 
| 0.000201787 | 2.12703e-07 | 1 | 
===========================QR SECTION==========================
Vector x at 1 iter: 

Vector contents:
| 8685.52 |
| 655.626 |
Alpha 8710.23 at 1 iter: 

Vector u at 1 iter: 

Vector contents:
| 17395.7 |
| 655.626 |
Vector v at 1 iter: 

Vector contents:
| 0.999291 |
| 0.0376621 |
Q_tmp at 1 iter: 

[[cMatrix]]
| -0.997163 | -0.0752708 | 
| -0.0752708 | 0.997163 | 
Q_heap(1)

[[cMatrix]]
| 1 | 0 | 0 | 
| 0 | -0.997163 | -0.0752708 | 
| 0 | -0.0752708 | 0.997163 | 
===========================QR SECTION==========================
Vector x at 0 iter: 

Vector contents:
| 47099.1 |
| 18.1607 |
| 0.920236 |
Alpha 47099.1 at 0 iter: 

Vector u at 0 iter: 

Vector contents:
| 94198.1 |
| 18.1607 |
| 0.920236 |
Vector v at 0 iter: 

Vector contents:
| 1 |
| 0.000192793 |
| 9.76916e-06 |
Q_tmp at 0 iter: 

[[cMatrix]]
| -1 | -0.000385585 | -1.95383e-05 | 
| -0.000385585 | 1 | -3.76684e-09 | 
| -1.95383e-05 | -3.76684e-09 | 1 | 
Q_heap(0)

[[cMatrix]]
| -1 | -0.000385585 | -1.95383e-05 | 
| -0.000385585 | 1 | -3.76684e-09 | 
| -1.95383e-05 | -3.76684e-09 | 1 | 
===========================QR SECTION==========================
Vector x at 1 iter: 

Vector contents:
| 8760.89 |
| -343.27 |
Alpha 8767.61 at 1 iter: 

Vector u at 1 iter: 

Vector contents:
| 17528.5 |
| -343.27 |
Vector v at 1 iter: 

Vector contents:
| 0.999808 |
| -0.0195798 |
Q_tmp at 1 iter: 

[[cMatrix]]
| -0.999233 | 0.039152 | 
| 0.039152 | 0.999233 | 
Q_heap(1)

[[cMatrix]]
| 1 | 0 | 0 | 
| 0 | -0.999233 | 0.039152 | 
| 0 | 0.039152 | 0.999233 | 
===========================QR SECTION==========================
Vector x at 0 iter: 

Vector contents:
| 47099.1 |
| 3.37048 |
| -0.0885199 |
Alpha 47099.1 at 0 iter: 

Vector u at 0 iter: 

Vector contents:
| 94198.2 |
| 3.37048 |
| -0.0885199 |
Vector v at 0 iter: 

Vector contents:
| 1 |
| 3.57807e-05 |
| -9.3972e-07 |
Q_tmp at 0 iter: 

[[cMatrix]]
| -1 | -7.15615e-05 | 1.87944e-06 | 
| -7.15615e-05 | 1 | 6.72478e-11 | 
| 1.87944e-06 | 6.72478e-11 | 1 | 
Q_heap(0)

[[cMatrix]]
| -1 | -7.15615e-05 | 1.87944e-06 | 
| -7.15615e-05 | 1 | 6.72478e-11 | 
| 1.87944e-06 | 6.72478e-11 | 1 | 
===========================QR SECTION==========================
Vector x at 1 iter: 

Vector contents:
| 8781.29 |
| 177.381 |
Alpha 8783.08 at 1 iter: 

Vector u at 1 iter: 

Vector contents:
| 17564.4 |
| 177.381 |
Vector v at 1 iter: 

Vector contents:
| 0.999949 |
| 0.0100984 |
Q_tmp at 1 iter: 

[[cMatrix]]
| -0.999796 | -0.0201958 | 
| -0.0201958 | 0.999796 | 
Q_heap(1)

[[cMatrix]]
| 1 | 0 | 0 | 
| 0 | -0.999796 | -0.0201958 | 
| 0 | -0.0201958 | 0.999796 | 
===========================QR SECTION==========================
Vector x at 0 iter: 

Vector contents:
| 47099.1 |
| 0.628025 |
| 0.00849996 |
Alpha 47099.1 at 0 iter: 

Vector u at 0 iter: 

Vector contents:
| 94198.2 |
| 0.628025 |
| 0.00849996 |
Vector v at 0 iter: 

Vector contents:
| 1 |
| 6.66707e-06 |
| 9.02349e-08 |
Q_tmp at 0 iter: 

[[cMatrix]]
| -1 | -1.33341e-05 | -1.8047e-07 | 
| -1.33341e-05 | 1 | -1.2032e-12 | 
| -1.8047e-07 | -1.2032e-12 | 1 | 
Q_heap(0)

[[cMatrix]]
| -1 | -1.33341e-05 | -1.8047e-07 | 
| -1.33341e-05 | 1 | -1.2032e-12 | 
| -1.8047e-07 | -1.2032e-12 | 1 | 
===========================QR SECTION==========================
Vector x at 1 iter: 

Vector contents:
| 8786.72 |
| -91.3376 |
Alpha 8787.19 at 1 iter: 

Vector u at 1 iter: 

Vector contents:
| 17573.9 |
| -91.3376 |
Vector v at 1 iter: 

Vector contents:
| 0.999986 |
| -0.00519727 |
Q_tmp at 1 iter: 

[[cMatrix]]
| -0.999946 | 0.0103944 | 
| 0.0103944 | 0.999946 | 
Q_heap(1)

[[cMatrix]]
| 1 | 0 | 0 | 
| 0 | -0.999946 | 0.0103944 | 
| 0 | 0.0103944 | 0.999946 | 
===========================QR SECTION==========================
Vector x at 0 iter: 

Vector contents:
| 47099.1 |
| 0.117145 |
| -0.000815811 |
Alpha 47099.1 at 0 iter: 

Vector u at 0 iter: 

Vector contents:
| 94198.2 |
| 0.117145 |
| -0.000815811 |
Vector v at 0 iter: 

Vector contents:
| 1 |
| 1.2436e-06 |
| -8.66059e-09 |
Q_tmp at 0 iter: 

[[cMatrix]]
| -1 | -2.4872e-06 | 1.73212e-08 | 
| -2.4872e-06 | 1 | 2.15406e-14 | 
| 1.73212e-08 | 2.15406e-14 | 1 | 
Q_heap(0)

[[cMatrix]]
| -1 | -2.4872e-06 | 1.73212e-08 | 
| -2.4872e-06 | 1 | 2.15406e-14 | 
| 1.73212e-08 | 2.15406e-14 | 1 | 
===========================QR SECTION==========================
Vector x at 1 iter: 

Vector contents:
| 8788.16 |
| 46.9877 |
Alpha 8788.28 at 1 iter: 

Vector u at 1 iter: 

Vector contents:
| 17576.4 |
| 46.9877 |
Vector v at 1 iter: 

Vector contents:
| 0.999996 |
| 0.00267333 |
Q_tmp at 1 iter: 

[[cMatrix]]
| -0.999986 | -0.00534664 | 
| -0.00534664 | 0.999986 | 
Q_heap(1)

[[cMatrix]]
| 1 | 0 | 0 | 
| 0 | -0.999986 | -0.00534664 | 
| 0 | -0.00534664 | 0.999986 | 
===========================EIGEN SECTION==========================
Eigenvalue matrix after 7 iterations of the QR algorithm
[[cMatrix]]
| 47099.1 | 0.117145 | -0.000815811 | 
| 0.117145 | 8788.16 | 46.9877 | 
| -0.000815811 | 46.9877 | 4520.24 | 
Eigenvector matrix Q_0:
[[cMatrix]]
| -0.845649 | 0.455149 | -0.278778 | 
| -0.512508 | -0.838296 | 0.186 | 
| -0.149041 | 0.300166 | 0.942171 | 
Eigenvector matrix after multiplying by Q_1:
[[cMatrix]]
| 0.801321 | -0.436287 | -0.409314 | 
| 0.580982 | 0.730675 | 0.358573 | 
| 0.142634 | -0.525136 | 0.83898 | 
Eigenvector matrix Q_1
[[cMatrix]]
| -0.996653 | 0.0727362 | 0.0373215 | 
| -0.0795001 | -0.968725 | -0.235055 | 
| 0.0190573 | -0.237235 | 0.971265 | 
Number of iterations: 7
Eigenvector matrix after multiplying by Q_2:
[[cMatrix]]
| -0.795141 | 0.383847 | -0.469481 | 
| -0.590521 | -0.666234 | 0.45543 | 
| -0.137968 | 0.63937 | 0.75642 | 
Eigenvector matrix Q_2
[[cMatrix]]
| -0.999925 | 0.0117115 | -0.00371655 | 
| -0.0121173 | -0.990024 | 0.140377 | 
| -0.00203546 | 0.140411 | 0.990091 | 
Number of iterations: 7
Eigenvector matrix after multiplying by Q_3:
[[cMatrix]]
| 0.794235 | -0.349079 | -0.497327 | 
| 0.592017 | 0.628829 | 0.504073 | 
| 0.136773 | -0.694779 | 0.706099 | 
Eigenvector matrix Q_3
[[cMatrix]]
| -0.999998 | 0.00208702 | 0.000359899 | 
| -0.00210819 | -0.997161 | -0.0752704 | 
| 0.000201787 | -0.075271 | 0.997163 | 
Number of iterations: 7
Eigenvector matrix after multiplying by Q_4:
[[cMatrix]]
| -0.794091 | 0.329645 | -0.51064 | 
| -0.592269 | -0.608384 | 0.528286 | 
| -0.136519 | 0.721944 | 0.678351 | 
Eigenvector matrix Q_4
[[cMatrix]]
| -1 | 0.000384524 | -3.46198e-05 | 
| -0.000385585 | -0.999233 | 0.039152 | 
| -1.95383e-05 | 0.039152 | 0.999233 | 
Number of iterations: 7
Eigenvector matrix after multiplying by Q_5:
[[cMatrix]]
| 0.794066 | -0.319322 | -0.517196 | 
| 0.592313 | 0.597549 | 0.540463 | 
| 0.136468 | -0.735506 | 0.663632 | 
Eigenvector matrix Q_5
[[cMatrix]]
| -1 | 7.15089e-05 | 3.3243e-06 | 
| -7.15615e-05 | -0.999796 | -0.0201958 | 
| 1.87944e-06 | -0.0201958 | 0.999796 | 
Number of iterations: 7
Eigenvector matrix after multiplying by Q_6:
[[cMatrix]]
| -0.794062 | 0.313939 | -0.520488 | 
| -0.592321 | -0.591891 | 0.546645 | 
| -0.136458 | 0.742366 | 0.655951 | 
Eigenvector matrix Q_6
[[cMatrix]]
| -1 | 1.33315e-05 | -3.1906e-07 | 
| -1.33341e-05 | -0.999946 | 0.0103944 | 
| -1.8047e-07 | 0.0103944 | 0.999946 | 
Number of iterations: 7
Eigenvector matrix after multiplying by Q_7:
[[cMatrix]]
| 0.794061 | -0.311154 | -0.522159 | 
| 0.592323 | 0.588958 | 0.549802 | 
| 0.136457 | -0.745863 | 0.651972 | 
Eigenvector matrix Q_7
[[cMatrix]]
| -1 | 2.48707e-06 | 3.06191e-08 | 
| -2.4872e-06 | -0.999986 | -0.00534664 | 
| 1.73212e-08 | -0.00534664 | 0.999986 | 
Number of iterations: 7
===========================SVD SECTION==========================
A*A' = 
[[cMatrix]]
| 31772.9 | 19256 | 5599.81 | 
| 19256 | 20923.7 | 1566.99 | 
| 5599.81 | 1566.99 | 7710.92 | 

Eigenvectors of A*A' (U) = 

[[cMatrix]]
| 0.794061 | -0.311154 | -0.522159 | 
| 0.592323 | 0.588958 | 0.549802 | 
| 0.136457 | -0.745863 | 0.651972 | 

Singular values of A'*A (S) = 

[[cMatrix]]
| 217.023 | 0 | 0 | 
| 0 | 93.7452 | 0 | 
| 0 | 0 | 67.2327 | 

Eigenvectors of A'*A (V) = 

[[cMatrix]]
| 0.692603 | -0.378459 | 0.615486 | 
| 0.230551 | -0.69052 | -0.682919 | 
| 0.683482 | 0.616436 | -0.393338 | 


Q_U = 
[[cMatrix]]
| -1 | 2.48707e-06 | 3.06191e-08 | 
| -2.4872e-06 | -0.999986 | -0.00534664 | 
| 1.73212e-08 | -0.00534664 | 0.999986 | 
Q_U iter = 7
Q_V = 
[[cMatrix]]
| 0 | 0 | 0 | 0 | 
| 0 | 0 | 0 | 0 | 
| 0 | 0 | 0 | 0 | 
| 0 | 0 | 0 | 0 | 
Q_V iter = 2685004



Original matrix A = U*S*V' = 
[[cMatrix]]
| 108.788 | 83.8475 | 113.612 | 
| 90.8884 | -33.732 | 107.355 | 
| 73.9523 | 25.1745 | -40.1026 | 
===========================KABSCH SECTION==========================

Centroid of A = 
Vector contents:
| 4.73333 |
| 4.46667 |
| 4.66667 |

Centroid of B = 
Vector contents:
| 7.60902 |
| 2.17482 |
| 1.22733 |

A - centroidA =
[[cMatrix]]
| 3.26667 | 4.26667 | 2.26667 | -3.73333 | -2.73333 | -0.733333 | 4.26667 | -3.73333 | -2.73333 | 3.26667 | -2.73333 | 1.26667 | -1.73333 | -3.73333 | 3.26667 | 
| 1.53333 | -1.46667 | -0.466667 | -2.46667 | -0.466667 | -0.466667 | 3.53333 | 4.53333 | 1.53333 | -1.46667 | -4.46667 | -0.466667 | -0.466667 | -2.46667 | 3.53333 | 
| -4.66667 | 3.33333 | -2.66667 | -3.66667 | 1.33333 | -0.666667 | 4.33333 | -2.66667 | -0.666667 | 4.33333 | 1.33333 | -2.66667 | 2.33333 | -3.66667 | 4.33333 | 

B - centroidB =
[[cMatrix]]
| -0.303216 | 2.22256 | -1.04946 | -5.1954 | -0.558596 | -0.977256 | 6.55676 | 0.650174 | -0.158816 | 2.43189 | -3.58132 | -1.39592 | 0.343664 | -5.1954 | 6.2103 | 
| -1.85038 | 5.03286 | 0.0219487 | -2.39113 | -0.399411 | -0.451671 | 2.34937 | -6.36882 | -2.79763 | 5.05899 | 2.18899 | -0.503931 | 0.678469 | -2.39113 | 1.82349 | 
| 5.59323 | 1.09418 | 3.37118 | -0.870075 | -2.99918 | -0.202405 | 0.977735 | -0.784455 | -1.55393 | -0.304215 | -3.4033 | 2.59439 | -2.84398 | -0.870075 | 0.200935 | 

H = 
[[cMatrix]]
| 108.788 | 83.8475 | 113.612 | 
| 90.8884 | -33.732 | 107.355 | 
| 73.9523 | 25.1745 | -40.1026 | 

Det of R = 0.999972

Rotation matrix = 
[[cMatrix]]
| 0.346346 | 0.525744 | 0.778068 | 
| 0.754522 | -0.645597 | 0.10125 | 
| 0.556305 | 0.551639 | -0.622957 | 

R * B = 
[[cMatrix]]
| 8.00777 | 9.00082 | 7.00477 | 1.0002 | 1.99668 | 4.00029 | 9.00053 | 1.00016 | 1.99879 | 7.99901 | 1.99617 | 6.0039 | 2.99662 | 1.0002 | 7.99965 | 
| 5.99351 | 2.99995 | 3.99671 | 1.99695 | 3.9941 | 3.99513 | 7.99086 | 8.98422 | 5.99036 | 2.99943 | 0.00141217 | 3.99615 | 3.99472 | 1.99695 | 7.9903 | 
| -0.00569138 | 7.99919 | 1.99626 | 1.00083 | 6.00535 | 4.00135 | 9.00255 | 2.00516 | 4.00447 | 9.00119 | 6.00341 | 1.99734 | 7.0052 | 1.00083 | 9.00363 | 

Translation matrix = 
Vector contents:
| -0.00037065 |
| 0.00528328 |
| -0.00140391 |

Result of the algorithm: 

R * B + t = A
[[cMatrix]]
| 8.0074 | 9.00045 | 7.0044 | 0.999827 | 1.99631 | 3.99992 | 9.00016 | 0.999792 | 1.99842 | 7.99864 | 1.9958 | 6.00353 | 2.99625 | 0.999827 | 7.99928 | 
| 5.9988 | 3.00523 | 4.00199 | 2.00224 | 3.99939 | 4.00041 | 7.99614 | 8.9895 | 5.99564 | 3.00472 | 0.00669545 | 4.00143 | 4 | 2.00224 | 7.99559 | 
| -0.0070953 | 7.99779 | 1.99486 | 0.999421 | 6.00395 | 3.99994 | 9.00114 | 2.00375 | 4.00307 | 8.99979 | 6.00201 | 1.99593 | 7.0038 | 0.999421 | 9.00222 | 

Original matrix A = 
[[cMatrix]]
| 8 | 9 | 7 | 1 | 2 | 4 | 9 | 1 | 2 | 8 | 2 | 6 | 3 | 1 | 8 | 
| 6 | 3 | 4 | 2 | 4 | 4 | 8 | 9 | 6 | 3 | 0 | 4 | 4 | 2 | 8 | 
| 0 | 8 | 2 | 1 | 6 | 4 | 9 | 2 | 4 | 9 | 6 | 2 | 7 | 1 | 9 | 

Transformed matrix B = 
[[cMatrix]]
| 7.3058 | 9.83158 | 6.55956 | 2.41362 | 7.05042 | 6.63176 | 14.1658 | 8.25919 | 7.4502 | 10.0409 | 4.0277 | 6.2131 | 7.95268 | 2.41362 | 13.8193 | 
| 0.32444 | 7.20768 | 2.19677 | -0.21631 | 1.77541 | 1.72315 | 4.52419 | -4.194 | -0.62281 | 7.23381 | 4.36381 | 1.67089 | 2.85329 | -0.21631 | 3.99831 | 
| 6.82056 | 2.32151 | 4.59851 | 0.35726 | -1.77185 | 1.02493 | 2.20507 | 0.44288 | -0.3266 | 0.92312 | -2.17597 | 3.82172 | -1.61665 | 0.35726 | 1.42827 | 
