
Original matrix A = 
[[cMatrix]]
| 8 | 6 | 7 | 9 | 9 | 9 | 1 | 
| 1 | 0 | 0 | 2 | 2 | 5 | 4 | 
| 9 | 1 | 8 | 8 | 3 | 5 | 3 | 

Transformed matrix B = 
[[cMatrix]]
| 10.8425 | 3.67903 | 9.87325 | 10.1782 | 6.09447 | 6.75416 | 1.62889 | 
| -5.1978 | -3.93911 | -3.89481 | -6.70591 | -7.2187 | -9.20939 | -3.29368 | 
| -1.19339 | 2.81924 | -0.59099 | -0.66014 | 2.17896 | -0.75395 | -3.53531 | 
===========================QR SECTION==========================
Vector x at 0 iter: 

Vector contents:
| 5617.52 |
| -1282.92 |
| 10.4888 |
Alpha 5762.17 at 0 iter: 

Vector u at 0 iter: 

Vector contents:
| 11379.7 |
| -1282.92 |
| 10.4888 |
Vector v at 0 iter: 

Vector contents:
| 0.993705 |
| -0.112028 |
| 0.000915907 |
Q_tmp at 0 iter: 

[[cMatrix]]
| -0.974898 | 0.222645 | -0.00182028 | 
| 0.222645 | 0.9749 | 0.000205214 | 
| -0.00182028 | 0.000205214 | 0.999998 | 
Q_heap(0)

[[cMatrix]]
| -0.974898 | 0.222645 | -0.00182028 | 
| 0.222645 | 0.9749 | 0.000205214 | 
| -0.00182028 | 0.000205214 | 0.999998 | 
===========================QR SECTION==========================
Vector x at 1 iter: 

Vector contents:
| 659.655 |
| -274.008 |
Alpha 714.3 at 1 iter: 

Vector u at 1 iter: 

Vector contents:
| 1373.95 |
| -274.008 |
Vector v at 1 iter: 

Vector contents:
| 0.980688 |
| -0.195579 |
Q_tmp at 1 iter: 

[[cMatrix]]
| -0.923498 | 0.383603 | 
| 0.383603 | 0.923498 | 
Q_heap(1)

[[cMatrix]]
| 1 | 0 | 0 | 
| 0 | -0.923498 | 0.383603 | 
| 0 | 0.383603 | 0.923498 | 
===========================QR SECTION==========================
Vector x at 0 iter: 

Vector contents:
| 5944.3 |
| -160.033 |
| -1.13268 |
Alpha 5946.46 at 0 iter: 

Vector u at 0 iter: 

Vector contents:
| 11890.8 |
| -160.033 |
| -1.13268 |
Vector v at 0 iter: 

Vector contents:
| 0.999909 |
| -0.0134573 |
| -9.52483e-05 |
Q_tmp at 0 iter: 

[[cMatrix]]
| -0.999638 | 0.0269122 | 0.000190479 | 
| 0.0269122 | 0.999638 | -2.56358e-06 | 
| 0.000190479 | -2.56358e-06 | 1 | 
Q_heap(0)

[[cMatrix]]
| -0.999638 | 0.0269122 | 0.000190479 | 
| 0.0269122 | 0.999638 | -2.56358e-06 | 
| 0.000190479 | -2.56358e-06 | 1 | 
===========================QR SECTION==========================
Vector x at 1 iter: 

Vector contents:
| 848.421 |
| 238.547 |
Alpha 881.319 at 1 iter: 

Vector u at 1 iter: 

Vector contents:
| 1729.74 |
| 238.547 |
Vector v at 1 iter: 

Vector contents:
| 0.990624 |
| 0.136616 |
Q_tmp at 1 iter: 

[[cMatrix]]
| -0.962672 | -0.270671 | 
| -0.270671 | 0.962672 | 
Q_heap(1)

[[cMatrix]]
| 1 | 0 | 0 | 
| 0 | -0.962672 | -0.270671 | 
| 0 | -0.270671 | 0.962672 | 
===========================QR SECTION==========================
Vector x at 0 iter: 

Vector contents:
| 5949.23 |
| -23.7916 |
| 0.0930872 |
Alpha 5949.28 at 0 iter: 

Vector u at 0 iter: 

Vector contents:
| 11898.5 |
| -23.7916 |
| 0.0930872 |
Vector v at 0 iter: 

Vector contents:
| 0.999998 |
| -0.00199954 |
| 7.82342e-06 |
Q_tmp at 0 iter: 

[[cMatrix]]
| -0.999992 | 0.00399908 | -1.56468e-05 | 
| 0.00399908 | 0.999992 | 3.12866e-08 | 
| -1.56468e-05 | 3.12866e-08 | 1 | 
Q_heap(0)

[[cMatrix]]
| -0.999992 | 0.00399908 | -1.56468e-05 | 
| 0.00399908 | 0.999992 | 3.12866e-08 | 
| -1.56468e-05 | 3.12866e-08 | 1 | 
===========================QR SECTION==========================
Vector x at 1 iter: 

Vector contents:
| 952.249 |
| -132.275 |
Alpha 961.392 at 1 iter: 

Vector u at 1 iter: 

Vector contents:
| 1913.64 |
| -132.275 |
Vector v at 1 iter: 

Vector contents:
| 0.99762 |
| -0.0689578 |
Q_tmp at 1 iter: 

[[cMatrix]]
| -0.99049 | 0.137587 | 
| 0.137587 | 0.99049 | 
Q_heap(1)

[[cMatrix]]
| 1 | 0 | 0 | 
| 0 | -0.99049 | 0.137587 | 
| 0 | 0.137587 | 0.99049 | 
===========================QR SECTION==========================
Vector x at 0 iter: 

Vector contents:
| 5949.34 |
| -3.84775 |
| -0.00700641 |
Alpha 5949.34 at 0 iter: 

Vector u at 0 iter: 

Vector contents:
| 11898.7 |
| -3.84775 |
| -0.00700641 |
Vector v at 0 iter: 

Vector contents:
| 1 |
| -0.000323376 |
| -5.88839e-07 |
Q_tmp at 0 iter: 

[[cMatrix]]
| -1 | 0.000646752 | 1.17768e-06 | 
| 0.000646752 | 1 | -3.80833e-10 | 
| 1.17768e-06 | -3.80833e-10 | 1 | 
Q_heap(0)

[[cMatrix]]
| -1 | 0.000646752 | 1.17768e-06 | 
| 0.000646752 | 1 | -3.80833e-10 | 
| 1.17768e-06 | -3.80833e-10 | 1 | 
===========================QR SECTION==========================
Vector x at 1 iter: 

Vector contents:
| 979.171 |
| 61.6094 |
Alpha 981.107 at 1 iter: 

Vector u at 1 iter: 

Vector contents:
| 1960.28 |
| 61.6094 |
Vector v at 1 iter: 

Vector contents:
| 0.999506 |
| 0.0314134 |
Q_tmp at 1 iter: 

[[cMatrix]]
| -0.998026 | -0.0627958 | 
| -0.0627958 | 0.998026 | 
Q_heap(1)

[[cMatrix]]
| 1 | 0 | 0 | 
| 0 | -0.998026 | -0.0627958 | 
| 0 | -0.0627958 | 0.998026 | 
===========================QR SECTION==========================
Vector x at 0 iter: 

Vector contents:
| 5949.34 |
| -0.634638 |
| 0.000516744 |
Alpha 5949.34 at 0 iter: 

Vector u at 0 iter: 

Vector contents:
| 11898.7 |
| -0.634638 |
| 0.000516744 |
Vector v at 0 iter: 

Vector contents:
| 1 |
| -5.33368e-05 |
| 4.34286e-08 |
Q_tmp at 0 iter: 

[[cMatrix]]
| -1 | 0.000106674 | -8.68573e-08 | 
| 0.000106674 | 1 | 4.63269e-12 | 
| -8.68573e-08 | 4.63269e-12 | 1 | 
Q_heap(0)

[[cMatrix]]
| -1 | 0.000106674 | -8.68573e-08 | 
| 0.000106674 | 1 | 4.63269e-12 | 
| -8.68573e-08 | 4.63269e-12 | 1 | 
===========================QR SECTION==========================
Vector x at 1 iter: 

Vector contents:
| 984.78 |
| -27.5537 |
Alpha 985.166 at 1 iter: 

Vector u at 1 iter: 

Vector contents:
| 1969.95 |
| -27.5537 |
Vector v at 1 iter: 

Vector contents:
| 0.999902 |
| -0.0139857 |
Q_tmp at 1 iter: 

[[cMatrix]]
| -0.999609 | 0.0279686 | 
| 0.0279686 | 0.999609 | 
Q_heap(1)

[[cMatrix]]
| 1 | 0 | 0 | 
| 0 | -0.999609 | 0.0279686 | 
| 0 | 0.0279686 | 0.999609 | 
===========================QR SECTION==========================
Vector x at 0 iter: 

Vector contents:
| 5949.34 |
| -0.105095 |
| -3.79544e-05 |
Alpha 5949.34 at 0 iter: 

Vector u at 0 iter: 

Vector contents:
| 11898.7 |
| -0.105095 |
| -3.79544e-05 |
Vector v at 0 iter: 

Vector contents:
| 1 |
| -8.83246e-06 |
| -3.18979e-09 |
Q_tmp at 0 iter: 

[[cMatrix]]
| -1 | 1.76649e-05 | 6.37959e-09 | 
| 1.76649e-05 | 1 | -5.63475e-14 | 
| 6.37959e-09 | -5.63475e-14 | 1 | 
Q_heap(0)

[[cMatrix]]
| -1 | 1.76649e-05 | 6.37959e-09 | 
| 1.76649e-05 | 1 | -5.63475e-14 | 
| 6.37959e-09 | -5.63475e-14 | 1 | 
===========================QR SECTION==========================
Vector x at 1 iter: 

Vector contents:
| 985.893 |
| 12.2215 |
Alpha 985.969 at 1 iter: 

Vector u at 1 iter: 

Vector contents:
| 1971.86 |
| 12.2215 |
Vector v at 1 iter: 

Vector contents:
| 0.999981 |
| 0.00619785 |
Q_tmp at 1 iter: 

[[cMatrix]]
| -0.999923 | -0.0123955 | 
| -0.0123955 | 0.999923 | 
Q_heap(1)

[[cMatrix]]
| 1 | 0 | 0 | 
| 0 | -0.999923 | -0.0123955 | 
| 0 | -0.0123955 | 0.999923 | 
===========================QR SECTION==========================
Vector x at 0 iter: 

Vector contents:
| 5949.34 |
| -0.0174172 |
| 2.78544e-06 |
Alpha 5949.34 at 0 iter: 

Vector u at 0 iter: 

Vector contents:
| 11898.7 |
| -0.0174172 |
| 2.78544e-06 |
Vector v at 0 iter: 

Vector contents:
| 1 |
| -1.46379e-06 |
| 2.34097e-10 |
Q_tmp at 0 iter: 

[[cMatrix]]
| -1 | 2.92758e-06 | -4.68194e-10 | 
| 2.92758e-06 | 1 | 6.85337e-16 | 
| -4.68194e-10 | 6.85337e-16 | 1 | 
Q_heap(0)

[[cMatrix]]
| -1 | 2.92758e-06 | -4.68194e-10 | 
| 2.92758e-06 | 1 | 6.85337e-16 | 
| -4.68194e-10 | 6.85337e-16 | 1 | 
===========================QR SECTION==========================
Vector x at 1 iter: 

Vector contents:
| 986.112 |
| -5.41208 |
Alpha 986.127 at 1 iter: 

Vector u at 1 iter: 

Vector contents:
| 1972.24 |
| -5.41208 |
Vector v at 1 iter: 

Vector contents:
| 0.999996 |
| -0.00274412 |
Q_tmp at 1 iter: 

[[cMatrix]]
| -0.999985 | 0.00548822 | 
| 0.00548822 | 0.999985 | 
Q_heap(1)

[[cMatrix]]
| 1 | 0 | 0 | 
| 0 | -0.999985 | 0.00548822 | 
| 0 | 0.00548822 | 0.999985 | 
===========================EIGEN SECTION==========================
Eigenvalue matrix after 6 iterations of the QR algorithm
[[cMatrix]]
| 5949.34 | -0.0174172 | 2.78544e-06 | 
| -0.0174172 | 986.112 | -5.41208 | 
| 2.78544e-06 | -5.41208 | 436.584 | 
Eigenvector matrix Q_0:
[[cMatrix]]
| -0.974898 | -0.206311 | 0.0837264 | 
| 0.222645 | -0.900239 | 0.374164 | 
| -0.00182028 | 0.383413 | 0.923575 | 
Eigenvector matrix after multiplying by Q_1:
[[cMatrix]]
| 0.969008 | 0.201183 | 0.143346 | 
| -0.246721 | 0.759266 | 0.602199 | 
| 0.0123141 | -0.618902 | 0.785371 | 
Eigenvector matrix Q_1
[[cMatrix]]
| -0.999638 | -0.0259592 | -0.00710099 | 
| 0.0269122 | -0.962323 | -0.270575 | 
| 0.000190479 | -0.270668 | 0.962673 | 
Number of iterations: 6
Eigenvector matrix after multiplying by Q_2:
[[cMatrix]]
| -0.968198 | -0.183386 | 0.170181 | 
| 0.249746 | -0.668207 | 0.700805 | 
| -0.0148013 | 0.72102 | 0.692756 | 
Eigenvector matrix Q_2
[[cMatrix]]
| -0.999992 | -0.0039632 | 0.000534724 | 
| 0.00399908 | -0.990482 | 0.137586 | 
| -1.56468e-05 | 0.137587 | 0.99049 | 
Number of iterations: 6
Eigenvector matrix after multiplying by Q_3:
[[cMatrix]]
| 0.96808 | 0.172962 | 0.1814 | 
| -0.250177 | 0.622719 | 0.741372 | 
| 0.0152684 | -0.763089 | 0.646113 | 
Eigenvector matrix Q_3
[[cMatrix]]
| -1 | -0.000645549 | -3.9438e-05 | 
| 0.000646752 | -0.998026 | -0.0627958 | 
| 1.17768e-06 | -0.0627958 | 0.998026 | 
Number of iterations: 6
Eigenvector matrix after multiplying by Q_4:
[[cMatrix]]
| -0.968061 | -0.167924 | 0.186169 | 
| 0.250243 | -0.601713 | 0.758498 | 
| -0.0153499 | 0.78086 | 0.624517 | 
Eigenvector matrix Q_4
[[cMatrix]]
| -1 | -0.000106634 | 2.89669e-06 | 
| 0.000106674 | -0.999609 | 0.0279686 | 
| -8.68573e-08 | 0.0279686 | 0.999609 | 
Number of iterations: 6
Eigenvector matrix after multiplying by Q_5:
[[cMatrix]]
| 0.968058 | 0.165621 | 0.188236 | 
| -0.250254 | 0.592261 | 0.765898 | 
| 0.0153637 | -0.788541 | 0.61479 | 
Eigenvector matrix Q_5
[[cMatrix]]
| -1 | -1.76636e-05 | -2.12586e-07 | 
| 1.76649e-05 | -0.999923 | -0.0123955 | 
| 6.37959e-09 | -0.0123955 | 0.999923 | 
Number of iterations: 6
Eigenvector matrix after multiplying by Q_6:
[[cMatrix]]
| -0.968058 | -0.164588 | 0.189142 | 
| 0.250256 | -0.588048 | 0.769137 | 
| -0.015366 | 0.791903 | 0.610453 | 
Eigenvector matrix Q_6
[[cMatrix]]
| -1 | -2.92754e-06 | 1.5599e-08 | 
| 2.92758e-06 | -0.999985 | 0.00548822 | 
| -4.68194e-10 | 0.00548822 | 0.999985 | 
Number of iterations: 6
===========================SVD SECTION==========================
A*A' = 
[[cMatrix]]
| 5617.52 | -1282.92 | 10.4888 | 
| -1282.92 | 969.687 | -276.543 | 
| 10.4888 | -276.543 | 784.828 | 

Eigenvectors of A*A' (U) = 

[[cMatrix]]
| -0.968058 | -0.164588 | 0.189142 | 
| 0.250256 | -0.588048 | 0.769137 | 
| -0.015366 | 0.791903 | 0.610453 | 

Singular values of A'*A (S) = 

[[cMatrix]]
| 77.132 | 0 | 0 | 
| 0 | 31.4024 | 0 | 
| 0 | 0 | 20.8946 | 

Eigenvectors of A'*A (V) = 

[[cMatrix]]
| -0.639061 | 0.764532 | -0.0815804 | 
| 0.140261 | 0.00797279 | -0.989998 | 
| -0.756259 | -0.644571 | -0.114674 | 


Q_U = 
[[cMatrix]]
| -1 | -2.92754e-06 | 1.5599e-08 | 
| 2.92758e-06 | -0.999985 | 0.00548822 | 
| -4.68194e-10 | 0.00548822 | 0.999985 | 
Q_U iter = 6
Q_V = 
[[cMatrix]]
| 0 | 0 | 0 | 0 | 
| 0 | 0 | 0 | 0 | 
| 0 | 0 | 0 | 0 | 
| 0 | 0 | 0 | 0 | 
Q_V iter = 2685004



Original matrix A = U*S*V' = 
[[cMatrix]]
| 43.4437 | -14.4267 | 59.3468 | 
| -27.7646 | -13.3499 | -4.53805 | 
| 18.729 | -12.5956 | -16.5953 | 
===========================KABSCH SECTION==========================

Centroid of A = 
Vector contents:
| 7 |
| 2 |
| 5.28571 |

Centroid of B = 
Vector contents:
| 7.0072 |
| -5.63706 |
| -0.24794 |

A - centroidA =
[[cMatrix]]
| 1 | -1 | 0 | 2 | 2 | 2 | -6 | 
| -1 | -2 | -2 | 0 | 0 | 3 | 2 | 
| 3.71429 | -4.28571 | 2.71429 | 2.71429 | -2.28571 | -0.285714 | -2.28571 | 

B - centroidB =
[[cMatrix]]
| 3.83525 | -3.32817 | 2.86605 | 3.17096 | -0.912731 | -0.253041 | -5.37831 | 
| 0.439257 | 1.69795 | 1.74225 | -1.06885 | -1.58164 | -3.57233 | 2.34338 | 
| -0.94545 | 3.06718 | -0.34305 | -0.4122 | 2.4269 | -0.50601 | -3.28737 | 

H = 
[[cMatrix]]
| 43.4437 | -14.4268 | 59.3468 | 
| -27.7646 | -13.3499 | -4.53805 | 
| 18.729 | -12.5956 | -16.5953 | 

Det of R = 0.999966

Rotation matrix = 
[[cMatrix]]
| 0.477385 | -0.672256 | 0.565454 | 
| -0.324343 | -0.731032 | -0.600189 | 
| 0.816502 | 0.10158 | -0.56882 | 

R * B = 
[[cMatrix]]
| 7.99547 | 5.99855 | 6.99747 | 8.99371 | 8.99432 | 8.98908 | 0.99275 | 
| 0.99934 | -0.00573247 | -0.000387425 | 1.99722 | 1.99261 | 4.9942 | 4.00132 | 
| 9.00371 | 1.00016 | 8.00206 | 8.0048 | 3.00343 | 5.00815 | 3.00637 | 

Translation matrix = 
Vector contents:
| 0.00552138 |
| 0.00306087 |
| -0.00409778 |

Result of the algorithm: 

R * B + t = A
[[cMatrix]]
| 8.00099 | 6.00407 | 7.00299 | 8.99923 | 8.99985 | 8.9946 | 0.998271 | 
| 1.0024 | -0.0026716 | 0.00267345 | 2.00028 | 1.99567 | 4.99726 | 4.00438 | 
| 8.99961 | 0.996062 | 7.99796 | 8.0007 | 2.99933 | 5.00406 | 3.00228 | 

Original matrix A = 
[[cMatrix]]
| 8 | 6 | 7 | 9 | 9 | 9 | 1 | 
| 1 | 0 | 0 | 2 | 2 | 5 | 4 | 
| 9 | 1 | 8 | 8 | 3 | 5 | 3 | 

Transformed matrix B = 
[[cMatrix]]
| 10.8425 | 3.67903 | 9.87325 | 10.1782 | 6.09447 | 6.75416 | 1.62889 | 
| -5.1978 | -3.93911 | -3.89481 | -6.70591 | -7.2187 | -9.20939 | -3.29368 | 
| -1.19339 | 2.81924 | -0.59099 | -0.66014 | 2.17896 | -0.75395 | -3.53531 | 
