
Original matrix A = 
[[cMatrix]]
| 9 | 0 | 9 | 6 | 1 | 9 | 0 | 1 | 7 | 7 | 0 | 8 | 4 | 1 | 7 | 5 | 0 | 6 | 
| 0 | 3 | 6 | 9 | 0 | 8 | 5 | 9 | 4 | 2 | 5 | 0 | 7 | 5 | 8 | 4 | 0 | 4 | 
| 0 | 0 | 1 | 5 | 8 | 1 | 8 | 1 | 2 | 7 | 8 | 7 | 7 | 5 | 4 | 6 | 6 | 9 | 

Transformed matrix B = 
[[cMatrix]]
| 3.58874 | -2.58304 | -1.89302 | -6.93504 | -2.12672 | -3.61504 | -6.83054 | -7.66605 | -1.28417 | -1.14057 | -6.83054 | 0.98021 | -6.64188 | -5.48473 | -5.35959 | -3.34441 | -1.8941 | -3.89271 | 
| 7.99645 | 0.83241 | 10.0268 | 9.65568 | 3.81246 | 10.5817 | 4.31132 | 3.75123 | 8.06034 | 9.33287 | 4.31132 | 9.66643 | 8.05474 | 4.10332 | 9.90121 | 7.74533 | 2.19297 | 9.73031 | 
| -2.04393 | -1.27867 | -3.72563 | -0.82041 | 6.77807 | -4.57808 | 4.87405 | -3.18748 | -1.54333 | 3.68735 | 4.87405 | 4.3127 | 2.23754 | 2.02001 | -1.49693 | 2.41346 | 5.25388 | 4.8133 | 
===========================QR SECTION==========================
Vector x at 0 iter: 

Vector contents:
| 25849.5 |
| 10627.2 |
| -3750 |
Alpha 28199.2 at 0 iter: 

Vector u at 0 iter: 

Vector contents:
| 54048.7 |
| 10627.2 |
| -3750 |
Vector v at 0 iter: 

Vector contents:
| 0.978947 |
| 0.192484 |
| -0.0679212 |
Q_tmp at 0 iter: 

[[cMatrix]]
| -0.916674 | -0.376862 | 0.132982 | 
| -0.376862 | 0.9259 | 0.0261474 | 
| 0.132982 | 0.0261474 | 0.990773 | 
Q_heap(0)

[[cMatrix]]
| -0.916674 | -0.376862 | 0.132982 | 
| -0.376862 | 0.9259 | 0.0261474 | 
| 0.132982 | 0.0261474 | 0.990773 | 
===========================QR SECTION==========================
Vector x at 1 iter: 

Vector contents:
| 24977.8 |
| -20298.8 |
Alpha 32185.9 at 1 iter: 

Vector u at 1 iter: 

Vector contents:
| 57163.6 |
| -20298.8 |
Vector v at 1 iter: 

Vector contents:
| 0.94235 |
| -0.334629 |
Q_tmp at 1 iter: 

[[cMatrix]]
| -0.776047 | 0.630674 | 
| 0.630674 | 0.776047 | 
Q_heap(1)

[[cMatrix]]
| 1 | 0 | 0 | 
| 0 | -0.776047 | 0.630674 | 
| 0 | 0.630674 | 0.776047 | 
===========================QR SECTION==========================
Vector x at 0 iter: 

Vector contents:
| 37706.2 |
| 18204.9 |
| 3614.45 |
Alpha 42026.6 at 0 iter: 

Vector u at 0 iter: 

Vector contents:
| 79732.8 |
| 18204.9 |
| 3614.45 |
Vector v at 0 iter: 

Vector contents:
| 0.97396 |
| 0.222378 |
| 0.0441515 |
Q_tmp at 0 iter: 

[[cMatrix]]
| -0.897197 | -0.433175 | -0.0860037 | 
| -0.433175 | 0.901096 | -0.0196367 | 
| -0.0860037 | -0.0196367 | 0.996101 | 
Q_heap(0)

[[cMatrix]]
| -0.897197 | -0.433175 | -0.0860037 | 
| -0.433175 | 0.901096 | -0.0196367 | 
| -0.0860037 | -0.0196367 | 0.996101 | 
===========================QR SECTION==========================
Vector x at 1 iter: 

Vector contents:
| 37040.4 |
| 13816.2 |
Alpha 39533.2 at 1 iter: 

Vector u at 1 iter: 

Vector contents:
| 76573.6 |
| 13816.2 |
Vector v at 1 iter: 

Vector contents:
| 0.984109 |
| 0.177563 |
Q_tmp at 1 iter: 

[[cMatrix]]
| -0.936943 | -0.349482 | 
| -0.349482 | 0.936943 | 
Q_heap(1)

[[cMatrix]]
| 1 | 0 | 0 | 
| 0 | -0.936943 | -0.349482 | 
| 0 | -0.349482 | 0.936943 | 
===========================QR SECTION==========================
Vector x at 0 iter: 

Vector contents:
| 55865 |
| 18778.1 |
| -1276.97 |
Alpha 58950.4 at 0 iter: 

Vector u at 0 iter: 

Vector contents:
| 114815 |
| 18778.1 |
| -1276.97 |
Vector v at 0 iter: 

Vector contents:
| 0.986829 |
| 0.161396 |
| -0.0109754 |
Q_tmp at 0 iter: 

[[cMatrix]]
| -0.947662 | -0.31854 | 0.0216618 | 
| -0.31854 | 0.947903 | 0.00354279 | 
| 0.0216618 | 0.00354279 | 0.999759 | 
Q_heap(0)

[[cMatrix]]
| -0.947662 | -0.31854 | 0.0216618 | 
| -0.31854 | 0.947903 | 0.00354279 | 
| 0.0216618 | 0.00354279 | 0.999759 | 
===========================QR SECTION==========================
Vector x at 1 iter: 

Vector contents:
| 31390 |
| -4347.96 |
Alpha 31689.7 at 1 iter: 

Vector u at 1 iter: 

Vector contents:
| 63079.8 |
| -4347.96 |
Vector v at 1 iter: 

Vector contents:
| 0.997633 |
| -0.0687648 |
Q_tmp at 1 iter: 

[[cMatrix]]
| -0.990543 | 0.137204 | 
| 0.137204 | 0.990543 | 
Q_heap(1)

[[cMatrix]]
| 1 | 0 | 0 | 
| 0 | -0.990543 | 0.137204 | 
| 0 | 0.137204 | 0.990543 | 
===========================QR SECTION==========================
Vector x at 0 iter: 

Vector contents:
| 65636.1 |
| 10225.6 |
| 286.048 |
Alpha 66428.5 at 0 iter: 

Vector u at 0 iter: 

Vector contents:
| 132065 |
| 10225.6 |
| 286.048 |
Vector v at 0 iter: 

Vector contents:
| 0.997013 |
| 0.0771974 |
| 0.0021595 |
Q_tmp at 0 iter: 

[[cMatrix]]
| -0.988072 | -0.153934 | -0.0043061 | 
| -0.153934 | 0.988081 | -0.000333416 | 
| -0.0043061 | -0.000333416 | 0.999991 | 
Q_heap(0)

[[cMatrix]]
| -0.988072 | -0.153934 | -0.0043061 | 
| -0.153934 | 0.988081 | -0.000333416 | 
| -0.0043061 | -0.000333416 | 0.999991 | 
===========================QR SECTION==========================
Vector x at 1 iter: 

Vector contents:
| 28609.7 |
| 1710.8 |
Alpha 28660.8 at 1 iter: 

Vector u at 1 iter: 

Vector contents:
| 57270.4 |
| 1710.8 |
Vector v at 1 iter: 

Vector contents:
| 0.999554 |
| 0.0298589 |
Q_tmp at 1 iter: 

[[cMatrix]]
| -0.998217 | -0.0596912 | 
| -0.0596912 | 0.998217 | 
Q_heap(1)

[[cMatrix]]
| 1 | 0 | 0 | 
| 0 | -0.998217 | -0.0596912 | 
| 0 | -0.0596912 | 0.998217 | 
===========================QR SECTION==========================
Vector x at 0 iter: 

Vector contents:
| 67919.1 |
| 4422.51 |
| -55.7946 |
Alpha 68062.9 at 0 iter: 

Vector u at 0 iter: 

Vector contents:
| 135982 |
| 4422.51 |
| -55.7946 |
Vector v at 0 iter: 

Vector contents:
| 0.999471 |
| 0.0325056 |
| -0.000410092 |
Q_tmp at 0 iter: 

[[cMatrix]]
| -0.997886 | -0.0649768 | 0.000819751 | 
| -0.0649768 | 0.997887 | 2.66606e-05 | 
| 0.000819751 | 2.66606e-05 | 1 | 
Q_heap(0)

[[cMatrix]]
| -0.997886 | -0.0649768 | 0.000819751 | 
| -0.0649768 | 0.997887 | 2.66606e-05 | 
| 0.000819751 | 2.66606e-05 | 1 | 
===========================QR SECTION==========================
Vector x at 1 iter: 

Vector contents:
| 28067.5 |
| -764.722 |
Alpha 28077.9 at 1 iter: 

Vector u at 1 iter: 

Vector contents:
| 56145.4 |
| -764.722 |
Vector v at 1 iter: 

Vector contents:
| 0.999907 |
| -0.0136191 |
Q_tmp at 1 iter: 

[[cMatrix]]
| -0.999629 | 0.0272357 | 
| 0.0272357 | 0.999629 | 
Q_heap(1)

[[cMatrix]]
| 1 | 0 | 0 | 
| 0 | -0.999629 | 0.0272357 | 
| 0 | 0.0272357 | 0.999629 | 
===========================QR SECTION==========================
Vector x at 0 iter: 

Vector contents:
| 68325.9 |
| 1825.33 |
| 10.5817 |
Alpha 68350.3 at 0 iter: 

Vector u at 0 iter: 

Vector contents:
| 136676 |
| 1825.33 |
| 10.5817 |
Vector v at 0 iter: 

Vector contents:
| 0.999911 |
| 0.0133539 |
| 7.74149e-05 |
Q_tmp at 0 iter: 

[[cMatrix]]
| -0.999643 | -0.0267055 | -0.000154816 | 
| -0.0267055 | 0.999643 | -2.06759e-06 | 
| -0.000154816 | -2.06759e-06 | 1 | 
Q_heap(0)

[[cMatrix]]
| -0.999643 | -0.0267055 | -0.000154816 | 
| -0.0267055 | 0.999643 | -2.06759e-06 | 
| -0.000154816 | -2.06759e-06 | 1 | 
===========================QR SECTION==========================
Vector x at 1 iter: 

Vector contents:
| 27979.8 |
| 350.887 |
Alpha 27982 at 1 iter: 

Vector u at 1 iter: 

Vector contents:
| 55961.7 |
| 350.887 |
Vector v at 1 iter: 

Vector contents:
| 0.99998 |
| 0.00627 |
Q_tmp at 1 iter: 

[[cMatrix]]
| -0.999921 | -0.0125398 | 
| -0.0125398 | 0.999921 | 
Q_heap(1)

[[cMatrix]]
| 1 | 0 | 0 | 
| 0 | -0.999921 | -0.0125398 | 
| 0 | -0.0125398 | 0.999921 | 
===========================QR SECTION==========================
Vector x at 0 iter: 

Vector contents:
| 68394.7 |
| 747.35 |
| -1.99686 |
Alpha 68398.7 at 0 iter: 

Vector u at 0 iter: 

Vector contents:
| 136793 |
| 747.35 |
| -1.99686 |
Vector v at 0 iter: 

Vector contents:
| 0.999985 |
| 0.00546327 |
| -1.45974e-05 |
Q_tmp at 0 iter: 

[[cMatrix]]
| -0.99994 | -0.0109264 | 2.91944e-05 | 
| -0.0109264 | 0.99994 | 1.59499e-07 | 
| 2.91944e-05 | 1.59499e-07 | 1 | 
Q_heap(0)

[[cMatrix]]
| -0.99994 | -0.0109264 | 2.91944e-05 | 
| -0.0109264 | 0.99994 | 1.59499e-07 | 
| 2.91944e-05 | 1.59499e-07 | 1 | 
===========================QR SECTION==========================
Vector x at 1 iter: 

Vector contents:
| 27966.4 |
| -161.688 |
Alpha 27966.8 at 1 iter: 

Vector u at 1 iter: 

Vector contents:
| 55933.2 |
| -161.688 |
Vector v at 1 iter: 

Vector contents:
| 0.999996 |
| -0.00289073 |
Q_tmp at 1 iter: 

[[cMatrix]]
| -0.999983 | 0.00578143 | 
| 0.00578143 | 0.999983 | 
Q_heap(1)

[[cMatrix]]
| 1 | 0 | 0 | 
| 0 | -0.999983 | 0.00578143 | 
| 0 | 0.00578143 | 0.999983 | 
===========================QR SECTION==========================
Vector x at 0 iter: 

Vector contents:
| 68406.2 |
| 305.583 |
| 0.376494 |
Alpha 68406.9 at 0 iter: 

Vector u at 0 iter: 

Vector contents:
| 136813 |
| 305.583 |
| 0.376494 |
Vector v at 0 iter: 

Vector contents:
| 0.999998 |
| 0.00223358 |
| 2.75188e-06 |
Q_tmp at 0 iter: 

[[cMatrix]]
| -0.99999 | -0.00446714 | -5.50375e-06 | 
| -0.00446714 | 0.99999 | -1.22931e-08 | 
| -5.50375e-06 | -1.22931e-08 | 1 | 
Q_heap(0)

[[cMatrix]]
| -0.99999 | -0.00446714 | -5.50375e-06 | 
| -0.00446714 | 0.99999 | -1.22931e-08 | 
| -5.50375e-06 | -1.22931e-08 | 1 | 
===========================QR SECTION==========================
Vector x at 1 iter: 

Vector contents:
| 27964.4 |
| 74.5539 |
Alpha 27964.5 at 1 iter: 

Vector u at 1 iter: 

Vector contents:
| 55928.9 |
| 74.5539 |
Vector v at 1 iter: 

Vector contents:
| 0.999999 |
| 0.00133301 |
Q_tmp at 1 iter: 

[[cMatrix]]
| -0.999996 | -0.00266602 | 
| -0.00266602 | 0.999996 | 
Q_heap(1)

[[cMatrix]]
| 1 | 0 | 0 | 
| 0 | -0.999996 | -0.00266602 | 
| 0 | -0.00266602 | 0.999996 | 
===========================QR SECTION==========================
Vector x at 0 iter: 

Vector contents:
| 68408.1 |
| 124.922 |
| -0.0709744 |
Alpha 68408.2 at 0 iter: 

Vector u at 0 iter: 

Vector contents:
| 136816 |
| 124.922 |
| -0.0709744 |
Vector v at 0 iter: 

Vector contents:
| 1 |
| 0.000913063 |
| -5.18757e-07 |
Q_tmp at 0 iter: 

[[cMatrix]]
| -0.999998 | -0.00182613 | 1.03751e-06 | 
| -0.00182613 | 0.999998 | 9.47315e-10 | 
| 1.03751e-06 | 9.47315e-10 | 1 | 
Q_heap(0)

[[cMatrix]]
| -0.999998 | -0.00182613 | 1.03751e-06 | 
| -0.00182613 | 0.999998 | 9.47315e-10 | 
| 1.03751e-06 | 9.47315e-10 | 1 | 
===========================QR SECTION==========================
Vector x at 1 iter: 

Vector contents:
| 27964.2 |
| -34.3797 |
Alpha 27964.2 at 1 iter: 

Vector u at 1 iter: 

Vector contents:
| 55928.3 |
| -34.3797 |
Vector v at 1 iter: 

Vector contents:
| 1 |
| -0.00061471 |
Q_tmp at 1 iter: 

[[cMatrix]]
| -0.999999 | 0.00122942 | 
| 0.00122942 | 0.999999 | 
Q_heap(1)

[[cMatrix]]
| 1 | 0 | 0 | 
| 0 | -0.999999 | 0.00122942 | 
| 0 | 0.00122942 | 0.999999 | 
===========================QR SECTION==========================
Vector x at 0 iter: 

Vector contents:
| 68408.4 |
| 51.0661 |
| 0.0133793 |
Alpha 68408.4 at 0 iter: 

Vector u at 0 iter: 

Vector contents:
| 136817 |
| 51.0661 |
| 0.0133793 |
Vector v at 0 iter: 

Vector contents:
| 1 |
| 0.000373245 |
| 9.77898e-08 |
Q_tmp at 0 iter: 

[[cMatrix]]
| -1 | -0.000746489 | -1.9558e-07 | 
| -0.000746489 | 1 | -7.29991e-11 | 
| -1.9558e-07 | -7.29991e-11 | 1 | 
Q_heap(0)

[[cMatrix]]
| -1 | -0.000746489 | -1.9558e-07 | 
| -0.000746489 | 1 | -7.29991e-11 | 
| -1.9558e-07 | -7.29991e-11 | 1 | 
===========================QR SECTION==========================
Vector x at 1 iter: 

Vector contents:
| 27964.1 |
| 15.854 |
Alpha 27964.1 at 1 iter: 

Vector u at 1 iter: 

Vector contents:
| 55928.2 |
| 15.854 |
Vector v at 1 iter: 

Vector contents:
| 1 |
| 0.000283471 |
Q_tmp at 1 iter: 

[[cMatrix]]
| -1 | -0.000566941 | 
| -0.000566941 | 1 | 
Q_heap(1)

[[cMatrix]]
| 1 | 0 | 0 | 
| 0 | -1 | -0.000566941 | 
| 0 | -0.000566941 | 1 | 
===========================QR SECTION==========================
Vector x at 0 iter: 

Vector contents:
| 68408.5 |
| 20.8749 |
| -0.0025221 |
Alpha 68408.5 at 0 iter: 

Vector u at 0 iter: 

Vector contents:
| 136817 |
| 20.8749 |
| -0.0025221 |
Vector v at 0 iter: 

Vector contents:
| 1 |
| 0.000152576 |
| -1.84341e-08 |
Q_tmp at 0 iter: 

[[cMatrix]]
| -1 | -0.000305151 | 3.68683e-08 | 
| -0.000305151 | 1 | 5.6252e-12 | 
| 3.68683e-08 | 5.6252e-12 | 1 | 
Q_heap(0)

[[cMatrix]]
| -1 | -0.000305151 | 3.68683e-08 | 
| -0.000305151 | 1 | 5.6252e-12 | 
| 3.68683e-08 | 5.6252e-12 | 1 | 
===========================QR SECTION==========================
Vector x at 1 iter: 

Vector contents:
| 27964.1 |
| -7.311 |
Alpha 27964.1 at 1 iter: 

Vector u at 1 iter: 

Vector contents:
| 55928.2 |
| -7.311 |
Vector v at 1 iter: 

Vector contents:
| 1 |
| -0.000130721 |
Q_tmp at 1 iter: 

[[cMatrix]]
| -1 | 0.000261442 | 
| 0.000261442 | 1 | 
Q_heap(1)

[[cMatrix]]
| 1 | 0 | 0 | 
| 0 | -1 | 0.000261442 | 
| 0 | 0.000261442 | 1 | 
===========================QR SECTION==========================
Vector x at 0 iter: 

Vector contents:
| 68408.5 |
| 8.53328 |
| 0.000475436 |
Alpha 68408.5 at 0 iter: 

Vector u at 0 iter: 

Vector contents:
| 136817 |
| 8.53328 |
| 0.000475436 |
Vector v at 0 iter: 

Vector contents:
| 1 |
| 6.23701e-05 |
| 3.47498e-09 |
Q_tmp at 0 iter: 

[[cMatrix]]
| -1 | -0.00012474 | -6.94996e-09 | 
| -0.00012474 | 1 | -4.33469e-13 | 
| -6.94996e-09 | -4.33469e-13 | 1 | 
Q_heap(0)

[[cMatrix]]
| -1 | -0.00012474 | -6.94996e-09 | 
| -0.00012474 | 1 | -4.33469e-13 | 
| -6.94996e-09 | -4.33469e-13 | 1 | 
===========================QR SECTION==========================
Vector x at 1 iter: 

Vector contents:
| 27964.1 |
| 3.37144 |
Alpha 27964.1 at 1 iter: 

Vector u at 1 iter: 

Vector contents:
| 55928.2 |
| 3.37144 |
Vector v at 1 iter: 

Vector contents:
| 1 |
| 6.02814e-05 |
Q_tmp at 1 iter: 

[[cMatrix]]
| -1 | -0.000120563 | 
| -0.000120563 | 1 | 
Q_heap(1)

[[cMatrix]]
| 1 | 0 | 0 | 
| 0 | -1 | -0.000120563 | 
| 0 | -0.000120563 | 1 | 
===========================QR SECTION==========================
Vector x at 0 iter: 

Vector contents:
| 68408.5 |
| 3.48825 |
| -8.96233e-05 |
Alpha 68408.5 at 0 iter: 

Vector u at 0 iter: 

Vector contents:
| 136817 |
| 3.48825 |
| -8.96233e-05 |
Vector v at 0 iter: 

Vector contents:
| 1 |
| 2.54957e-05 |
| -6.5506e-10 |
Q_tmp at 0 iter: 

[[cMatrix]]
| -1 | -5.09915e-05 | 1.31012e-09 | 
| -5.09915e-05 | 1 | 3.34025e-14 | 
| 1.31012e-09 | 3.34025e-14 | 1 | 
Q_heap(0)

[[cMatrix]]
| -1 | -5.09915e-05 | 1.31012e-09 | 
| -5.09915e-05 | 1 | 3.34025e-14 | 
| 1.31012e-09 | 3.34025e-14 | 1 | 
===========================QR SECTION==========================
Vector x at 1 iter: 

Vector contents:
| 27964.1 |
| -1.55472 |
Alpha 27964.1 at 1 iter: 

Vector u at 1 iter: 

Vector contents:
| 55928.2 |
| -1.55472 |
Vector v at 1 iter: 

Vector contents:
| 1 |
| -2.77985e-05 |
Q_tmp at 1 iter: 

[[cMatrix]]
| -1 | 5.5597e-05 | 
| 5.5597e-05 | 1 | 
Q_heap(1)

[[cMatrix]]
| 1 | 0 | 0 | 
| 0 | -1 | 5.5597e-05 | 
| 0 | 5.5597e-05 | 1 | 
===========================EIGEN SECTION==========================
Eigenvalue matrix after 12 iterations of the QR algorithm
[[cMatrix]]
| 68408.5 | 3.48825 | -8.96233e-05 | 
| 3.48825 | 27964.1 | -1.55472 | 
| -8.96233e-05 | -1.55472 | 12895.5 | 
Eigenvector matrix Q_0:
[[cMatrix]]
| -0.916674 | 0.376332 | -0.134477 | 
| -0.376862 | -0.702052 | 0.604233 | 
| 0.132982 | 0.604564 | 0.785378 | 
Eigenvector matrix after multiplying by Q_1:
[[cMatrix]]
| 0.670985 | -0.670399 | -0.316772 | 
| 0.590265 | 0.224398 | 0.775392 | 
| -0.448739 | -0.707256 | 0.546281 | 
Eigenvector matrix Q_1
[[cMatrix]]
| -0.897197 | 0.435917 | 0.0708065 | 
| -0.433175 | -0.837413 | -0.333315 | 
| -0.0860037 | -0.329721 | 0.940153 | 
Number of iterations: 12
Eigenvector matrix after multiplying by Q_2:
[[cMatrix]]
| -0.429179 | 0.800506 | -0.418325 | 
| -0.614055 | 0.0810529 | 0.78509 | 
| 0.662376 | 0.593819 | 0.456768 | 
Eigenvector matrix Q_2
[[cMatrix]]
| -0.947662 | 0.3185 | -0.0222481 | 
| -0.31854 | -0.938452 | 0.133565 | 
| 0.0216618 | 0.133662 | 0.99079 | 
Number of iterations: 12
Eigenvector matrix after multiplying by Q_3:
[[cMatrix]]
| 0.302636 | -0.830765 | -0.467162 | 
| 0.590873 | -0.221057 | 0.775889 | 
| -0.74785 | -0.510846 | 0.423977 | 
Eigenvector matrix Q_3
[[cMatrix]]
| -0.988072 | 0.153916 | 0.00489007 | 
| -0.153934 | -0.986299 | -0.0593126 | 
| -0.0043061 | -0.0593578 | 0.998227 | 
Number of iterations: 12
Eigenvector matrix after multiplying by Q_4:
[[cMatrix]]
| -0.248399 | 0.835654 | -0.489878 | 
| -0.574625 | 0.280011 | 0.769026 | 
| 0.779811 | 0.472521 | 0.410633 | 
Eigenvector matrix Q_4
[[cMatrix]]
| -0.997886 | 0.064975 | -0.000950244 | 
| -0.0649768 | -0.997516 | 0.0272048 | 
| 0.000819751 | 0.0272091 | 0.999629 | 
Number of iterations: 12
Eigenvector matrix after multiplying by Q_5:
[[cMatrix]]
| 0.22607 | -0.835782 | -0.500361 | 
| 0.566823 | -0.304876 | 0.765351 | 
| -0.792215 | -0.456639 | 0.404817 | 
Eigenvector matrix Q_5
[[cMatrix]]
| -0.999643 | 0.0267053 | 0.000180076 | 
| -0.0267055 | -0.999565 | -0.0125374 | 
| -0.000154816 | -0.0125377 | 0.999921 | 
Number of iterations: 12
Eigenvector matrix after multiplying by Q_6:
[[cMatrix]]
| -0.216939 | 0.835296 | -0.505192 | 
| -0.563435 | 0.315471 | 0.763557 | 
| 0.797169 | 0.450288 | 0.402197 | 
Eigenvector matrix Q_6
[[cMatrix]]
| -0.99994 | 0.0109264 | -3.39761e-05 | 
| -0.0109264 | -0.999924 | 0.00578124 | 
| 2.91944e-05 | 0.00578127 | 0.999983 | 
Number of iterations: 12
Eigenvector matrix after multiplying by Q_7:
[[cMatrix]]
| 0.213208 | -0.834906 | -0.507418 | 
| 0.562016 | -0.320019 | 0.762709 | 
| -0.799175 | -0.447793 | 0.401 | 
Eigenvector matrix Q_7
[[cMatrix]]
| -0.99999 | 0.00446714 | 6.40574e-06 | 
| -0.00446714 | -0.999986 | -0.002666 | 
| -5.50375e-06 | -0.002666 | 0.999996 | 
Number of iterations: 12
Eigenvector matrix after multiplying by Q_8:
[[cMatrix]]
| -0.211684 | 0.83467 | -0.508445 | 
| -0.56143 | 0.321983 | 0.762315 | 
| 0.799991 | 0.446826 | 0.40045 | 
Eigenvector matrix Q_8
[[cMatrix]]
| -0.999998 | 0.00182613 | -1.20756e-06 | 
| -0.00182613 | -0.999998 | 0.00122942 | 
| 1.03751e-06 | 0.00122942 | 0.999999 | 
Number of iterations: 12
Eigenvector matrix after multiplying by Q_9:
[[cMatrix]]
| 0.211061 | -0.834539 | -0.508918 | 
| 0.561189 | -0.322834 | 0.762132 | 
| -0.800325 | -0.446455 | 0.400197 | 
Eigenvector matrix Q_9
[[cMatrix]]
| -1 | 0.000746489 | 2.27636e-07 | 
| -0.000746489 | -1 | -0.000566941 | 
| -1.9558e-07 | -0.000566941 | 1 | 
Number of iterations: 12
Eigenvector matrix after multiplying by Q_10:
[[cMatrix]]
| -0.210806 | 0.834471 | -0.509136 | 
| -0.561091 | 0.323204 | 0.762047 | 
| 0.800461 | 0.446316 | 0.40008 | 
Eigenvector matrix Q_10
[[cMatrix]]
| -1 | 0.000305151 | -4.29111e-08 | 
| -0.000305151 | -1 | 0.000261442 | 
| 3.68683e-08 | 0.000261442 | 1 | 
Number of iterations: 12
Eigenvector matrix after multiplying by Q_11:
[[cMatrix]]
| 0.210702 | -0.834436 | -0.509237 | 
| 0.561051 | -0.323366 | 0.762008 | 
| -0.800517 | -0.446264 | 0.400027 | 
Eigenvector matrix Q_11
[[cMatrix]]
| -1 | 0.00012474 | 8.08908e-09 | 
| -0.00012474 | -1 | -0.000120563 | 
| -6.94996e-09 | -0.000120563 | 1 | 
Number of iterations: 12
Eigenvector matrix after multiplying by Q_12:
[[cMatrix]]
| -0.210659 | 0.834418 | -0.509283 | 
| -0.561034 | 0.323437 | 0.76199 | 
| 0.800539 | 0.446246 | 0.400002 | 
Eigenvector matrix Q_12
[[cMatrix]]
| -1 | 5.09915e-05 | -1.52485e-09 | 
| -5.09915e-05 | -1 | 5.5597e-05 | 
| 1.31012e-09 | 5.5597e-05 | 1 | 
Number of iterations: 12
===========================SVD SECTION==========================
A*A' = 
[[cMatrix]]
| 25849.5 | 10627.2 | -3750 | 
| 10627.2 | 31944.9 | -22757.3 | 
| -3750 | -22757.3 | 51473.7 | 

Eigenvectors of A*A' (U) = 

[[cMatrix]]
| -0.210659 | 0.834418 | -0.509283 | 
| -0.561034 | 0.323437 | 0.76199 | 
| 0.800539 | 0.446246 | 0.400002 | 

Singular values of A'*A (S) = 

[[cMatrix]]
| 261.55 | 0 | 0 | 
| 0 | 167.225 | 0 | 
| 0 | 0 | 113.558 | 

Eigenvectors of A'*A (V) = 

[[cMatrix]]
| -0.764275 | 0.518742 | 0.383118 | 
| -0.31551 | -0.8189 | 0.47942 | 
| 0.562439 | 0.245579 | 0.789542 | 


Q_U = 
[[cMatrix]]
| -1 | 5.09915e-05 | -1.52485e-09 | 
| -5.09915e-05 | -1 | 5.5597e-05 | 
| 1.31012e-09 | 5.5597e-05 | 1 | 
Q_U iter = 12
Q_V = 
[[cMatrix]]
| 0 | 0 | 0 | 0 | 
| 0 | 0 | 0 | 0 | 
| 0 | 0 | 0 | 0 | 
| 0 | 0 | 0 | 0 | 
Q_V iter = 2685004



Original matrix A = U*S*V' = 
[[cMatrix]]
| 92.3359 | -124.608 | -42.3842 | 
| 173.357 | 43.4903 | -0.929431 | 
| -103.912 | -105.394 | 171.954 | 
===========================KABSCH SECTION==========================

Centroid of A = 
Vector contents:
| 4.44444 |
| 4.38889 |
| 4.72222 |

Centroid of B = 
Vector contents:
| -3.4974 |
| 6.8926 |
| 1.255 |

A - centroidA =
[[cMatrix]]
| 4.55556 | -4.44444 | 4.55556 | 1.55556 | -3.44444 | 4.55556 | -4.44444 | -3.44444 | 2.55556 | 2.55556 | -4.44444 | 3.55556 | -0.444444 | -3.44444 | 2.55556 | 0.555556 | -4.44444 | 1.55556 | 
| -4.38889 | -1.38889 | 1.61111 | 4.61111 | -4.38889 | 3.61111 | 0.611111 | 4.61111 | -0.388889 | -2.38889 | 0.611111 | -4.38889 | 2.61111 | 0.611111 | 3.61111 | -0.388889 | -4.38889 | -0.388889 | 
| -4.72222 | -4.72222 | -3.72222 | 0.277778 | 3.27778 | -3.72222 | 3.27778 | -3.72222 | -2.72222 | 2.27778 | 3.27778 | 2.27778 | 2.27778 | 0.277778 | -0.722222 | 1.27778 | 1.27778 | 4.27778 | 

B - centroidB =
[[cMatrix]]
| 7.08614 | 0.91436 | 1.60438 | -3.43764 | 1.37068 | -0.11764 | -3.33314 | -4.16865 | 2.21323 | 2.35683 | -3.33314 | 4.47761 | -3.14448 | -1.98733 | -1.86219 | 0.15299 | 1.6033 | -0.39531 | 
| 1.10385 | -6.06019 | 3.13417 | 2.76308 | -3.08014 | 3.68911 | -2.58128 | -3.14137 | 1.16774 | 2.44027 | -2.58128 | 2.77383 | 1.16214 | -2.78928 | 3.00861 | 0.852726 | -4.69963 | 2.83771 | 
| -3.29893 | -2.53367 | -4.98063 | -2.07541 | 5.52307 | -5.83308 | 3.61905 | -4.44248 | -2.79833 | 2.43235 | 3.61905 | 3.0577 | 0.982543 | 0.765013 | -2.75193 | 1.15846 | 3.99888 | 3.5583 | 

H = 
[[cMatrix]]
| 92.3359 | -124.608 | -42.3842 | 
| 173.357 | 43.4903 | -0.929431 | 
| -103.912 | -105.394 | 171.954 | 

Det of R = 1

Rotation matrix = 
[[cMatrix]]
| 0.398734 | 0.888497 | -0.227098 | 
| -0.861 | 0.277463 | -0.42624 | 
| -0.315668 | 0.365506 | 0.875661 | 

R * B = 
[[cMatrix]]
| 8.99995 | 3.01618e-05 | 9.00002 | 6.00012 | 1.00008 | 9.00005 | 0.000138534 | 1.00011 | 7.00003 | 7.00005 | 0.000138534 | 8.00003 | 4.00013 | 1.0001 | 7.00009 | 5.00008 | 6.03924e-05 | 6.0001 | 
| 1.56996e-05 | 2.99998 | 5.99996 | 8.99985 | -0.000161413 | 7.99994 | 4.99981 | 8.99993 | 3.99994 | 1.99986 | 4.99981 | -0.000131123 | 6.99982 | 4.99986 | 7.99988 | 3.99987 | -0.000124959 | 3.9998 | 
| 0.000107636 | -4.88051e-05 | 1.00002 | 4.99997 | 8.00011 | 0.999979 | 8.00001 | 0.999868 | 2.00004 | 7.00013 | 8.00001 | 7.00018 | 7.00001 | 4.99998 | 4 | 6.00006 | 6.00007 | 9.00011 | 

Translation matrix = 
Vector contents:
| -7.25979e-05 |
| 0.000115944 |
| -3.33197e-05 |

Result of the algorithm: 

R * B + t = A
[[cMatrix]]
| 8.99987 | -4.24361e-05 | 8.99995 | 6.00004 | 1.00001 | 8.99998 | 6.59357e-05 | 1.00004 | 6.99996 | 6.99998 | 6.59357e-05 | 7.99996 | 4.00005 | 1.00003 | 7.00002 | 5.00001 | -1.22055e-05 | 6.00003 | 
| 0.000131643 | 3.0001 | 6.00007 | 8.99997 | -4.54693e-05 | 8.00006 | 4.99993 | 9.00004 | 4.00006 | 1.99998 | 4.99993 | -1.51796e-05 | 6.99994 | 4.99998 | 7.99999 | 3.99998 | -9.01547e-06 | 3.99992 | 
| 7.43162e-05 | -8.21248e-05 | 0.999983 | 4.99994 | 8.00007 | 0.999946 | 7.99998 | 0.999835 | 2 | 7.0001 | 7.99998 | 7.00015 | 6.99998 | 4.99995 | 3.99996 | 6.00003 | 6.00004 | 9.00008 | 

Original matrix A = 
[[cMatrix]]
| 9 | 0 | 9 | 6 | 1 | 9 | 0 | 1 | 7 | 7 | 0 | 8 | 4 | 1 | 7 | 5 | 0 | 6 | 
| 0 | 3 | 6 | 9 | 0 | 8 | 5 | 9 | 4 | 2 | 5 | 0 | 7 | 5 | 8 | 4 | 0 | 4 | 
| 0 | 0 | 1 | 5 | 8 | 1 | 8 | 1 | 2 | 7 | 8 | 7 | 7 | 5 | 4 | 6 | 6 | 9 | 

Transformed matrix B = 
[[cMatrix]]
| 3.58874 | -2.58304 | -1.89302 | -6.93504 | -2.12672 | -3.61504 | -6.83054 | -7.66605 | -1.28417 | -1.14057 | -6.83054 | 0.98021 | -6.64188 | -5.48473 | -5.35959 | -3.34441 | -1.8941 | -3.89271 | 
| 7.99645 | 0.83241 | 10.0268 | 9.65568 | 3.81246 | 10.5817 | 4.31132 | 3.75123 | 8.06034 | 9.33287 | 4.31132 | 9.66643 | 8.05474 | 4.10332 | 9.90121 | 7.74533 | 2.19297 | 9.73031 | 
| -2.04393 | -1.27867 | -3.72563 | -0.82041 | 6.77807 | -4.57808 | 4.87405 | -3.18748 | -1.54333 | 3.68735 | 4.87405 | 4.3127 | 2.23754 | 2.02001 | -1.49693 | 2.41346 | 5.25388 | 4.8133 | 
